//Date Created 2022-12-09 13:16:39.173674
"//Units: sec, m/s/s"
Action,walking
SampleRate,100.0
Frames#,Time,AccX,AccY,AccZ
1,5.0067901611328125e-06,5.161936,4.0664,4.506528
2,0.006842613220214844,5.152368,4.606992,3.841552
3,0.016034603118896484,5.216952,5.616416,3.370328
4,0.02614140510559082,5.54944,7.013344,3.052192
5,0.036791086196899414,5.893888,8.149544,3.274648
6,0.046007394790649414,6.491888,8.702096,3.131128
7,0.0561060905456543,6.951152,8.723624,3.36076
8,0.06697297096252441,7.262112,8.709272,3.549728
9,0.07616639137268066,7.561112,8.871928,3.308136
10,0.08610200881958008,7.305168,9.838296,2.674256
11,0.09687566757202148,6.66172,11.735152,2.169544
12,0.10622048377990723,5.826912,13.95732,1.982968
13,0.11625885963439941,5.35808,14.801696,2.274792
14,0.12700414657592773,5.652296,14.086488,2.832128
15,0.1363060474395752,6.750224,13.32344,3.190928
16,0.14632129669189453,7.733336,13.038792,3.183752
17,0.1568737030029297,7.728552,12.852216,3.123952
18,0.16629409790039062,7.125768,12.383384,3.296176
19,0.1762864589691162,6.377072,12.192024,3.532984
20,0.1870722770690918,5.676216,12.242256,3.688464
21,0.19623780250549316,5.171504,12.33076,4.10228
22,0.20626449584960938,4.860544,12.230296,4.43716
23,0.217026948928833,4.803136,11.869104,4.788784
24,0.22633838653564453,4.958616,11.333296,4.812704
25,0.23614883422851562,4.968184,10.725728,4.767256
26,0.24698901176452637,4.91556,9.941152,4.865328
27,0.2563929557800293,4.62852,9.324016,4.98732
28,0.26613688468933105,4.142944,8.572928,4.901208
29,0.27701258659362793,3.822416,7.766824,4.882072
30,0.28624463081359863,3.595176,6.886568,4.77204
31,0.29615235328674316,3.573648,6.092424,4.6644
32,0.3069465160369873,3.578432,5.396352,4.429984
33,0.31632328033447266,3.394248,4.882072,3.920488
34,0.32631969451904297,3.023488,4.477824,3.523416
35,0.33684659004211426,2.444624,4.358224,3.293784
36,0.34626007080078125,1.796392,4.429984,3.147872
37,0.3561882972717285,1.17208,4.714632,3.102424
38,0.3670320510864258,0.49036,5.099744,3.095248
39,0.37616705894470215,0.105248,5.420272,2.90628
40,0.38602280616760254,-0.409032,5.568576,2.872792
41,0.3967273235321045,-0.791752,5.580536,2.78668
42,0.406935453414917,-1.018992,5.743192,2.72688
43,0.41617584228515625,-0.803712,3.963544,0.82524
44,0.4268655776977539,-2.52356,6.56604,4.707456
45,0.436903715133667,-0.265512,7.625696,2.317848
46,0.44635868072509766,0.81328,9.120696,2.999568
47,0.4566621780395508,-1.420848,8.46768,3.339232
48,0.46616363525390625,-3.590392,7.632872,2.387216
49,0.47628021240234375,-4.011384,8.09692,2.61924
50,0.48626232147216797,-2.181504,8.783424,3.315312
51,0.4961988925933838,-0.188968,9.058504,3.961152
52,0.5062229633331299,1.741376,8.871928,4.28168
53,0.5169100761413574,3.083288,8.314592,4.226664
54,0.526296854019165,3.339232,7.716592,4.17404
55,0.5363256931304932,2.729272,7.951008,3.80328
56,0.5468173027038574,1.60264,9.505808,3.71956
57,0.5563352108001709,0.66976,11.452896,3.729128
58,0.5663363933563232,-0.114816,12.302056,4.169256
59,0.576937198638916,-0.392288,11.881064,4.71224
60,0.5862565040588379,-0.566904,11.311768,4.817488
61,0.596275806427002,-0.5382,11.316552,4.575896
62,0.6068887710571289,-0.447304,11.333296,4.717024
63,0.6161978244781494,-0.468832,11.46964,4.654832
64,0.6264076232910156,-0.461656,11.735152,4.52088
65,0.636913537979126,-0.196144,11.866712,4.319952
66,0.6463298797607422,0.172224,12.153752,4.501744
67,0.6562180519104004,0.727168,12.624976,4.386928
68,0.6670618057250977,1.2558,12.885704,4.315168
69,0.6763010025024414,1.437592,12.775672,4.250584
70,0.6863243579864502,1.36344,12.292488,4.147728
71,0.6970319747924805,0.96876,11.699272,4.19796
72,0.7062890529632568,0.78936,10.905128,4.286464
73,0.7162933349609375,0.901784,9.845472,4.394104
74,0.7267813682556152,0.758264,9.2092,4.67636
75,0.7360692024230957,0.96876,8.307416,4.638088
76,0.7459642887115479,0.748696,7.31952,4.805528
77,0.7568764686584473,0.655408,6.522984,5.061472
78,0.7662467956542969,0.423384,6.023056,5.221736
79,0.7762486934661865,-0.13156,5.570968,4.93948
80,0.7869970798492432,-0.456872,4.93948,4.721808
81,0.796323299407959,-0.672152,4.501744,4.286464
82,0.8062648773193359,-0.399464,4.17404,4.052048
83,0.8170223236083984,-0.220064,4.351048,4.10228
84,0.8262465000152588,-0.306176,3.633448,3.293784
85,0.8363420963287354,-0.277472,4.121416,3.427736
86,0.8470337390899658,0.004784,4.836624,3.753048
87,0.8563244342803955,-0.516672,5.929768,3.714776
88,0.8661422729492188,-1.59068,6.616272,3.162224
89,0.8770534992218018,-2.372864,6.862648,2.43984
90,0.8863153457641602,-3.040232,7.18796,2.222168
91,0.8963494300842285,-3.73152,7.769216,2.40396
92,0.9068868160247803,-3.965936,8.75472,2.492464
93,0.9162559509277344,-4.047264,9.857432,2.1528
94,0.9263231754302979,-4.343872,10.479352,1.72224
95,0.936974287033081,-4.642872,10.759216,1.796392
96,0.9462587833404541,-4.784,10.661144,1.71028
97,0.9563236236572266,-4.882072,10.551112,1.6744
98,0.9669325351715088,-4.894032,10.637224,1.57872
99,0.9762008190155029,-4.7242,10.651576,1.794
100,0.9866445064544678,-4.178824,10.565464,2.052336
101,0.9969768524169922,-3.523416,10.522408,2.549872
102,1.0063025951385498,-2.841696,10.634832,2.877576
103,1.0163145065307617,-2.769936,11.17064,2.683824
104,1.0269956588745117,-3.42056,12.208768,2.138448
105,1.0363166332244873,-4.382144,13.153608,1.703104
106,1.0463159084320068,-4.726592,13.620048,1.557192
107,1.0570056438446045,-4.621344,13.220584,1.980576
108,1.0661866664886475,-3.97072,12.304448,2.34416
109,1.0763416290283203,-3.155048,11.63708,2.425488
110,1.0870041847229004,-2.59532,11.811696,2.289144
111,1.09629225730896,-2.537912,12.529296,2.011672
112,1.106316089630127,-2.482896,13.519584,1.980576
113,1.1170029640197754,-2.647944,13.990808,1.581112
114,1.1263489723205566,-2.214992,13.770744,1.143376
115,1.1363494396209717,-2.002104,13.194272,0.44252
116,1.1468307971954346,-1.277328,14.218048,1.600248
117,1.1563467979431152,-0.136344,14.347216,1.468688
118,1.1663548946380615,-0.55016,13.629616,0.834808
119,1.176809310913086,0.313352,13.641576,0.734344
120,1.186025857925415,1.660048,13.349752,0.990288
121,1.1961596012115479,2.16476,12.491024,1.652872
122,1.206866979598999,2.210208,11.268712,1.753336
123,1.2161011695861816,1.951872,10.173176,1.84184
124,1.2261667251586914,1.923168,9.359896,2.054728
125,1.2368240356445312,1.99732,8.4916,2.246088
126,1.246122121810913,1.813136,7.805096,2.552264
127,1.2561414241790771,1.30364,7.063576,2.686216
128,1.2670183181762695,0.66976,6.467968,2.79864
129,1.2763042449951172,-0.10764,5.934552,2.958904
130,1.2862393856048584,-0.784576,5.4418,2.91824
131,1.2969238758087158,-1.430416,5.05908,2.791464
132,1.306349754333496,-1.84184,4.913168,2.772328
133,1.3163542747497559,-2.277184,4.894032,2.549872
134,1.3270037174224854,-2.437448,4.984928,2.317848
135,1.3365745544433594,-2.41592,5.21456,1.987752
136,1.3463354110717773,-2.253264,5.75276,1.724632
137,1.3570239543914795,-2.014064,6.403384,1.609816
138,1.366605520248413,-1.825096,7.065968,1.380184
139,1.3763618469238281,-1.703104,7.616128,1.119456
140,1.3868451118469238,-1.547624,7.948616,0.949624
141,1.3962211608886719,-1.552408,8.034728,0.925704
142,1.4063465595245361,-1.380184,8.326552,0.751088
143,1.4170331954956055,-1.408888,8.821696,0.624312
144,1.426356315612793,-1.353872,9.40056,0.365976
145,1.4363102912902832,-1.396928,10.211448,0.423384
146,1.446828842163086,-0.595608,10.352576,-0.440128
147,1.4562797546386719,-1.80596,11.390704,0.830024
148,1.4663798809051514,-0.57408,12.105912,0.660192
149,1.477003574371338,0.224848,12.146576,1.078792
150,1.4862523078918457,-0.507104,11.86432,1.978184
151,1.4963116645812988,-1.045304,11.232832,1.88968
152,1.5070030689239502,-2.169544,11.017552,1.389752
153,1.5162529945373535,-2.803424,11.467248,0.928096
154,1.5262491703033447,-2.633592,12.541256,1.06444
155,1.5368413925170898,-2.042768,13.684632,1.413672
156,1.546226978302002,-1.63852,13.68224,2.234128
157,1.5563178062438965,-1.294072,12.349896,2.70296
158,1.5668737888336182,-0.98072,10.591776,2.982824
159,1.5763790607452393,-0.57408,9.06568,3.068936
160,1.586357593536377,0.057408,7.680712,3.334448
161,1.5969784259796143,0.679328,6.98464,3.736304
162,1.606238842010498,1.1362,6.862648,3.860688
163,1.6161220073699951,0.78936,7.979712,3.446872
164,1.6262197494506836,-0.255944,10.713768,3.439696
165,1.6361901760101318,-0.990288,13.196664,3.138304
166,1.6463086605072021,-1.413672,12.923976,3.15744
167,1.6565992832183838,-1.389752,12.577136,3.332056
168,1.6662168502807617,-1.002248,13.172744,3.365544
169,1.6760809421539307,-0.076544,12.926368,2.937376
170,1.686995029449463,1.02856,11.462464,2.470936
171,1.6962521076202393,1.796392,10.24972,2.793856
172,1.7061505317687988,2.258048,9.345544,3.155048
173,1.7169041633605957,2.406352,8.508344,3.415776
174,1.7262606620788574,1.98536,7.616128,3.745872
175,1.736152172088623,1.404104,6.812416,4.099888
176,1.7469823360443115,0.844376,6.188104,3.87504
177,1.7565984725952148,0.46644,5.767112,3.889392
178,1.766223669052124,0.224848,5.480072,3.693248
179,1.7769811153411865,0.043056,5.042336,3.066544
180,1.7866034507751465,-0.04784,5.338944,3.083288
181,1.796600103378296,-0.928096,5.401136,2.911064
182,1.8066372871398926,-1.018992,5.085392,2.126488
183,1.81614089012146,-1.212744,6.377072,3.499496
184,1.826263666152954,-1.825096,6.965504,3.281824
185,1.8368375301361084,-2.662296,7.106632,2.38004
186,1.8461406230926514,-3.126344,6.869824,1.813136
187,1.8561747074127197,-2.920632,7.04444,1.774864
188,1.8671619892120361,-2.76276,7.814664,2.281968
189,1.8762049674987793,-2.545088,8.458112,2.4518
190,1.8863401412963867,-2.691,8.769072,2.468544
191,1.8969173431396484,-2.997176,8.434192,2.198248
192,1.906273365020752,-3.164616,8.18064,2.193464
193,1.9161796569824219,-3.602352,7.934264,2.291536
194,1.9270267486572266,-4.0664,8.094528,2.193464
195,1.9366176128387451,-4.571112,8.704488,2.399176
196,1.9462378025054932,-5.128448,9.07764,2.322632
197,1.9568939208984375,-5.331768,9.288136,2.34416
198,1.9662165641784668,-5.193032,9.646936,2.521168
199,1.9762699604034424,-4.953832,9.697168,2.281968
200,1.9869632720947266,-4.788784,9.838296,2.052336
201,1.9961700439453125,-4.750512,10.23776,1.994928
202,2.006324291229248,-4.547192,10.893168,1.755728
203,2.016975164413452,-4.068792,11.802128,1.74616
204,2.026186227798462,-3.303352,13.074672,1.633736
205,2.0363268852233887,-2.60728,14.454856,1.3754
206,2.0468356609344482,-1.9734,14.828008,1.583504
207,2.0562732219696045,-1.212744,14.036256,1.990144
208,2.0662691593170166,-0.423384,12.974208,2.540304
209,2.076972246170044,0.040664,12.05568,2.736448
210,2.086271047592163,0.069368,11.251968,2.868008
211,2.096245050430298,-0.40664,10.897952,2.77472
212,2.1069788932800293,-1.212744,11.201736,2.54748
213,2.11633038520813,-2.193464,12.029368,2.494856
214,2.1263139247894287,-2.844088,12.4384,2.569008
215,2.1370339393615723,-3.095248,12.58192,2.633592
216,2.146092414855957,-2.674256,12.682384,2.640768
217,2.156169891357422,-2.90628,13.555464,3.351192
218,2.1670424938201904,-1.353872,12.452752,1.38736
219,2.1762523651123047,-1.32756,13.244504,2.652728
220,2.186176300048828,-0.662584,12.589096,1.600248
221,2.196791172027588,0.459264,12.357072,1.262976
222,2.2062439918518066,1.887288,12.108304,1.557192
223,2.2163233757019043,2.676648,11.668176,1.954264
224,2.226865291595459,2.746016,10.737688,2.061904
225,2.236309289932251,2.580968,9.608664,2.030808
226,2.246405601501465,2.226952,8.510736,2.112136
227,2.2569684982299805,1.679184,7.64244,2.210208
228,2.266183614730835,1.196,6.994208,2.241304
229,2.2763049602508545,0.763048,6.43448,2.093
230,2.28706693649292,0.303784,6.109168,2.078648
231,2.2962050437927246,-0.057408,5.77668,1.868152
232,2.3063197135925293,-0.32292,5.594888,1.779648
233,2.316801071166992,-0.617136,5.69296,1.667224
234,2.326284170150757,-0.798928,5.724056,1.607424
235,2.336209297180176,-1.090752,5.910632,1.624168
236,2.3468165397644043,-1.260584,6.121128,1.643304
237,2.3562381267547607,-1.294072,6.348368,1.605032
238,2.3662517070770264,-1.341912,6.527768,1.607424
239,2.376828908920288,-1.370616,6.678464,1.540448
240,2.3863067626953125,-1.478256,6.788496,1.301248
241,2.3962717056274414,-1.509352,6.821984,1.198392
242,2.4060981273651123,-1.616992,6.85308,1.262976
243,2.41619873046875,-1.60264,7.051616,1.212744
244,2.4265713691711426,-1.502176,7.16404,1.083576
245,2.4368622303009033,-1.47108,7.826624,1.449552
246,2.4462292194366455,-1.564368,7.412808,0.301392
247,2.4562134742736816,-2.3322,10.316696,1.63852
248,2.4668831825256348,-1.078792,11.632296,0.650624
249,2.476267099380493,-3.267472,11.718408,1.559584
250,2.4863035678863525,-4.917952,11.067784,1.042912
251,2.497054100036621,-4.905992,11.38592,1.33952
252,2.506277084350586,-3.202888,11.857144,1.939912
253,2.5162060260772705,-1.432808,12.120264,2.5116
254,2.5268239974975586,-0.50232,12.431224,2.707744
255,2.536628007888794,-0.313352,12.818728,2.126488
256,2.5463221073150635,-1.059656,13.543504,1.743768
257,2.5570056438446045,-2.093,13.799448,1.748552
258,2.5667028427124023,-2.85844,13.069888,2.047552
259,2.5763776302337646,-3.033056,11.687312,2.597712
260,2.5869252681732178,-2.504424,10.048792,2.899104
261,2.596250057220459,-1.406496,8.470072,3.248336
262,2.606318950653076,-0.148304,7.3554,3.588
263,2.6169307231903076,0.786968,6.522984,3.693248
264,2.6263270378112793,1.157728,6.001528,3.293784
265,2.6363329887390137,0.724776,6.704776,2.67904
266,2.646758556365967,-0.181792,9.020232,2.16476
267,2.656688690185547,-0.947232,11.443328,2.02124
268,2.6662161350250244,-0.978328,12.218336,2.279576
269,2.6768722534179688,-0.320528,12.23508,2.693392
270,2.68668270111084,0.858728,13.029224,2.58336
271,2.6963820457458496,1.786824,13.3952,2.58336
272,2.7070536613464355,2.325024,12.720656,2.638376
273,2.716632604598999,2.365688,11.766248,2.868008
274,2.7266368865966797,2.305888,10.687456,3.236376
275,2.736874580383301,2.28436,9.63976,3.733912
276,2.7466413974761963,2.136056,8.70688,4.29364
277,2.756655693054199,1.700712,7.907952,4.56872
278,2.76632022857666,1.038128,7.049224,4.693104
279,2.7766709327697754,0.210496,6.300528,4.62852
280,2.786687135696411,-0.55016,5.673824,4.551976
281,2.796894073486328,-0.99268,5.326984,4.195568
282,2.806351900100708,-1.272544,5.319808,4.391712
283,2.8162431716918945,-1.353872,5.499208,4.111848
284,2.8270111083984375,-1.669616,5.204992,3.174184
285,2.836702585220337,-1.727024,5.152368,2.676648
286,2.846652030944824,-2.124096,6.451224,3.71956
287,2.8568837642669678,-2.43984,7.3554,2.896712
288,2.866691827774048,-2.652728,8.32416,2.554656
289,2.876671075820923,-2.884752,8.788208,2.119312
290,2.8868889808654785,-3.167008,8.80256,2.083432
291,2.8966851234436035,-3.346408,8.541832,1.990144
292,2.906698226928711,-3.272256,8.458112,2.250872
293,2.916867971420288,-2.901496,8.76668,2.614456
294,2.9266765117645264,-2.58336,8.77864,2.604888
295,2.9366848468780518,-2.430272,8.797776,2.377648
296,2.9468765258789062,-2.60728,8.821696,2.124096
297,2.9563567638397217,-3.056976,9.307272,2.026024
298,2.966644525527954,-3.621488,9.797632,1.982968
299,2.976881980895996,-4.075968,9.917232,1.978184
300,2.9862422943115234,-4.573504,9.871784,1.887288
301,2.9963722229003906,-4.786392,9.713912,1.959048
302,3.006931781768799,-4.886856,9.804808,1.851408
303,3.016308069229126,-4.781608,10.075104,1.736592
304,3.0263545513153076,-4.386928,10.744864,1.82988
305,3.0370211601257324,-4.052048,11.835616,1.6744
306,3.0463898181915283,-3.805672,13.002912,1.425632
307,3.056295871734619,-3.310528,13.92144,1.298856
308,3.0669634342193604,-2.700568,14.067352,1.382576
309,3.0766611099243164,-1.954264,13.541112,1.655264
310,3.0866858959198,-1.188824,12.65368,2.102568
311,3.096925735473633,-0.696072,11.632296,2.148016
312,3.1066477298736572,-0.600392,10.986456,2.06908
313,3.1166486740112305,-0.856336,11.094096,1.834664
314,3.126884937286377,-1.468688,11.854752,1.59068
315,3.136681079864502,-1.789216,12.500592,1.246232
316,3.146267890930176,-1.99732,13.022048,1.3156
317,3.1568734645843506,-1.880112,13.041184,1.382576
318,3.166577100753784,-1.576328,13.034008,1.425632
319,3.1763274669647217,-1.066832,13.153608,1.42324
320,3.1868927478790283,-0.499928,13.273208,1.373008
321,3.19641375541687,0.200928,13.452608,1.523704
322,3.2066407203674316,0.96876,13.124904,1.485432
323,3.21687912940979,1.942304,12.431224,1.559584
324,3.226644277572632,2.602496,11.675352,1.915992
325,3.23624587059021,2.920632,10.749648,2.08104
326,3.24688458442688,2.975648,9.6278,2.30828
327,3.2566816806793213,2.755584,8.666216,2.569008
328,3.266655683517456,2.267616,7.79792,2.597712
329,3.2770259380340576,1.669616,7.06836,2.920632
330,3.2866382598876953,0.75348,6.501456,2.961296
331,3.296630382537842,-0.141128,5.93216,2.925416
332,3.3070068359375,-0.846768,5.475288,2.853656
333,3.3166344165802,-1.2558,5.027984,2.612064
334,3.3266491889953613,-1.396928,4.846192,2.24848
335,3.3368709087371826,-1.39932,5.013632,2.222168
336,3.3466057777404785,-1.356264,5.348512,2.246088
337,3.3562042713165283,-1.332344,5.814952,2.181504
338,3.3669204711914062,-1.552408,6.197672,2.035592
339,3.3766884803771973,-1.760512,6.580392,1.7342
340,3.3862266540527344,-1.870544,6.953544,1.334736
341,3.396904945373535,-2.076256,7.69028,1.054872
342,3.4063591957092285,-1.660048,8.00124,1.306032
343,3.4166877269744873,-1.169688,7.302776,-0.033488
344,3.4269349575042725,-2.20064,9.199632,1.81792
345,3.436279535293579,-1.719848,9.094384,-0.684112
346,3.446716785430908,-1.404104,9.051328,-0.51428
347,3.456939697265625,-1.131416,9.362288,0.803712
348,3.4662086963653564,-0.935272,10.756824,1.454336
349,3.4766671657562256,-0.863512,11.814088,0.27508
350,3.486902952194214,-1.105104,12.431224,0.413816
351,3.496230125427246,-1.492608,12.603448,1.334736
352,3.5066978931427,-2.162368,12.084384,1.203176
353,3.5163347721099854,-2.449408,11.52944,1.200784
354,3.5266547203063965,-2.447016,11.460072,1.334736
355,3.5366523265838623,-1.90164,11.46964,1.760512
356,3.5469045639038086,-1.277328,12.40252,1.729416
357,3.5562829971313477,-1.337128,13.342576,1.715064
358,3.5663108825683594,-1.856192,13.172744,2.052336
359,3.576200485229492,-2.516384,11.833224,2.580968
360,3.586205005645752,-2.657512,10.316696,2.815384
361,3.5966358184814453,-2.14084,8.926944,2.939768
362,3.6067452430725098,-1.181648,7.92948,3.250728
363,3.61627459526062,-0.07176,6.91288,3.111992
364,3.626267433166504,0.49036,6.743048,2.951728
365,3.636915922164917,0.523848,7.30756,2.552264
366,3.6463394165039062,-0.033488,9.118304,1.911208
367,3.6562530994415283,-0.913744,11.23044,1.559584
368,3.666893243789673,-1.786824,12.227904,1.676792
369,3.6761953830718994,-2.109744,12.3786,2.052336
370,3.6863510608673096,-2.071472,12.613016,2.114528
371,3.696892499923706,-1.738984,12.364248,1.7342
372,3.706669807434082,-1.248624,12.003056,2.131272
373,3.716270923614502,-0.554944,11.173032,2.545088
374,3.7269222736358643,-0.064584,10.015304,2.748408
375,3.7362637519836426,0.255944,8.747544,2.84648
376,3.7463316917419434,0.485576,7.974928,3.198104
377,3.7568414211273193,0.844376,7.202312,3.475576
378,3.7666590213775635,1.155336,6.647368,4.374968
379,3.7766716480255127,1.08836,5.9202,4.140552
380,3.786952018737793,1.468688,6.400992,4.87968
381,3.796617031097412,0.691288,4.542408,3.353584
382,3.8062491416931152,0.822848,5.152368,4.190784
383,3.8168833255767822,0.236808,6.360328,4.707456
384,3.8266689777374268,-1.06444,6.001528,2.614456
385,3.836672306060791,-1.306032,5.391568,2.927808
386,3.8469157218933105,-1.545232,6.862648,3.831984
387,3.856931447982788,-1.5548,7.888816,3.188536
388,3.8663597106933594,-2.114528,7.608952,2.549872
389,3.876896381378174,-2.659904,7.85772,2.604888
390,3.8867132663726807,-2.884752,8.556184,3.162224
391,3.896684408187866,-2.851264,8.948472,2.88236
392,3.906893253326416,-2.633592,8.840832,2.322632
393,3.916635513305664,-2.777112,8.572928,2.102568
394,3.9266304969787598,-3.107208,8.757112,2.411136
395,3.9368643760681152,-3.48036,8.907808,2.281968
396,3.9462432861328125,-4.071184,9.31684,2.226952
397,3.9566774368286133,-4.470648,9.486672,2.042768
398,3.9668872356414795,-4.638088,9.60388,1.884896
399,3.9766738414764404,-4.705064,9.7474,1.918384
400,3.9866669178009033,-4.815096,9.984208,1.760512
401,3.9968864917755127,-4.941872,10.366928,1.63852
402,4.006202697753906,-4.87968,10.675496,1.707888
403,4.016587734222412,-4.432376,10.914696,1.794
404,4.026986360549927,-3.709992,11.27828,1.899248
405,4.0365893840789795,-3.07372,12.215944,1.636128
406,4.0465850830078125,-2.612064,13.313872,1.57872
407,4.056827545166016,-2.08104,13.749216,1.628952
408,4.066619873046875,-1.485432,13.536328,1.789216
409,4.07661771774292,-1.140984,12.842648,1.915992
410,4.086817264556885,-0.868296,11.993488,2.06908
411,4.096630573272705,-0.779792,11.19456,2.217384
412,4.106225252151489,-0.84916,10.938616,2.214992
413,4.1168177127838135,-1.054872,11.261536,1.935128
414,4.126598119735718,-1.456728,12.038936,1.72224
415,4.1365766525268555,-1.837056,12.464712,1.600248
416,4.146819353103638,-2.195856,12.598664,1.439984
417,4.156614065170288,-2.10496,12.548432,1.53088
418,4.1661834716796875,-1.982968,12.488632,1.743768
419,4.176806211471558,-1.526096,12.311624,1.573936
420,4.186612129211426,-0.796536,12.17528,1.53088
421,4.196203708648682,-0.145912,12.022192,1.394536
422,4.2067646980285645,0.545376,11.735152,1.428024
423,4.2162675857543945,1.062048,11.283064,1.588288
424,4.226268768310547,1.32756,10.744864,1.947088
425,4.237015724182129,1.39932,10.060752,2.214992
426,4.246473073959351,1.325168,9.178104,2.411136
427,4.25615930557251,1.3156,8.374392,2.32024
428,4.266871929168701,1.095536,7.55872,2.456584
429,4.276631593704224,0.78936,6.843512,2.473328
430,4.286623477935791,0.428168,6.32684,2.578576
431,4.296825885772705,-0.002392,5.936944,2.425488
432,4.306621551513672,-0.531024,5.59728,2.229344
433,4.316629648208618,-0.99268,5.377216,2.114528
434,4.326826095581055,-1.401712,5.427448,2.16476
435,4.336289644241333,-1.736592,5.628376,2.047552
436,4.346609592437744,-2.090608,5.850832,1.84184
437,4.357064247131348,-2.229344,6.042192,1.851408
438,4.366127967834473,-2.40396,6.43448,1.80596
439,4.376627445220947,-2.468544,6.79328,1.648088
440,4.386706352233887,-2.492464,7.231016,1.54284
441,4.396631240844727,-2.456584,7.659184,1.487824
442,4.406400918960571,-2.133664,7.637656,1.35148
443,4.416777610778809,-2.336984,7.740512,1.047696
444,4.426119327545166,-1.738984,8.118448,0.571688
445,4.436150550842285,-1.394536,8.39592,0.638664
446,4.446821689605713,-1.007032,8.776248,1.401712
447,4.456193208694458,-1.009424,10.658752,1.365832
448,4.466624736785889,-1.251016,11.716016,0.057408
449,4.476643323898315,-2.270008,11.507912,-0.267904
450,4.486644268035889,-2.70296,11.311768,0.782184
451,4.4966278076171875,-2.394392,11.531832,1.712672
452,4.506808519363403,-1.616992,11.653824,2.10496
453,4.517244338989258,-0.772616,11.582064,2.255656
454,4.526584148406982,-0.34684,11.857144,1.966224
455,4.53633713722229,-0.519064,12.613016,1.38736
456,4.546612977981567,-1.389752,13.68224,1.083576
457,4.556616544723511,-2.52356,13.880776,1.432808
458,4.566741228103638,-3.064152,12.945504,2.016456
459,4.576260805130005,-3.1096,11.352432,2.513992
460,4.586228370666504,-2.473328,9.97464,2.841696
461,4.597027063369751,-1.361048,8.807344,3.24116
462,4.606606483459473,-0.181792,7.852936,3.451656
463,4.616602420806885,0.437736,7.286032,3.43252
464,4.626856327056885,0.279864,7.238192,3.183752
465,4.636603355407715,-0.830024,8.489208,2.975648
466,4.646582365036011,-2.162368,10.97928,2.561832
467,4.656756401062012,-3.021096,12.572352,2.40396
468,4.666632652282715,-3.00196,12.383384,2.58336
469,4.6766393184661865,-2.210208,12.259,2.554656
470,4.68681263923645,-1.289288,12.591488,2.370472
471,4.696601152420044,-0.330096,12.220728,2.372864
472,4.706597089767456,0.150696,11.153896,2.530736
473,4.7168004512786865,0.487968,9.981816,3.016312
474,4.726566553115845,0.751088,8.953256,3.44448
475,4.736397743225098,0.90896,7.838584,3.559296
476,4.747232437133789,0.818064,7.240584,3.846336
477,4.7561798095703125,0.476008,6.642584,4.028128
478,4.766471862792969,0.1196,6.133088,4.418024
479,4.776818037033081,-0.583648,5.807776,4.55676
480,4.786608695983887,0.229632,5.415488,4.052048
481,4.796603202819824,-1.370616,4.169256,3.15744
482,4.806810140609741,-1.289288,4.56872,3.255512
483,4.816890001296997,-1.284504,6.13548,4.2458
484,4.826618194580078,-2.298712,6.908096,3.77936
485,4.836855888366699,-3.126344,6.400992,2.616848
486,4.847052574157715,-3.36076,6.104384,1.777256
487,4.856152296066284,-3.267472,7.204704,2.317848
488,4.866858959197998,-3.387072,8.572928,2.9302
489,4.876636266708374,-3.537768,9.225944,2.52356
490,4.886629343032837,-3.626272,9.25704,2.076256
491,4.896826505661011,-3.375112,9.11352,2.059512
492,4.9061877727508545,-3.092856,8.81452,2.06908
493,4.9166154861450195,-2.934984,8.74276,2.35612
494,4.926813840866089,-2.932592,8.771464,2.557048
495,4.936596870422363,-3.03784,8.891064,2.5116
496,4.946132183074951,-3.370328,9.343152,2.389608
497,4.956097841262817,-3.757832,9.551256,2.243696
498,4.966644763946533,-4.583072,9.778496,2.059512
499,4.976781606674194,-4.994496,10.108592,1.947088
500,4.986863613128662,-5.114096,10.409984,2.042768
501,4.996617078781128,-4.788784,10.5846,2.054728
502,5.006692171096802,-4.142944,10.730512,2.253264
503,5.016865968704224,-3.51624,11.393096,2.145624
504,5.0266783237457275,-3.200496,12.457536,1.545232
505,5.036649465560913,-2.97804,13.507624,1.215136
506,5.046889305114746,-2.683824,13.703768,1.200784
507,5.056468963623047,-1.980576,13.117728,1.583504
508,5.066208124160767,-1.346696,12.160928,1.947088
509,5.0768632888793945,-0.918528,11.232832,2.265224
510,5.0866639614105225,-0.999856,10.484136,2.229344
511,5.096181392669678,-1.404104,10.242544,2.016456
512,5.106313467025757,-2.095392,10.627656,1.42324
513,5.116225957870483,-2.717312,11.271104,1.078792
514,5.126351594924927,-3.104816,11.787776,0.8372
515,5.1370697021484375,-3.293784,12.129832,1.038128
516,5.146376609802246,-3.38468,12.431224,1.140984
517,5.156221151351929,-3.035448,12.53408,1.018992
518,5.1669251918792725,-2.466152,12.574744,0.952016
519,5.176330804824829,-1.700712,12.553216,0.830024
520,5.186393976211548,-0.576472,12.543648,0.820456
521,5.196940898895264,0.564512,12.266176,1.050088
522,5.206369161605835,1.631344,11.620336,1.377792
523,5.2162511348724365,2.442232,10.699416,1.60264
524,5.22712779045105,2.9302,9.72348,1.930344
525,5.236438751220703,3.018704,8.661432,2.241304
526,5.246331691741943,3.006744,7.814664,2.348944
527,5.256709575653076,2.669472,6.965504,2.346552
528,5.266688346862793,2.097784,6.369896,2.392
529,5.276698350906372,1.564368,6.008704,2.480504
530,5.286915302276611,0.82524,5.69296,2.49964
531,5.296667814254761,-0.02392,5.446584,2.442232
532,5.3066627979278564,-0.796536,5.35808,2.478112
533,5.317018508911133,-1.588288,5.386784,2.41592
534,5.326646089553833,-2.150408,5.551832,2.16476
535,5.336651802062988,-2.590536,5.83648,1.939912
536,5.346914291381836,-2.82256,6.281392,1.748552
537,5.356764793395996,-3.052192,6.831552,1.490216
538,5.366489887237549,-3.042624,7.475,1.069224
539,5.3768579959869385,-2.879968,7.8936,0.887432
540,5.386947870254517,-2.609672,8.104096,0.74152
541,5.396665811538696,-2.181504,8.032336,0.767832
542,5.406919240951538,-1.939912,7.955792,0.803712
543,5.416871547698975,-1.679184,8.175856,0.614744
544,5.426376104354858,-1.349088,8.721232,0.294216
545,5.4369401931762695,-1.126632,9.613448,-0.236808
546,5.446378946304321,-0.973544,10.756824,-0.069368
547,5.456321954727173,-1.210352,11.718408,-0.279864
548,5.466399669647217,-0.684112,12.297272,0.775008
549,5.4763805866241455,-2.645552,11.663392,1.236664
550,5.486757516860962,-3.858296,11.297416,0.523848
551,5.496862411499023,-3.817632,11.419408,0.987896
552,5.506335735321045,-2.40396,11.632296,1.664832
553,5.516683340072632,-1.057264,11.926512,1.810744
554,5.526756763458252,-0.320528,12.931152,1.535664
555,5.536694765090942,-0.473616,14.275456,1.102712
556,5.546271562576294,-1.373008,14.141504,1.392144
557,5.556758165359497,-2.20064,12.957464,2.334592
558,5.566864967346191,-2.576184,11.692096,2.915848
559,5.576270818710327,-2.1528,10.18992,3.30096
560,5.586742401123047,-1.17208,8.604024,3.482752
561,5.596668004989624,-0.033488,7.599384,4.080752
562,5.606666326522827,0.94484,7.388888,4.319952
563,5.617105960845947,0.897,7.895992,3.889392
564,5.626666307449341,-0.145912,9.35272,3.293784
565,5.636261224746704,-1.346696,10.964928,2.650336
566,5.646860837936401,-2.205424,11.70884,2.533128
567,5.656687498092651,-1.915992,11.82844,2.693392
568,5.666686773300171,-0.997464,12.383384,2.274792
569,5.6768670082092285,0.086112,12.62976,2.186288
570,5.686171293258667,0.894608,12.158536,2.255656
571,5.696655750274658,1.317992,11.208912,2.203032
572,5.7069597244262695,1.478256,9.979424,2.454192
573,5.716253757476807,1.495,8.857576,2.777112
574,5.726632833480835,1.48304,7.946224,3.095248
575,5.736799716949463,1.282112,7.180784,3.250728
576,5.746911287307739,0.863512,6.546904,3.298568
577,5.756660223007202,0.413816,6.030232,3.485144
578,5.766882658004761,-0.208104,5.64512,3.501888
579,5.776625871658325,-0.703248,5.422664,3.406208
580,5.7866740226745605,-1.105104,5.28632,3.25312
581,5.796857833862305,-1.633736,5.475288,3.286608
582,5.806195020675659,-1.404104,5.795816,3.126344
583,5.816687345504761,-2.55944,5.305456,2.353728
584,5.826856851577759,-2.542696,5.724056,2.35612
585,5.836653709411621,-2.35612,7.202312,3.389464
586,5.846656084060669,-2.848872,8.089744,3.176576
587,5.856857061386108,-3.561688,7.805096,2.085824
588,5.866225957870483,-3.602352,7.3554,1.002248
589,5.876676559448242,-3.367936,7.795528,1.681576
590,5.8869006633758545,-3.344016,8.278712,2.602496
591,5.896631240844727,-3.289,8.592064,2.695784
592,5.9066689014434814,-3.458832,8.613592,2.32024
593,5.916847467422485,-3.700424,8.613592,1.98536
594,5.926658868789673,-4.123808,8.687744,1.727024
595,5.936659097671509,-4.633304,8.926944,1.88968
596,5.946861267089844,-5.102136,9.168536,1.999712
597,5.956217527389526,-5.458544,9.247472,2.183896
598,5.966118335723877,-5.611632,9.362288,2.317848
599,5.976770401000977,-5.659472,9.656504,2.026024
600,5.9866087436676025,-5.563792,10.364536,1.94948
601,5.996294736862183,-5.078216,10.790312,1.959048
602,6.007122039794922,-4.183608,11.070176,2.322632
603,6.016169786453247,-3.257904,11.443328,2.336984
604,6.026171684265137,-2.877576,12.445576,2.126488
605,6.037010908126831,-2.64316,13.285168,1.837056
606,6.046271085739136,-2.437448,13.455,1.796392
607,6.056239128112793,-2.035592,12.847432,2.05712
608,6.0667619705200195,-1.528488,12.029368,2.286752
609,6.076665878295898,-1.274936,11.251968,2.401568
610,6.0867180824279785,-1.114672,10.563072,2.32024
611,6.096750974655151,-1.081184,10.175568,1.963832
612,6.106674909591675,-1.157728,10.36932,1.765296
613,6.116374492645264,-1.607424,11.137152,1.57872
614,6.126859188079834,-2.231736,11.871496,1.420848
615,6.136667490005493,-2.89432,12.137008,1.334736
616,6.146701812744141,-3.131128,12.218336,1.329952
617,6.156857490539551,-2.946944,12.23508,1.32756
618,6.166659832000732,-2.389608,12.125048,1.191216
619,6.176665544509888,-1.679184,12.04372,1.095536
620,6.1868813037872314,-0.963976,12.048504,0.923312
621,6.19677996635437,-0.038272,12.0198,1.097928
622,6.2066810131073,0.653016,11.627512,1.270152
623,6.216848373413086,1.215136,11.046256,1.54284
624,6.226643085479736,1.636128,10.376496,1.904032
625,6.23668360710144,1.712672,9.570392,2.291536
626,6.2468581199646,1.767688,8.704488,2.353728
627,6.256648063659668,1.715064,7.970144,2.59532
628,6.266642332077026,1.583504,7.254936,2.710136
629,6.276862144470215,1.265368,6.750224,2.722096
630,6.286656618118286,0.997464,6.18332,2.841696
631,6.296646595001221,0.44252,5.913024,2.700568
632,6.306851863861084,-0.157872,5.66904,2.537912
633,6.316304683685303,-0.76544,5.65708,2.540304
634,6.32666540145874,-1.313208,5.814952,2.485288
635,6.33685827255249,-1.703104,6.066112,2.298712
636,6.346282005310059,-1.942304,6.293352,1.980576
637,6.356248140335083,-2.030808,6.68564,1.839448
638,6.366836786270142,-1.999712,7.0564,1.667224
639,6.376693964004517,-2.023632,7.350616,1.439984
640,6.386667490005493,-2.049944,7.601776,1.535664
641,6.3968565464019775,-1.616992,7.274072,0.684112
642,6.4066712856292725,-1.712672,7.919912,1.779648
643,6.416682004928589,-1.69832,7.484568,0.33488
644,6.42691445350647,-1.62656,7.86968,-0.299
645,6.436248302459717,-0.2392,9.53212,0.978328
646,6.4466552734375,-1.63852,10.304736,1.050088
647,6.456902503967285,-3.083288,10.708984,-0.296608
648,6.466677665710449,-3.776968,10.897952,-0.165048
649,6.476684093475342,-3.083288,11.235224,0.856336
650,6.4868693351745605,-2.107352,11.527048,1.286896
651,6.496678829193115,-1.365832,11.81648,1.478256
652,6.5062713623046875,-1.035736,11.933688,1.681576
653,6.516860008239746,-1.138592,12.098736,1.62656
654,6.52669095993042,-1.624168,12.684776,1.44716
655,6.536667823791504,-2.193464,13.591344,1.062048
656,6.546859264373779,-2.597712,13.624832,0.90896
657,6.556674003601074,-2.628808,12.601056,1.499784
658,6.566667795181274,-2.231736,11.543792,2.336984
659,6.576845645904541,-1.605032,10.75204,3.13352
660,6.5866782665252686,-0.731952,9.883744,3.425344
661,6.596416234970093,0.093288,8.812128,3.262688
662,6.606982469558716,0.380328,7.82184,3.004352
663,6.616172790527344,0.160264,7.34344,2.683824
664,6.626338720321655,-0.485576,7.733336,2.442232
665,6.6369287967681885,-1.097928,9.331192,2.126488
666,6.646244049072266,-1.624168,11.1228,2.00928
667,6.6561596393585205,-1.68636,12.000664,2.047552
668,6.666785955429077,-0.995072,12.299664,2.303496
669,6.676256895065308,0.162656,12.555608,2.437448
670,6.6863415241241455,1.083576,12.651288,2.640768
671,6.696884870529175,1.559584,12.165712,2.707744
672,6.706594228744507,1.631344,11.323728,2.724488
673,6.716649770736694,1.808352,10.211448,2.85844
674,6.726881504058838,1.803568,9.266608,3.042624
675,6.736238718032837,1.748552,8.470072,3.50428
676,6.746670722961426,1.406496,7.69028,3.7076
677,6.756881952285767,0.674544,7.097064,3.714776
678,6.766640663146973,-0.102856,6.522984,3.901352
679,6.7766993045806885,-0.961584,6.035016,3.834376
680,6.786878347396851,-1.82988,5.805384,3.6478
681,6.796730995178223,-2.3322,5.480072,3.21724
682,6.806412220001221,-2.662296,5.714488,3.18136
683,6.816958427429199,-1.621776,5.642728,2.449408
684,6.826287269592285,-2.191072,5.468112,1.595464
685,6.8366923332214355,-2.04516,6.094816,1.439984
686,6.84712553024292,-1.341912,7.998848,2.195856
687,6.85670018196106,-1.762904,9.252256,2.126488
688,6.866365909576416,-2.896712,8.745152,1.133808
689,6.876901865005493,-3.544944,8.116056,0.4784
690,6.886692047119141,-3.3488,8.080176,0.985504
691,6.8966896533966064,-3.30096,8.340904,1.939912
692,6.90664529800415,-3.289,8.577712,2.238912
693,6.9166693687438965,-3.554512,8.470072,1.74616
694,6.926686763763428,-3.963544,8.584888,1.35148
695,6.936894416809082,-4.561544,8.859968,1.042912
696,6.946643590927124,-5.049512,9.324016,0.882648
697,6.956684589385986,-5.63316,9.65172,1.05248
698,6.966886281967163,-5.98,9.737832,1.32756
699,6.97693943977356,-6.18332,9.57996,1.6744
700,6.986280679702759,-6.336408,9.611056,1.899248
701,6.99690580368042,-6.24312,9.792848,2.0332
702,7.006669998168945,-5.762328,10.036832,1.954264
703,7.016665697097778,-5.193032,10.498488,2.143232
704,7.0268495082855225,-4.824664,11.617944,1.927952
705,7.0367045402526855,-4.56872,12.799592,1.801176
706,7.046403646469116,-4.128592,13.37128,1.942304
707,7.056880235671997,-3.63584,13.045968,2.17672
708,7.066689491271973,-3.257904,12.141792,2.387216
709,7.0766801834106445,-2.927808,11.304592,2.41592
710,7.086856842041016,-2.832128,10.936224,2.24848
711,7.096634149551392,-3.080896,11.053432,2.12888
712,7.106630325317383,-3.645408,11.440936,1.860976
713,7.117034196853638,-4.111848,11.67296,1.365832
714,7.126387596130371,-4.279288,11.94804,0.619528
715,7.136334419250488,-3.776968,12.10352,0.241592
716,7.146884202957153,-2.911064,12.304448,0.004784
717,7.156224489212036,-1.844232,12.304448,0.064584
718,7.166360855102539,-0.853944,12.290096,-0.007176
719,7.177020788192749,-0.03588,12.213552,0.117208
720,7.186378717422485,0.468832,11.873888,0.117208
721,7.196351051330566,0.987896,11.440936,0.098072
722,7.206791162490845,1.504568,10.797488,0.39468
723,7.2161688804626465,1.88968,10.1062,0.834808
724,7.226285696029663,2.08104,9.474712,1.277328
725,7.236252784729004,2.231736,8.74276,1.691144
726,7.246459245681763,2.114528,7.958184,2.014064
727,7.256239891052246,1.971008,7.204704,2.265224
728,7.267024517059326,1.664832,6.633016,2.46376
729,7.27667760848999,1.246232,6.109168,2.53552
730,7.28667140007019,0.796536,5.72884,2.509208
731,7.296841621398926,0.33488,5.446584,2.458976
732,7.306270599365234,-0.16744,5.398744,2.48768
733,7.31630277633667,-0.672152,5.482464,2.518776
734,7.326925992965698,-1.198392,5.747976,2.40396
735,7.3366992473602295,-1.669616,6.082856,2.339376
736,7.346666574478149,-2.186288,6.527768,2.061904
737,7.356799125671387,-2.478112,7.0564,2.047552
738,7.366669178009033,-2.724488,7.565896,1.679184
739,7.376673936843872,-2.860832,7.924696,1.365832
740,7.38677191734314,-2.64316,8.202168,1.062048
741,7.396204471588135,-2.458976,8.448544,0.8372
742,7.40618371963501,-2.250872,8.728408,0.684112
743,7.4168195724487305,-1.968616,9.269,0.66976
744,7.426661252975464,-1.762904,9.89092,0.51428
745,7.436658620834351,-1.468688,10.610912,-0.028704
746,7.446784019470215,-1.987752,11.854752,1.014208
747,7.456700801849365,-0.846768,11.558144,-0.473616
748,7.4663026332855225,-1.502176,12.766104,1.712672
749,7.4769275188446045,-2.40396,12.218336,1.030952
750,7.486628532409668,-2.79864,11.495952,0.528632
751,7.496690273284912,-2.02124,11.259144,1.20796
752,7.506904363632202,-0.626704,11.582064,2.279576
753,7.516303777694702,0.404248,11.842792,2.183896
754,7.526661396026611,0.772616,12.431224,1.425632
755,7.536939382553101,0.387504,13.469352,0.662584
756,7.546649932861328,-0.361192,13.464568,0.775008
757,7.556320428848267,-0.94484,12.383384,1.676792
758,7.5666210651397705,-1.109888,11.235224,2.47572
759,7.576239347457886,-0.619528,9.953112,2.7508
760,7.58632230758667,0.148304,8.711664,3.1096
761,7.597438097000122,1.038128,8.16868,3.344016
762,7.606140613555908,1.892072,8.029944,2.686216
763,7.616220235824585,1.643304,8.505952,2.351336
764,7.626996040344238,0.68172,9.367072,1.939912
765,7.636272192001343,-0.703248,10.79988,1.657656
766,7.6462907791137695,-1.550016,11.902592,1.762904
767,7.656296253204346,-1.648088,12.512552,2.262832
768,7.666324138641357,-0.865904,12.92876,2.011672
769,7.676391124725342,-0.050232,12.912016,2.226952
770,7.686962366104126,0.676936,12.584312,2.34416
771,7.696709632873535,1.169688,11.598808,2.191072
772,7.706690788269043,1.349088,10.299952,2.298712
773,7.716343402862549,1.63852,9.132656,2.827344
774,7.7263875007629395,1.731808,8.218912,3.31292
775,7.736239671707153,1.605032,7.436728,3.566472
776,7.74692964553833,1.062048,6.869824,3.652584
777,7.756695747375488,0.387504,6.29096,3.664544
778,7.766268014907837,-0.401856,5.867576,3.666936
779,7.776939153671265,-0.875472,5.480072,3.595176
780,7.786315202713013,-1.373008,5.355688,3.418168
781,7.796679496765137,-0.947232,5.554224,3.0498
782,7.806788921356201,-2.193464,5.114096,2.478112
783,7.816899061203003,-2.492464,5.420272,2.167152
784,7.826336145401001,-2.351336,7.216664,3.284216
785,7.836979866027832,-2.927808,8.1926,2.9302
786,7.8462815284729,-3.449264,7.92948,1.86576
787,7.856313705444336,-3.48036,7.530016,0.942448
788,7.867234706878662,-3.219632,8.053864,1.425632
789,7.876282453536987,-3.095248,8.690136,2.279576
790,7.88665246963501,-2.901496,8.819304,2.473328
791,7.896871089935303,-2.808208,8.656648,2.303496
792,7.906621932983398,-2.77472,8.52748,2.114528
793,7.916656255722046,-2.911064,8.522696,2.102568
794,7.926864862442017,-3.382288,8.816912,2.073864
795,7.936616897583008,-3.882216,9.19724,1.892072
796,7.946331024169922,-4.5448,9.570392,2.088216
797,7.956977605819702,-4.925128,9.871784,2.231736
798,7.966315984725952,-5.140408,9.898096,2.093
799,7.9766480922698975,-5.19064,10.084672,2.18868
800,7.986764430999756,-5.004064,10.398024,1.980576
801,7.996718168258667,-4.43716,10.7042,2.052336
802,8.006670951843262,-3.712384,11.20652,1.98536
803,8.016869068145752,-3.262688,12.299664,1.664832
804,8.026193141937256,-3.030664,13.440648,1.370616
805,8.036674737930298,-2.650336,13.983632,1.439984
806,8.046857833862305,-2.126488,13.880776,1.535664
807,8.056298971176147,-1.559584,13.220584,1.851408
808,8.066659212112427,-0.913744,12.333152,2.238912
809,8.076854705810547,-0.624312,11.38592,2.5714
810,8.08665132522583,-0.648232,10.62048,2.614456
811,8.096368312835693,-1.1362,10.139688,2.47572
812,8.106986999511719,-1.86576,10.194704,2.114528
813,8.11661958694458,-2.767544,10.520016,1.918384
814,8.126651525497437,-3.509064,11.005592,1.74616
815,8.136874675750732,-3.855904,11.280672,1.468688
816,8.146614074707031,-3.786536,11.316552,1.368224
817,8.15661096572876,-3.190928,11.407448,1.24384
818,8.166783571243286,-2.530736,11.591632,0.851552
819,8.17665410041809,-1.762904,11.821264,0.576472
820,8.186657428741455,-0.978328,11.797344,0.519064
821,8.196833372116089,-0.236808,11.727976,0.791752
822,8.206673860549927,0.435344,11.366784,1.06444
823,8.216168642044067,0.966368,10.754432,1.406496
824,8.226866483688354,1.210352,9.895704,1.68636
825,8.236627340316772,1.26776,9.058504,1.978184
826,8.246601581573486,1.282112,8.099312,1.959048
827,8.256843328475952,1.332344,7.214272,2.011672
828,8.266204357147217,1.198392,6.573216,2.0332
829,8.276608943939209,0.940056,6.176144,2.076256
830,8.286854028701782,0.578864,5.999136,2.191072
831,8.296618223190308,-0.09568,5.829304,2.303496
832,8.306312799453735,-0.755872,5.762328,2.207816
833,8.31683611869812,-1.337128,5.78864,2.171936
834,8.326594591140747,-1.846624,5.910632,2.006888
835,8.336639642715454,-2.088216,6.271824,1.851408
836,8.346745014190674,-2.20064,6.568432,1.581112
837,8.356641054153442,-2.234128,7.030088,1.384968
838,8.366659164428711,-2.162368,7.436728,1.18404
839,8.37709665298462,-1.963832,7.75008,1.105104
840,8.38663625717163,-1.68636,7.996456,1.047696
841,8.396637678146362,-1.3156,8.1926,1.057264
842,8.406982898712158,-0.923312,8.448544,1.045304
843,8.416121244430542,-0.605176,8.77864,1.011816
844,8.426398515701294,-0.593216,9.5082,0.7774
845,8.436826229095459,-0.607568,10.041616,0.380328
846,8.445997476577759,-0.763048,11.02712,0.58604
847,8.456182479858398,-0.516672,10.962536,-0.196144
848,8.466872453689575,-0.746304,12.517336,1.432808
849,8.476603746414185,1.157728,12.034152,0.90896
850,8.486288785934448,0.055016,11.407448,1.908816
851,8.496839046478271,-0.990288,11.204128,1.672008
852,8.506607055664062,-1.08836,11.735152,1.621776
853,8.516234874725342,0.0598,12.208768,1.36344
854,8.527131795883179,1.107496,13.28756,1.468688
855,8.53695034980774,1.215136,14.22044,1.329952
856,8.546684980392456,0.576472,14.129544,1.413672
857,8.556904792785645,-0.50232,13.232544,1.99732
858,8.566694021224976,-1.298856,12.003056,2.71492
859,8.576302528381348,-1.636128,10.78792,3.06176
860,8.58696174621582,-1.227096,9.43644,2.899104
861,8.596339225769043,-0.78936,8.415056,2.968472
862,8.606659889221191,-0.387504,8.017984,2.9302
863,8.616901397705078,0.267904,8.788208,2.743624
864,8.626630306243896,0.2392,10.170784,2.920632
865,8.636180639266968,-0.16744,11.495952,2.887144
866,8.646888256072998,-0.373152,12.1394,2.853656
867,8.65665340423584,-0.098072,12.36664,2.992392
868,8.666650295257568,0.399464,12.620192,2.89432
869,8.676922798156738,1.186432,12.864176,3.238768
870,8.686415195465088,2.042768,12.345112,3.080896
871,8.696673154830933,2.832128,11.531832,2.946944
872,8.706901550292969,3.24116,10.374104,3.08568
873,8.71668004989624,3.126344,9.29292,3.183752
874,8.726675510406494,2.447016,8.470072,3.595176
875,8.73690152168274,1.640912,7.723768,3.987464
876,8.74633502960205,0.82524,6.955936,3.760224
877,8.75667953491211,0.045448,6.317272,3.712384
878,8.766900539398193,-0.373152,5.929768,3.45644
879,8.776666164398193,-1.021384,5.70492,3.62388
880,8.786655187606812,-0.856336,5.630768,3.088072
881,8.797066450119019,-1.942304,5.33416,2.73884
882,8.806670188903809,-2.243696,4.910776,2.23652
883,8.816706895828247,-1.935128,6.329232,3.566472
884,8.826929807662964,-2.329808,7.245368,3.152656
885,8.836716413497925,-3.107208,7.297992,2.315456
886,8.846692562103271,-3.497104,6.915272,1.382576
887,8.856932401657104,-3.315312,7.173608,1.454336
888,8.866668939590454,-3.102424,8.075392,2.226952
889,8.876357555389404,-3.00196,8.580104,2.64316
890,8.88685393333435,-2.863224,8.654256,2.473328
891,8.896663665771484,-2.841696,8.65904,2.458976
892,8.906234979629517,-2.908672,8.525088,2.234128
893,8.916852474212646,-3.004352,8.482032,2.167152
894,8.926634311676025,-3.296176,8.639904,2.090608
895,8.93661379814148,-3.733912,9.213984,2.088216
896,8.94684386253357,-4.17404,9.907664,2.20064
897,8.956302642822266,-4.563936,10.139688,2.277184
898,8.966647148132324,-4.798352,9.931584,2.191072
899,8.976840257644653,-5.027984,9.792848,2.169544
900,8.98663854598999,-5.260008,9.60388,1.971008
901,8.996648073196411,-5.03516,9.613448,1.975792
902,9.006851434707642,-4.590248,9.71152,1.956656
903,9.016348123550415,-4.09032,10.256896,1.87772
904,9.026653051376343,-3.793712,11.273496,1.664832
905,9.036325454711914,-3.664544,12.445576,1.298856
906,9.046308040618896,-3.430128,13.055536,1.392144
907,9.056230068206787,-2.877576,12.53408,1.84184
908,9.067070484161377,-2.253264,11.548576,2.26044
909,9.076698541641235,-1.899248,10.730512,2.3322
910,9.08666467666626,-1.93752,10.278424,2.131272
911,9.096859693527222,-2.411136,10.259288,1.774864
912,9.106358528137207,-3.054584,10.929048,1.439984
913,9.116689443588257,-3.583216,11.6012,0.997464
914,9.127043008804321,-3.965936,12.225512,0.763048
915,9.136409282684326,-4.052048,12.555608,0.698464
916,9.14641523361206,-3.676504,12.627368,0.684112
917,9.157031297683716,-3.27704,12.558,0.808496
918,9.166445255279541,-2.612064,12.493416,0.727168
919,9.17640995979309,-1.935128,12.4384,0.655408
920,9.186789274215698,-1.05248,12.392952,0.700856
921,9.196388006210327,-0.08372,12.089168,0.810888
922,9.206449508666992,0.901784,11.63708,0.947232
923,9.216918468475342,1.822704,11.09888,1.468688
924,9.226222515106201,2.317848,10.39324,1.892072
925,9.236382246017456,2.681432,9.625408,2.3322
926,9.246953010559082,2.736448,8.88628,2.84648
927,9.256315469741821,2.509208,8.166288,3.147872
928,9.266220569610596,2.097784,7.410416,3.332056
929,9.276856660842896,1.645696,6.886568,3.511456
930,9.286643266677856,1.179256,6.499064,3.628664
931,9.296702861785889,0.798928,6.24312,3.609528
932,9.306854486465454,0.519064,6.202456,3.494712
933,9.316913843154907,0.162656,6.149832,3.289
934,9.326670408248901,-0.157872,6.345976,3.059368
935,9.336906671524048,-0.425776,6.537336,2.78668
936,9.346921920776367,-0.691288,6.896136,2.597712
937,9.356704473495483,-0.892216,7.221448,2.372864
938,9.366867542266846,-1.179256,7.42716,2.169544
939,9.37670636177063,-1.308424,7.73812,2.05712
940,9.386314630508423,-1.377792,7.939048,1.915992
941,9.396885633468628,-1.36344,8.099312,1.741376
942,9.406712532043457,-1.332344,8.18064,1.561976
943,9.416699886322021,-1.241448,8.410272,1.356264
944,9.426765203475952,-1.222312,8.881496,1.16012
945,9.436862230300903,-1.251016,9.453184,0.770224
946,9.446691751480103,-1.198392,10.603736,1.102712
947,9.456867218017578,-0.731952,9.936368,-0.655408
948,9.46623682975769,-2.513992,12.543648,2.561832
949,9.47627568244934,-0.09568,11.725584,0.002392
950,9.486873149871826,-0.78936,11.053432,1.394536
951,9.496701002120972,-2.757976,9.919624,1.59068
952,9.506711959838867,-3.602352,10.39324,1.20796
953,9.516865015029907,-2.889536,10.809448,0.985504
954,9.52668833732605,-1.377792,11.208912,1.396928
955,9.536678552627563,-0.246376,12.335544,1.581112
956,9.546931743621826,0.148304,13.811408,0.99268
957,9.556639909744263,0.004784,14.24436,0.84916
958,9.566655397415161,-0.511888,13.289952,1.346696
959,9.576883792877197,-1.023776,11.885848,2.05712
960,9.586710453033447,-1.138592,10.754432,2.628808
961,9.596738338470459,-0.516672,9.59192,2.67904
962,9.606920957565308,0.344448,8.340904,2.645552
963,9.616970539093018,1.430416,7.939048,2.769936
964,9.6263427734375,2.207816,8.006024,2.686216
965,9.636950969696045,1.956656,8.81452,2.53552
966,9.646348476409912,0.791752,10.161216,2.530736
967,9.656274557113647,-0.296608,11.15868,2.203032
968,9.666818857192993,-1.090752,11.91216,2.542696
969,9.676337480545044,-1.167296,12.292488,2.95412
970,9.686407089233398,-0.397072,12.627368,2.968472
971,9.697002649307251,0.605176,12.543648,3.272256
972,9.706350564956665,1.509352,12.113088,3.370328
973,9.716318607330322,2.088216,11.120408,3.329664
974,9.726968050003052,2.353728,9.87896,3.406208
975,9.736289024353027,2.353728,8.747544,3.48036
976,9.746733903884888,2.037984,7.795528,3.446872
977,9.75685739517212,1.612208,7.094672,3.532984
978,9.766679286956787,0.923312,6.630624,3.664544
979,9.776672601699829,0.028704,6.259864,3.812848
980,9.786854982376099,-0.782184,6.12352,4.188392
981,9.796296119689941,-2.014064,6.032624,4.44912
982,9.806664943695068,-1.463904,6.0996,3.7674
983,9.816672325134277,-2.939768,5.102136,2.72688
984,9.826685667037964,-3.13352,5.415488,2.79864
985,9.836663007736206,-3.446872,7.063576,3.669328
986,9.847217082977295,-4.142944,8.130408,3.011528
987,9.856200695037842,-4.882072,8.12084,1.88968
988,9.866277694702148,-4.910776,7.556328,0.92092
989,9.87668228149414,-4.441944,7.900776,1.396928
990,9.886324882507324,-4.111848,8.560968,2.291536
991,9.896344661712646,-3.597568,8.840832,2.710136
992,9.90634298324585,-3.243552,8.75472,2.633592
993,9.916340827941895,-3.12156,8.649472,2.528344
994,9.926659107208252,-3.279432,8.560968,2.214992
995,9.936906814575195,-3.796104,8.625552,1.971008
996,9.94671106338501,-4.4252,9.094384,1.78204
997,9.956772565841675,-5.044728,9.704344,1.72224
998,9.966898679733276,-5.460936,10.029656,1.920776
999,9.976381778717041,-5.539872,9.960288,1.9734
1000,9.986706733703613,-5.496816,9.881352,2.052336
1001,9.996670007705688,-5.291104,9.867,2.0332
1002,10.00690245628357,-4.839016,9.912448,1.975792
1003,10.016262531280518,-4.164472,10.149256,2.097784
1004,10.026962757110596,-3.25312,10.646792,2.238912
1005,10.03670620918274,-2.836912,11.67296,2.016456
1006,10.046728134155273,-2.84648,12.754144,1.715064
1007,10.056891679763794,-3.006744,13.297128,1.652872
1008,10.066334247589111,-2.865616,13.170352,1.904032
1009,10.076694250106812,-2.425488,12.251824,2.270008
1010,10.086908340454102,-1.954264,11.316552,2.549872
1011,10.096709728240967,-1.652872,10.486528,2.518776
1012,10.106718301773071,-1.839448,10.158824,2.243696
1013,10.116913557052612,-2.226952,10.254504,1.808352
1014,10.126711368560791,-2.877576,10.972104,1.652872
1015,10.136710166931152,-3.454048,11.57728,1.475864
1016,10.14671516418457,-3.87504,11.940864,1.337128
1017,10.156690120697021,-3.855904,12.003056,1.229488
1018,10.166678428649902,-3.63584,12.015016,1.196
1019,10.1769380569458,-3.107208,11.933688,1.105104
1020,10.186319589614868,-2.341768,11.895416,0.798928
1021,10.196668148040771,-1.454336,11.883456,0.696072
1022,10.206902265548706,-0.461656,11.962392,0.775008
1023,10.216701030731201,0.519064,11.785384,0.959192
1024,10.226650953292847,1.504568,11.4218,1.274936
1025,10.236891269683838,2.179112,10.814232,1.550016
1026,10.246340036392212,2.657512,9.96268,1.839448
1027,10.256267309188843,2.920632,9.034584,2.121704
1028,10.26682186126709,2.824952,8.092136,2.222168
1029,10.276251792907715,2.566616,7.345832,2.401568
1030,10.286681413650513,2.310672,6.728696,2.616848
1031,10.29688310623169,1.942304,6.42252,2.635984
1032,10.306678771972656,1.497392,6.154616,2.492464
1033,10.316681385040283,0.899392,6.018272,2.492464
1034,10.326889276504517,0.299,6.049368,2.346552
1035,10.336688041687012,-0.34684,6.13548,2.167152
1036,10.346298217773438,-0.818064,6.293352,2.0332
1037,10.356722593307495,-1.253408,6.61388,1.808352
1038,10.366689920425415,-1.59068,6.953544,1.750944
1039,10.376703262329102,-1.681576,7.28364,1.612208
1040,10.38698959350586,-1.872936,7.530016,1.475864
1041,10.396272420883179,-1.863368,7.716592,1.35148
1042,10.406347036361694,-1.894464,7.960576,1.176864
1043,10.416880369186401,-1.832272,8.269144,0.975936
1044,10.426053285598755,-1.77008,8.704488,0.880256
1045,10.436112403869629,-1.719848,9.182888,0.63388
1046,10.447066307067871,-1.648088,10.0464,0.533416
1047,10.456294536590576,-1.569152,10.819016,0.595608
1048,10.46624493598938,-1.284504,11.17064,0.464048
1049,10.476941347122192,-0.834808,11.177816,0.260728
1050,10.486427545547485,-0.626704,11.189776,0.719992
1051,10.496359586715698,-0.602784,12.074816,1.212744
1052,10.50681757926941,0.495144,12.038936,1.619384
1053,10.51632833480835,-0.978328,11.022336,2.289144
1054,10.526290655136108,-2.14084,10.866856,1.870544
1055,10.536964416503906,-1.896856,11.550968,1.485432
1056,10.546398878097534,-0.593216,12.548432,1.174472
1057,10.55634093284607,0.349232,13.416728,1.382576
1058,10.566985130310059,0.648232,13.474136,1.899248
1059,10.576171159744263,0.483184,12.328368,2.205424
1060,10.586230039596558,0.114816,11.11084,2.662296
1061,10.596946716308594,-0.332488,10.03444,2.879968
1062,10.606358528137207,0.102856,9.228336,2.664688
1063,10.616256475448608,-0.425776,7.962968,2.145624
1064,10.626880168914795,-0.435344,7.8338,2.329808
1065,10.636751174926758,0.440128,8.69492,2.614456
1066,10.646690607070923,0.4186,10.56068,2.717312
1067,10.65697693824768,0.002392,11.907376,2.590536
1068,10.66639256477356,-0.495144,12.278136,2.602496
1069,10.676757335662842,-0.483184,12.254216,2.255656
1070,10.686961650848389,-0.110032,12.218336,2.6312
1071,10.696389436721802,0.387504,12.76132,3.449264
1072,10.70669937133789,0.990288,12.28292,3.143088
1073,10.716971635818481,1.621776,11.103664,2.973256
1074,10.726716756820679,1.860976,10.087064,3.281824
1075,10.736718893051147,1.789216,9.132656,3.446872
1076,10.746896743774414,1.499784,8.070608,3.382288
1077,10.756731033325195,1.021384,7.262112,3.693248
1078,10.766404628753662,0.282256,6.70956,3.937232
1079,10.776718616485596,-0.22724,6.300528,3.674112
1080,10.786410331726074,-0.928096,5.972824,3.793712
1081,10.796713829040527,-0.851552,6.212024,3.786536
1082,10.806944608688354,-1.657656,5.69296,3.377504
1083,10.816356182098389,-1.846624,5.087784,2.70296
1084,10.826318740844727,-1.528488,6.532552,3.91092
1085,10.8370041847229,-1.935128,7.085104,3.463616
1086,10.84637451171875,-2.872792,6.927232,2.633592
1087,10.856264114379883,-3.226808,6.623448,1.810744
1088,10.866985321044922,-3.14548,7.08032,1.93752
1089,10.876330137252808,-2.84648,7.986888,2.461368
1090,10.886729001998901,-2.817776,8.570536,2.482896
1091,10.89713740348816,-2.949336,8.534656,2.408744
1092,10.906747341156006,-3.116776,8.357648,2.411136
1093,10.916728258132935,-3.245944,8.238048,2.4518
1094,10.926941394805908,-3.341624,8.082568,2.423096
1095,10.936371803283691,-3.45644,8.218912,2.348944
1096,10.946704149246216,-3.724344,8.57532,2.40396
1097,10.956982135772705,-3.951584,9.130264,2.3322
1098,10.966684818267822,-4.2458,9.869392,2.301104
1099,10.976244688034058,-4.212312,10.199488,2.370472
1100,10.987114906311035,-4.25776,9.96268,2.243696
1101,10.99633240699768,-4.346264,10.07032,2.162368
1102,11.006727933883667,-4.410848,10.228192,2.162368
1103,11.016953706741333,-4.121416,10.302344,2.389608
1104,11.026721477508545,-3.403816,10.565464,2.279576
1105,11.036746740341187,-2.951728,11.388312,2.131272
1106,11.046956777572632,-2.903888,12.577136,1.92556
1107,11.056372165679932,-2.987608,13.285168,1.645696
1108,11.066734790802002,-2.724488,13.2158,1.801176
1109,11.076876163482666,-2.095392,12.538864,2.119312
1110,11.086723327636719,-1.444768,11.81648,2.348944
1111,11.096361875534058,-1.047696,11.067784,2.36808
1112,11.106963634490967,-0.99268,10.340616,2.370472
1113,11.116692304611206,-1.284504,10.099024,2.078648
1114,11.126720666885376,-1.837056,10.26168,1.796392
1115,11.136942148208618,-2.413528,10.790312,1.669616
1116,11.14639401435852,-2.923024,11.213696,1.3156
1117,11.156681776046753,-3.446872,11.491168,1.188824
1118,11.166972875595093,-3.616704,11.605984,0.865904
1119,11.176302433013916,-3.200496,11.766248,0.7774
1120,11.186307668685913,-2.736448,11.809304,0.607568
1121,11.19693636894226,-2.131272,12.034152,0.480792
1122,11.206272602081299,-1.39932,12.065248,0.492752
1123,11.216740846633911,-0.540592,11.950432,0.554944
1124,11.226940155029297,0.363584,11.548576,0.916136
1125,11.236392498016357,1.059656,10.972104,1.329952
1126,11.246681451797485,1.528488,10.2258,1.595464
1127,11.256991147994995,1.741376,9.462752,1.815528
1128,11.266666412353516,1.810744,8.6112,2.174328
1129,11.276681900024414,1.798784,7.850544,2.226952
1130,11.286945343017578,1.700712,7.214272,2.363296
1131,11.296487092971802,1.437592,6.783712,2.43984
1132,11.306363582611084,1.129024,6.444048,2.504424
1133,11.316665410995483,0.758264,6.188104,2.485288
1134,11.326689004898071,0.385112,6.008704,2.513992
1135,11.336680173873901,0.0,5.999136,2.38004
1136,11.34693193435669,-0.25116,6.101992,2.265224
1137,11.356290102005005,-0.552552,6.31488,2.171936
1138,11.366696834564209,-0.865904,6.520592,2.066688
1139,11.376919984817505,-1.00464,6.831552,1.992536
1140,11.386719942092896,-1.145768,7.082712,1.815528
1141,11.396330833435059,-1.341912,7.345832,1.609816
1142,11.407171726226807,-1.401712,7.515664,1.370616
1143,11.416696786880493,-1.368224,7.855328,0.983112
1144,11.42668890953064,-1.239056,8.16868,0.827632
1145,11.436944246292114,-1.059656,8.630336,0.839592
1146,11.446691036224365,-1.011816,9.283352,0.942448
1147,11.456701040267944,-1.062048,9.988992,0.638664
1148,11.46699047088623,-1.162512,10.838152,0.37076
1149,11.476974964141846,-0.90896,11.424192,1.114672
1150,11.486732959747314,-2.40396,12.837864,2.2724
1151,11.496942043304443,-0.267904,12.464712,0.294216
1152,11.506703615188599,-0.846768,12.218336,1.57872
1153,11.51628041267395,-2.370472,11.156288,1.557192
1154,11.526732444763184,-3.092856,11.596416,1.394536
1155,11.536733150482178,-2.384824,12.125048,1.334736
1156,11.546695470809937,-1.007032,12.746968,1.418456
1157,11.556991815567017,-0.205712,13.916656,1.322776
1158,11.566677331924438,0.055016,14.356784,1.057264
1159,11.576696395874023,-0.389896,13.643968,1.344304
1160,11.5868399143219,-0.954408,12.483848,2.18868
1161,11.596413373947144,-1.17208,11.285456,2.712528
1162,11.606744766235352,-0.98072,10.158824,2.889536
1163,11.617001056671143,-0.3588,9.015448,2.884752
1164,11.626363039016724,0.614744,8.3122,2.66708
1165,11.636719226837158,1.21992,8.139976,2.688608
1166,11.646935939788818,1.203176,8.549008,2.530736
1167,11.656696796417236,0.3588,9.852648,2.59532
1168,11.66667366027832,-0.600392,11.177816,2.537912
1169,11.676971435546875,-0.889824,11.522264,2.002104
1170,11.686405658721924,-0.851552,11.747112,2.265224
1171,11.696733474731445,-0.542984,12.29488,2.635984
1172,11.70686936378479,0.349232,12.388168,2.59532
1173,11.716294050216675,1.26776,11.830832,2.494856
1174,11.726199388504028,1.844232,10.96732,2.351336
1175,11.736831903457642,2.035592,10.120552,2.482896
1176,11.746110200881958,1.966224,9.252256,2.693392
1177,11.756380796432495,1.588288,8.302632,2.899104
1178,11.76631236076355,1.140984,7.508488,3.006744
1179,11.77668023109436,0.535808,6.70956,3.12156
1180,11.786314010620117,-0.004784,6.140264,3.080896
1181,11.796930074691772,-0.497536,5.59728,3.303352
1182,11.806872606277466,-0.68172,4.980144,2.66708
1183,11.816746711730957,-0.736736,5.341336,3.14548
1184,11.826928615570068,-1.521312,5.159544,3.035448
1185,11.836760759353638,-1.908816,4.489784,2.372864
1186,11.846719741821289,-1.705496,6.262256,3.891784
1187,11.856925010681152,-1.9136,7.329088,3.439696
1188,11.866725444793701,-2.710136,7.27168,2.420704
1189,11.87637209892273,-3.18136,6.955936,1.695928
1190,11.886958360671997,-3.150264,7.419984,1.667224
1191,11.896756649017334,-2.951728,8.556184,2.18868
1192,11.906718015670776,-2.731664,9.237904,2.454192
1193,11.916942358016968,-2.647944,9.297704,2.250872
1194,11.926711082458496,-2.473328,9.0896,2.327416
1195,11.936680555343628,-2.449408,9.056112,2.305888
1196,11.947005033493042,-2.66708,9.027408,2.348944
1197,11.956236839294434,-3.1694,9.118304,2.241304
1198,11.966677904129028,-3.65976,9.429264,2.109744
1199,11.976672172546387,-4.028128,9.809592,2.171936
1200,11.986676454544067,-4.312776,10.151648,2.222168
1201,11.996707439422607,-4.415632,10.127728,2.289144
1202,12.00693154335022,-4.43716,10.2856,2.274792
1203,12.016727685928345,-4.188392,10.481744,2.317848
1204,12.026692628860474,-3.800888,10.50088,2.36808
1205,12.036912441253662,-3.31292,10.988848,2.336984
1206,12.046706914901733,-2.94216,12.03176,2.030808
1207,12.056729316711426,-2.719704,13.014872,1.923168
1208,12.06667971611023,-2.566616,13.560248,1.899248
1209,12.076703310012817,-2.10496,13.447824,1.827488
1210,12.086758375167847,-1.5548,12.835472,2.064296
1211,12.097005844116211,-1.04052,12.201592,2.339376
1212,12.106385946273804,-0.667368,11.364392,2.597712
1213,12.116688966751099,-0.52624,10.6444,2.528344
1214,12.126954078674316,-0.791752,10.192312,2.437448
1215,12.136653661727905,-1.3156,10.151648,2.14084
1216,12.14669132232666,-2.20064,10.539152,1.956656
1217,12.15668511390686,-2.865616,10.957752,1.712672
1218,12.16670274734497,-3.446872,11.354824,1.595464
1219,12.17672872543335,-3.595176,11.37396,1.454336
1220,12.186996936798096,-3.31292,11.431368,1.203176
1221,12.196735858917236,-2.731664,11.412232,0.949624
1222,12.206778764724731,-1.9734,11.548576,0.691288
1223,12.21692943572998,-1.10032,11.584456,0.662584
1224,12.226711750030518,-0.100464,11.460072,0.688896
1225,12.23672342300415,0.839592,11.048648,0.868296
1226,12.247100114822388,1.54284,10.66832,1.105104
1227,12.256723880767822,2.064296,9.977032,1.595464
1228,12.266351699829102,2.339376,9.1494,1.959048
1229,12.276955842971802,2.317848,8.269144,2.18868
1230,12.2867271900177,2.157584,7.441512,2.327416
1231,12.296662092208862,1.906424,6.774144,2.394392
1232,12.306966781616211,1.490216,6.372288,2.360904
1233,12.316699981689453,0.940056,6.08764,2.408744
1234,12.326658964157104,0.344448,5.965648,2.243696
1235,12.336684465408325,-0.198536,5.877144,2.112136
1236,12.34669280052185,-0.708032,5.88432,1.992536
1237,12.356727838516235,-1.169688,6.137872,1.939912
1238,12.366963148117065,-1.466296,6.42252,1.8538
1239,12.37671422958374,-1.813136,6.783712,1.731808
1240,12.38677978515625,-1.990144,7.15208,1.607424
1241,12.396942615509033,-2.064296,7.494136,1.365832
1242,12.406768321990967,-2.06908,7.699848,1.105104
1243,12.416365623474121,-1.846624,7.903168,0.935272
1244,12.426980257034302,-1.59068,8.297848,0.68172
1245,12.436715126037598,-1.203176,8.63512,0.779792
1246,12.44649338722229,-0.880256,9.056112,0.784576
1247,12.456965446472168,-0.751088,9.788064,0.963976
1248,12.466671228408813,-0.576472,10.395632,0.746304
1249,12.476219892501831,-0.557336,10.864464,0.540592
1250,12.486937761306763,-0.420992,11.474424,1.337128
1251,12.496131896972656,-0.760656,12.034152,1.71028
1252,12.506388902664185,0.6578,11.955216,0.96876
1253,12.51711392402649,0.08372,12.062856,2.243696
1254,12.526345491409302,-1.3156,11.144328,1.94948
1255,12.536394834518433,-2.04516,11.359608,1.631344
1256,12.547118425369263,-1.265368,12.120264,1.456728
1257,12.556366920471191,-0.01196,13.29952,1.306032
1258,12.566391229629517,0.540592,14.529008,1.224704
1259,12.577077627182007,0.52624,14.548144,1.356264
1260,12.5861976146698,0.052624,13.481312,1.975792
1261,12.596174716949463,-0.377936,12.266176,2.844088
1262,12.606832027435303,-0.607568,10.854896,3.186144
1263,12.6163489818573,-0.258336,9.728264,3.088072
1264,12.626729011535645,-0.04784,8.496384,2.647944
1265,12.636919736862183,0.098072,7.884032,2.612064
1266,12.646700143814087,0.672152,8.496384,2.757976
1267,12.656720876693726,0.571688,9.924408,2.624024
1268,12.666679382324219,-0.265512,11.33808,2.5714
1269,12.676407098770142,-1.370616,12.232688,2.815384
1270,12.686698913574219,-1.65048,12.194416,2.396784
1271,12.696974515914917,-1.41128,12.096344,2.60728
1272,12.706969738006592,-0.90896,12.923976,3.403816
1273,12.716682195663452,0.09568,12.347504,2.777112
1274,12.726963520050049,1.129024,11.304592,2.458976
1275,12.736699342727661,1.971008,10.304736,2.432664
1276,12.74637770652771,2.509208,9.144616,2.506816
1277,12.756943464279175,2.370472,8.1926,2.815384
1278,12.766705513000488,1.791608,7.37932,3.078504
1279,12.776721239089966,1.05248,6.628232,3.126344
1280,12.786978244781494,0.141128,6.020664,3.174184
1281,12.796691179275513,-0.533416,5.554224,3.150264
1282,12.806704044342041,-1.258192,5.281536,3.415776
1283,12.816926956176758,-0.973544,5.410704,3.078504
1284,12.826727867126465,-1.870544,5.039944,2.597712
1285,12.836354970932007,-1.94948,4.932304,2.071472
1286,12.84715747833252,-1.660048,6.618664,3.178968
1287,12.856701374053955,-2.100176,7.5946,2.700568
1288,12.866692066192627,-2.908672,7.43912,1.72224
1289,12.876945972442627,-3.162224,7.185568,1.021384
1290,12.886730909347534,-2.970864,7.783568,1.301248
1291,12.896763324737549,-2.61924,8.955648,2.102568
1292,12.906970739364624,-2.346552,9.455576,2.24848
1293,12.916694641113281,-2.279576,9.216376,2.143232
1294,12.926727056503296,-2.274792,8.895848,2.24848
1295,12.936922311782837,-2.351336,8.671,2.23652
1296,12.946716785430908,-2.392,8.663824,2.29632
1297,12.95629334449768,-2.626416,8.943688,2.250872
1298,12.96693754196167,-3.006744,9.441224,2.2724
1299,12.976720333099365,-3.159832,9.895704,2.329808
1300,12.9867422580719,-3.422952,10.051184,2.49964
1301,12.996989727020264,-3.669328,10.075104,2.497248
1302,13.006735563278198,-4.001816,10.087064,2.4518
1303,13.016743421554565,-4.298424,10.18992,2.5116
1304,13.026966094970703,-4.202744,10.395632,2.58336
1305,13.036710977554321,-3.776968,10.62048,2.6312
1306,13.046725273132324,-3.135912,11.173032,2.425488
1307,13.05692458152771,-2.71492,12.070032,2.159976
1308,13.066303968429565,-2.52356,12.778064,1.9734
1309,13.076374292373657,-2.267616,13.069888,1.779648
1310,13.08702826499939,-1.887288,12.730224,1.966224
1311,13.09675931930542,-1.583504,12.125048,2.14084
1312,13.106764793395996,-1.382576,11.61316,2.217384
1313,13.116994142532349,-1.444768,11.084528,2.143232
1314,13.12670612335205,-1.705496,10.948184,2.054728
1315,13.136732339859009,-1.915992,10.93144,1.796392
1316,13.146991491317749,-2.456584,11.512696,1.636128
1317,13.156274795532227,-3.080896,12.026976,1.428024
1318,13.166748762130737,-3.475576,12.297272,1.097928
1319,13.176935911178589,-3.434912,12.21116,0.923312
1320,13.186235427856445,-3.111992,12.196808,0.963976
1321,13.196734189987183,-2.592928,12.278136,1.138592
1322,13.206960201263428,-1.868152,12.0796,1.033344
1323,13.21637511253357,-0.990288,11.82844,1.04052
1324,13.226343393325806,-0.081328,11.464856,1.155336
1325,13.236763954162598,0.722384,11.007984,1.349088
1326,13.246736764907837,1.344304,10.39324,1.528488
1327,13.256720781326294,1.636128,9.6876,1.78204
1328,13.267162322998047,1.748552,8.938904,2.037984
1329,13.276698350906372,1.648088,8.171072,2.083432
1330,13.28658390045166,1.502176,7.338656,2.193464
1331,13.296946048736572,1.246232,6.726304,2.23652
1332,13.306745290756226,0.937664,6.185712,2.274792
1333,13.316275596618652,0.483184,6.001528,2.222168
1334,13.326940298080444,0.007176,5.791032,2.066688
1335,13.336744546890259,-0.315744,5.78864,1.939912
1336,13.346425294876099,-0.672152,5.862792,1.75812
1337,13.356754779815674,-0.918528,6.125912,1.705496
1338,13.366725444793701,-1.191216,6.369896,1.57872
1339,13.376416444778442,-1.227096,6.644976,1.346696
1340,13.386979818344116,-1.432808,6.917664,1.222312
1341,13.396735906600952,-1.528488,7.209488,1.131416
1342,13.406346797943115,-1.497392,7.417592,0.963976
1343,13.416991949081421,-1.485432,7.723768,0.758264
1344,13.426312446594238,-1.262976,8.094528,0.63388
1345,13.436704158782959,-0.808496,8.541832,0.473616
1346,13.446955919265747,-0.547768,9.264216,0.456872
1347,13.456700563430786,-0.19136,9.919624,0.471224
1348,13.466750383377075,0.050232,10.235368,0.351624
1349,13.47704291343689,0.332488,10.553504,-0.126776
1350,13.48673939704895,0.026312,11.079744,0.356408
1351,13.49671745300293,0.112424,11.814088,0.679328
1352,13.506956577301025,0.234416,11.914552,1.370616
1353,13.51661992073059,-1.5548,11.256752,1.691144
1354,13.526766538619995,-2.748408,11.20652,1.282112
1355,13.536959171295166,-2.310672,11.632296,1.490216
1356,13.546674966812134,-0.851552,12.220728,1.875328
1357,13.55673861503601,0.13156,13.13208,2.052336
1358,13.566856145858765,0.385112,14.007552,1.750944
1359,13.576710939407349,-0.014352,14.263496,1.509352
1360,13.58675217628479,-0.444912,13.6344,1.849016
1361,13.596948862075806,-0.74152,12.634544,2.588144
1362,13.606245994567871,-0.715208,11.407448,2.99
1363,13.616707801818848,-0.026312,10.11816,3.238768
1364,13.626714944839478,0.4186,8.714056,3.004352
1365,13.636714696884155,0.978328,7.790744,2.96608
1366,13.64672565460205,1.884896,8.077784,3.143088
1367,13.656934976577759,2.004496,8.773856,2.94216
1368,13.666688680648804,1.131416,9.608664,2.743624
1369,13.676689863204956,-0.07176,10.522408,2.325024
1370,13.686959981918335,-0.882648,11.237616,2.411136
1371,13.696714162826538,-0.963976,11.821264,2.757976
1372,13.706443309783936,-0.200928,12.072424,2.327416
1373,13.716949701309204,0.72956,12.105912,2.518776
1374,13.72672963142395,1.533272,12.084384,3.03784
1375,13.736689805984497,2.054728,11.531832,2.815384
1376,13.746949911117554,2.150408,10.264072,2.470936
1377,13.756706476211548,1.920776,9.269,2.700568
1378,13.766708135604858,1.50696,8.5514,3.078504
1379,13.776937246322632,0.916136,7.776392,3.190928
1380,13.786697626113892,0.578864,7.183176,2.997176
1381,13.796329498291016,-0.133952,6.496672,3.39664
1382,13.806246042251587,-0.449696,5.666648,3.059368
1383,13.816379070281982,-1.260584,5.642728,3.370328
1384,13.826762199401855,-1.631344,5.70492,3.387072
1385,13.83694314956665,-2.561832,4.348656,2.150408
1386,13.846978902816772,-2.195856,5.63316,3.573648
1387,13.856708526611328,-2.392,6.92484,3.626272
1388,13.867027282714844,-3.1096,7.333872,2.777112
1389,13.876735925674438,-3.614312,6.821984,1.679184
1390,13.886727809906006,-3.544944,7.051616,1.535664
1391,13.896965742111206,-3.415776,8.269144,2.277184
1392,13.906781673431396,-3.236376,9.24508,2.554656
1393,13.91637396812439,-2.915848,9.503416,2.171936
1394,13.926939249038696,-2.765152,9.16136,2.198248
1395,13.936986684799194,-2.602496,8.855184,2.325024
1396,13.946722269058228,-2.5714,8.71884,2.26044
1397,13.95694088935852,-2.781896,8.859968,2.396784
1398,13.96674132347107,-3.078504,9.16136,2.243696
1399,13.976698160171509,-3.568864,9.644544,2.205424
1400,13.986978769302368,-3.939624,10.084672,2.28436
1401,13.996748208999634,-4.20992,10.115768,2.289144
1402,14.006411075592041,-4.511312,10.242544,2.3322
1403,14.01699948310852,-4.702672,10.347792,2.191072
1404,14.026340246200562,-4.8438,10.517624,2.1528
1405,14.036776781082153,-4.611776,10.491312,2.358512
1406,14.046959161758423,-3.951584,10.625264,2.41592
1407,14.056808233261108,-3.544944,11.321336,2.255656
1408,14.066755294799805,-3.351192,12.316408,1.94948
1409,14.076959133148193,-3.262688,12.876136,1.643304
1410,14.086713075637817,-2.772328,12.830688,1.741376
1411,14.096764087677002,-1.98536,12.213552,2.119312
1412,14.106970071792603,-1.114672,11.35004,2.325024
1413,14.11628770828247,-0.832416,10.582208,2.48768
1414,14.12642788887024,-0.897,9.965072,2.437448
1415,14.136959075927734,-1.373008,9.694776,2.191072
1416,14.146720170974731,-2.109744,10.055968,2.030808
1417,14.156698942184448,-2.937376,10.65636,1.741376
1418,14.166939735412598,-3.604744,11.232832,1.533272
1419,14.176745891571045,-4.099888,11.62512,1.581112
1420,14.186350584030151,-4.183608,11.596416,1.341912
1421,14.196946620941162,-3.887,11.443328,1.2558
1422,14.20678448677063,-3.245944,11.462464,0.925704
1423,14.216748714447021,-2.42788,11.503128,0.700856
1424,14.227018594741821,-1.377792,11.711232,0.629096
1425,14.236755847930908,-0.205712,11.522264,0.696072
1426,14.246713638305664,0.93288,11.048648,0.856336
1427,14.256952047348022,1.798784,10.510448,1.32756
1428,14.266697406768799,2.34416,9.745008,1.736592
1429,14.276725053787231,2.624024,8.924552,1.956656
1430,14.286932945251465,2.566616,8.12084,2.088216
1431,14.296746492385864,2.313064,7.412808,2.358512
1432,14.306726455688477,2.023632,6.891352,2.293928
1433,14.317158699035645,1.609816,6.50624,2.372864
1434,14.326755046844482,1.200784,6.367504,2.36808
1435,14.336756706237793,0.696072,6.250296,2.28436
1436,14.346380472183228,0.090896,6.26704,2.136056
1437,14.356346845626831,-0.5382,6.336408,2.109744
1438,14.366701126098633,-1.11228,6.549296,2.016456
1439,14.3770010471344,-1.633736,6.857864,1.84184
1440,14.38673186302185,-1.882504,7.185568,1.705496
1441,14.396744728088379,-2.159976,7.573072,1.523704
1442,14.406990051269531,-2.217384,7.80988,1.490216
1443,14.41673731803894,-2.203032,7.98928,1.260584
1444,14.42631483078003,-2.088216,8.206952,1.081184
1445,14.436743021011353,-1.765296,8.417448,1.018992
1446,14.446737051010132,-1.451944,8.893456,0.923312
1447,14.45677900314331,-1.06444,9.450792,0.798928
1448,14.46685791015625,-0.7176,10.063144,0.743912
1449,14.476949214935303,-0.344448,10.603736,0.916136
1450,14.486706972122192,-0.031096,10.917088,0.858728
1451,14.496915817260742,-0.093288,11.041472,0.987896
1452,14.506395816802979,1.038128,9.960288,-0.148304
1453,14.516507863998413,-0.368368,12.502984,2.626416
1454,14.526936292648315,2.018848,11.474424,0.90896
1455,14.536571502685547,0.31096,11.283064,2.686216
1456,14.546665668487549,-1.11228,10.938616,2.090608
1457,14.55698847770691,-1.337128,12.15136,1.21992
1458,14.566936492919922,-0.432952,13.500448,0.667368
1459,14.576697587966919,0.626704,14.51944,1.119456
1460,14.58691120147705,1.451944,14.39984,1.789216
1461,14.596976041793823,1.669616,12.981384,2.246088
1462,14.606391906738281,1.16012,11.773424,2.805816
1463,14.61693024635315,0.830024,10.505664,3.004352
1464,14.626243114471436,0.664976,9.180496,2.899104
1465,14.636667728424072,0.57408,8.534656,3.00196
1466,14.646947860717773,0.602784,8.221304,2.992392
1467,14.65669322013855,0.404248,8.577712,2.95412
1468,14.666325569152832,-0.296608,9.802416,3.07372
1469,14.67693829536438,-1.150552,11.603592,3.5282
1470,14.686703443527222,-1.143376,11.8404,3.19332
1471,14.69665241241455,-0.583648,11.799736,3.045016
1472,14.706952095031738,-0.078936,12.158536,3.293784
1473,14.716698408126831,0.397072,12.42644,3.219632
1474,14.726683855056763,1.12424,11.692096,2.65512
1475,14.737165451049805,1.595464,10.764,2.736448
1476,14.746646404266357,1.882504,9.673248,2.860832
1477,14.756678342819214,1.834664,8.728408,2.915848
1478,14.76667833328247,1.349088,7.936656,3.226808
1479,14.776723146438599,0.731952,7.178392,3.202888
1480,14.786708354949951,0.088504,6.585176,3.250728
1481,14.796948194503784,-0.5382,6.08764,3.329664
1482,14.806734323501587,-0.93288,5.71688,3.08568
1483,14.816293001174927,-1.633736,5.602064,3.413384
1484,14.827035427093506,-1.289288,5.965648,3.422952
1485,14.836350440979004,-2.219776,5.444192,2.815384
1486,14.84670114517212,-2.2126,5.315024,2.480504
1487,14.856937408447266,-1.82988,6.47036,3.721952
1488,14.86638879776001,-2.336984,7.28364,3.367936
1489,14.876365184783936,-3.006744,7.31952,2.46376
1490,14.88693618774414,-3.236376,6.951152,1.762904
1491,14.896679401397705,-2.920632,7.101848,1.920776
1492,14.906317710876465,-2.521168,8.02516,2.561832
1493,14.916971206665039,-2.253264,8.776248,2.717312
1494,14.926269054412842,-2.40396,9.036976,2.54748
1495,14.93671703338623,-2.65512,8.960432,2.418312
1496,14.946959972381592,-3.116776,8.931728,2.281968
1497,14.95671558380127,-3.427736,9.23312,2.346552
1498,14.966710805892944,-3.8272,9.393384,2.365688
1499,14.97694706916809,-4.133376,9.644544,2.435056
1500,14.986414194107056,-4.087928,9.821552,2.695784
1501,14.996673107147217,-3.848728,9.945936,2.793856
