//Date Created 2022-12-09 13:09:35.026827
"//Units: sec, m/s/s"
Action,waiting
SampleRate,100.0
Frames#,Time,AccX,AccY,AccZ
1,4.291534423828125e-06,-5.996744,7.467824,1.468688
2,0.007185459136962891,-5.94412,7.396064,1.396928
3,0.01719498634338379,-5.90824,7.360184,1.413672
4,0.02772045135498047,-5.977608,7.341048,1.310816
5,0.03697967529296875,-5.987176,7.226232,1.380184
6,0.04709315299987793,-5.975216,7.286032,1.341912
7,0.057767629623413086,-6.001528,7.28364,1.27972
8,0.06702947616577148,-5.999136,7.341048,1.33952
9,0.07718873023986816,-5.989568,7.321912,1.370616
10,0.08776187896728516,-6.06372,7.360184,1.30364
11,0.09709477424621582,-6.12352,7.360184,1.368224
12,0.10724782943725586,-6.054152,7.417592,1.356264
13,0.11725234985351562,-6.07568,7.419984,1.325168
14,0.1271975040435791,-6.011096,7.400848,1.392144
15,0.13751840591430664,-5.924984,7.408024,1.33952
16,0.14780616760253906,-5.886712,7.434336,1.368224
17,0.1575155258178711,-5.913024,7.453472,1.404104
18,0.16720867156982422,-5.898672,7.434336,1.277328
19,0.17791199684143066,-5.98,7.388888,1.270152
20,0.1875598430633545,-5.970432,7.372144,1.365832
21,0.19713211059570312,-5.846048,7.372144,1.341912
22,0.20792055130004883,-5.874752,7.3554,1.396928
23,0.2172255516052246,-5.8006,7.400848,1.45912
24,0.22724103927612305,-5.8006,7.372144,1.425632
25,0.23781037330627441,-5.826912,7.324304,1.392144
26,0.24721384048461914,-5.834088,7.36736,1.382576
27,0.25722789764404297,-5.829304,7.429552,1.442376
28,0.26792240142822266,-5.850832,7.4152,1.451944
29,0.2772345542907715,-5.891496,7.372144,1.495
30,0.28756284713745117,-5.889104,7.417592,1.396928
31,0.2979240417480469,-5.83648,7.400848,1.461512
32,0.30724048614501953,-5.953688,7.434336,1.516528
33,0.31723952293395996,-5.905848,7.345832,1.461512
34,0.327803373336792,-5.901064,7.360184,1.516528
35,0.3375704288482666,-5.87236,7.37932,1.475864
36,0.34709715843200684,-5.88432,7.393672,1.485432
37,0.35793066024780273,-5.972824,7.36736,1.392144
38,0.36719703674316406,-6.013488,7.274072,1.425632
39,0.3771696090698242,-6.0398,7.353008,1.394536
40,0.38771820068359375,-6.05176,7.338656,1.428024
41,0.39716529846191406,-6.01588,7.386496,1.454336
42,0.40709447860717773,-5.95608,7.3554,1.468688
43,0.41774678230285645,-5.941728,7.276464,1.454336
44,0.42718029022216797,-5.874752,7.302776,1.413672
45,0.43749237060546875,-5.927376,7.269288,1.33952
46,0.4478635787963867,-5.898672,7.231016,1.349088
47,0.45783400535583496,-5.970432,7.16404,1.191216
48,0.46721887588500977,-5.929768,7.173608,1.298856
49,0.47788548469543457,-5.850832,7.24776,1.4352
50,0.4875218868255615,-5.831696,7.362576,1.490216
51,0.49718451499938965,-5.846048,7.388888,1.526096
52,0.5078797340393066,-5.881928,7.324304,1.550016
53,0.5171911716461182,-5.922592,7.286032,1.605032
54,0.5272159576416016,-5.905848,7.238192,1.600248
55,0.5377144813537598,-5.891496,7.209488,1.571544
56,0.5472009181976318,-5.807776,7.197528,1.621776
57,0.55718994140625,-5.771896,7.216664,1.5548
58,0.5677385330200195,-5.712096,7.173608,1.444768
59,0.5771546363830566,-5.879536,7.147296,1.50696
60,0.587519645690918,-5.889104,7.106632,1.480648
61,0.59786057472229,-6.011096,7.135336,1.370616
62,0.6071445941925049,-5.987176,7.120984,1.523704
63,0.6171829700469971,-6.097208,7.221448,1.688752
64,0.6277570724487305,-6.020664,7.305168,1.605032
65,0.6370260715484619,-6.025448,7.374536,1.624168
66,0.6471662521362305,-5.970432,7.36736,1.545232
67,0.6577355861663818,-5.96804,7.31952,1.619384
68,0.6671204566955566,-5.982392,7.27168,1.609816
69,0.6772348880767822,-6.013488,7.281248,1.607424
70,0.6877808570861816,-5.96804,7.238192,1.755728
71,0.6972160339355469,-5.838872,7.21188,1.683968
72,0.7072246074676514,-5.771896,7.14012,1.660048
73,0.7177937030792236,-5.731232,7.109024,1.652872
74,0.7278599739074707,-5.628376,7.094672,1.660048
75,0.7371945381164551,-5.578144,7.147296,1.60264
76,0.7478675842285156,-5.587712,7.197528,1.571544
77,0.7571377754211426,-5.611632,7.238192,1.456728
78,0.7671627998352051,-5.743192,7.123376,1.401712
79,0.7777576446533203,-5.877144,7.101848,1.550016
80,0.7872660160064697,-5.898672,7.094672,1.528488
81,0.7972245216369629,-5.89628,7.21188,1.516528
82,0.8078968524932861,-5.82452,7.302776,1.62656
83,0.8172383308410645,-5.678608,7.467824,1.62656
84,0.8272511959075928,-5.690568,7.422376,1.655264
85,0.8377797603607178,-5.659472,7.40324,1.71028
86,0.8472096920013428,-5.578144,7.539584,1.66244
87,0.8570280075073242,-5.539872,7.52284,1.657656
88,0.8676707744598389,-5.630768,7.501312,1.62656
89,0.8769495487213135,-5.733624,7.45108,1.430416
90,0.8870108127593994,-5.805384,7.465432,1.408888
91,0.8976986408233643,-5.946512,7.388888,1.41128
92,0.9071531295776367,-5.939336,7.412808,1.33952
93,0.9171302318572998,-5.987176,7.405632,1.384968
94,0.9278509616851807,-5.941728,7.408024,1.389752
95,0.9374806880950928,-5.793424,7.455864,1.389752
96,0.9471280574798584,-5.853224,7.501312,1.478256
97,0.9578266143798828,-5.865184,7.568288,1.535664
98,0.9671063423156738,-5.886712,7.611344,1.633736
99,0.9771878719329834,-5.987176,7.604168,1.691144
100,0.9876916408538818,-6.020664,7.549152,1.640912
101,0.9971818923950195,-6.080464,7.491744,1.74616
102,1.0071706771850586,-6.042192,7.515664,1.676792
103,1.0178842544555664,-5.913024,7.446296,1.7342
104,1.0271730422973633,-5.905848,7.448688,1.691144
105,1.0375118255615234,-5.826912,7.388888,1.87772
106,1.0478696823120117,-5.77668,7.422376,1.794
107,1.0571858882904053,-5.834088,7.405632,1.846624
108,1.067190170288086,-5.822128,7.46304,1.765296
109,1.0777015686035156,-5.881928,7.39128,1.748552
110,1.0875113010406494,-5.83648,7.364968,1.693536
111,1.0971729755401611,-5.774288,7.317128,1.65048
112,1.1079013347625732,-5.767112,7.312344,1.655264
113,1.117180585861206,-5.69296,7.226232,1.609816
114,1.1271748542785645,-5.635552,7.185568,1.53088
115,1.1377005577087402,-5.515952,7.250152,1.561976
116,1.14717435836792,-5.482464,7.326696,1.557192
117,1.1571781635284424,-5.382,7.364968,1.51892
118,1.1677908897399902,-5.295888,7.312344,1.54284
119,1.1771624088287354,-5.374824,7.348224,1.456728
120,1.1871531009674072,-5.317416,7.312344,1.504568
121,1.1978721618652344,-5.4418,7.333872,1.5548
122,1.2071843147277832,-5.46572,7.317128,1.509352
123,1.2171807289123535,-5.575752,7.372144,1.521312
124,1.2277348041534424,-5.654688,7.2956,1.53088
125,1.2369847297668457,-5.779072,7.37932,1.6146
126,1.2471606731414795,-5.853224,7.362576,1.59068
127,1.2578556537628174,-5.802992,7.386496,1.669616
128,1.2671325206756592,-5.84844,7.348224,1.719848
129,1.2771673202514648,-5.893888,7.36736,1.760512
130,1.2876863479614258,-5.96804,7.393672,1.796392
131,1.2971999645233154,-6.001528,7.360184,1.801176
132,1.3071763515472412,-5.89628,7.384104,1.849016
133,1.3178789615631104,-5.843656,7.338656,1.7342
134,1.327181339263916,-5.8604,7.412808,1.84184
135,1.3375065326690674,-5.78864,7.446296,1.798784
136,1.3477427959442139,-5.767112,7.465432,1.767688
137,1.3571841716766357,-5.802992,7.42716,1.80596
138,1.367053747177124,-5.838872,7.381712,1.703104
139,1.3778343200683594,-5.817344,7.39128,1.77008
140,1.3875153064727783,-5.874752,7.460648,1.69832
141,1.3971848487854004,-5.855616,7.412808,1.681576
142,1.4071719646453857,-5.795816,7.419984,1.645696
143,1.4171738624572754,-5.819736,7.424768,1.633736
144,1.4271881580352783,-5.846048,7.37932,1.571544
145,1.437692642211914,-5.867576,7.374536,1.50696
146,1.44716477394104,-5.858008,7.345832,1.595464
147,1.457165002822876,-5.8604,7.376928,1.559584
148,1.4672081470489502,-5.814952,7.384104,1.526096
149,1.477088212966919,-5.855616,7.429552,1.619384
150,1.4873454570770264,-5.8604,7.419984,1.528488
151,1.4978704452514648,-5.802992,7.317128,1.619384
152,1.5071759223937988,-5.771896,7.333872,1.612208
153,1.5171699523925781,-5.71688,7.405632,1.63852
154,1.5278761386871338,-5.7408,7.33148,1.607424
155,1.5374996662139893,-5.688176,7.345832,1.633736
156,1.547175645828247,-5.678608,7.324304,1.66244
157,1.5579044818878174,-5.736016,7.300384,1.655264
158,1.567084550857544,-5.834088,7.364968,1.705496
159,1.5771827697753906,-5.84844,7.39128,1.69832
160,1.587707281112671,-5.843656,7.417592,1.593072
161,1.5971710681915283,-5.901064,7.42716,1.50696
162,1.6071805953979492,-5.903456,7.408024,1.56676
163,1.6178994178771973,-5.88432,7.412808,1.612208
164,1.627169132232666,-5.810168,7.372144,1.616992
165,1.637507677078247,-5.798208,7.419984,1.559584
166,1.647876501083374,-5.834088,7.36736,1.547624
167,1.6571760177612305,-5.786248,7.353008,1.547624
168,1.6671850681304932,-5.762328,7.33148,1.585896
169,1.6779224872589111,-5.774288,7.33148,1.628952
170,1.6878011226654053,-5.7408,7.40324,1.583504
171,1.6971652507781982,-5.738408,7.42716,1.557192
172,1.7079050540924072,-5.736016,7.42716,1.545232
173,1.7171719074249268,-5.78864,7.400848,1.528488
174,1.7271449565887451,-5.843656,7.453472,1.564368
175,1.737882137298584,-5.879536,7.470216,1.428024
176,1.747882604598999,-5.829304,7.434336,1.523704
177,1.7571797370910645,-5.841264,7.405632,1.514136
178,1.7679526805877686,-5.913024,7.412808,1.593072
179,1.7771646976470947,-5.817344,7.408024,1.526096
180,1.7871336936950684,-5.841264,7.479784,1.533272
181,1.7971665859222412,-5.834088,7.412808,1.612208
182,1.8071668148040771,-5.853224,7.4152,1.657656
183,1.81703782081604,-5.865184,7.431944,1.597856
184,1.8279433250427246,-5.8006,7.40324,1.643304
185,1.8370213508605957,-5.877144,7.422376,1.60264
186,1.8472049236297607,-5.834088,7.405632,1.636128
187,1.857027530670166,-5.84844,7.408024,1.624168
188,1.8669734001159668,-5.89628,7.398456,1.660048
189,1.8768882751464844,-5.817344,7.314736,1.5548
190,1.8877372741699219,-5.822128,7.42716,1.51892
191,1.8971154689788818,-5.867576,7.34344,1.552408
192,1.9071333408355713,-5.795816,7.422376,1.583504
193,1.9171438217163086,-5.8604,7.396064,1.588288
194,1.9271423816680908,-5.791032,7.372144,1.523704
195,1.9374535083770752,-5.853224,7.472608,1.442376
196,1.9479219913482666,-5.83648,7.348224,1.509352
197,1.9571657180786133,-5.810168,7.386496,1.466296
198,1.967193841934204,-5.755152,7.39128,1.569152
199,1.9777374267578125,-5.743192,7.369752,1.535664
200,1.987487554550171,-5.769504,7.345832,1.521312
201,1.9974887371063232,-5.841264,7.350616,1.523704
202,2.0079729557037354,-5.810168,7.386496,1.526096
203,2.0171916484832764,-5.77668,7.376928,1.504568
204,2.0271785259246826,-5.759936,7.419984,1.595464
205,2.037733793258667,-5.771896,7.369752,1.607424
206,2.0471765995025635,-5.786248,7.30756,1.6146
207,2.0571627616882324,-5.829304,7.376928,1.657656
208,2.0671772956848145,-5.846048,7.405632,1.628952
209,2.0772221088409424,-5.89628,7.353008,1.51892
210,2.0876340866088867,-5.877144,7.386496,1.573936
211,2.097163438796997,-5.877144,7.357792,1.559584
212,2.1071600914001465,-5.84844,7.324304,1.53088
213,2.1171576976776123,-5.755152,7.357792,1.559584
214,2.1279044151306152,-5.819736,7.400848,1.564368
215,2.13749623298645,-5.786248,7.36736,1.60264
216,2.1471612453460693,-5.843656,7.386496,1.605032
217,2.1578047275543213,-5.802992,7.376928,1.628952
218,2.167168378829956,-5.774288,7.405632,1.62656
219,2.1770577430725098,-5.77668,7.410416,1.571544
220,2.1877143383026123,-5.783856,7.45108,1.545232
221,2.197495460510254,-5.769504,7.501312,1.535664
222,2.207110643386841,-5.762328,7.436728,1.547624
223,2.2170870304107666,-5.712096,7.460648,1.545232
224,2.227121591567993,-5.7408,7.357792,1.523704
225,2.2370004653930664,-5.661864,7.36736,1.633736
226,2.2477235794067383,-5.791032,7.36736,1.54284
227,2.2569339275360107,-5.757544,7.372144,1.497392
228,2.26698899269104,-5.814952,7.353008,1.538056
229,2.2778778076171875,-5.783856,7.364968,1.509352
230,2.287081003189087,-5.802992,7.30756,1.56676
231,2.2971527576446533,-5.81256,7.321912,1.550016
232,2.3079285621643066,-5.726448,7.369752,1.533272
233,2.3171498775482178,-5.779072,7.341048,1.54284
234,2.327162265777588,-5.84844,7.321912,1.62656
235,2.3377039432525635,-5.819736,7.34344,1.600248
236,2.34716534614563,-5.75276,7.37932,1.573936
237,2.3571786880493164,-5.771896,7.422376,1.585896
238,2.367945671081543,-5.822128,7.381712,1.636128
239,2.3770031929016113,-5.84844,7.369752,1.62656
240,2.387514352798462,-5.874752,7.317128,1.640912
241,2.397895574569702,-5.829304,7.341048,1.652872
242,2.4071273803710938,-5.862792,7.362576,1.585896
243,2.4171359539031982,-5.898672,7.350616,1.616992
244,2.4276795387268066,-5.771896,7.333872,1.62656
245,2.4370603561401367,-5.822128,7.357792,1.59068
246,2.4474291801452637,-5.905848,7.381712,1.57872
247,2.4579031467437744,-5.831696,7.290816,1.593072
248,2.467174768447876,-5.867576,7.386496,1.600248
249,2.4772377014160156,-5.886712,7.374536,1.648088
250,2.4878287315368652,-5.843656,7.376928,1.550016
251,2.4972071647644043,-5.869968,7.39128,1.660048
252,2.507175922393799,-5.771896,7.341048,1.585896
253,2.5179262161254883,-5.829304,7.338656,1.597856
254,2.5271799564361572,-5.841264,7.324304,1.559584
255,2.5375638008117676,-5.82452,7.350616,1.581112
256,2.547927141189575,-5.805384,7.39128,1.633736
257,2.5578861236572266,-5.791032,7.353008,1.54284
258,2.5671908855438232,-5.831696,7.3554,1.585896
259,2.577777862548828,-5.879536,7.33148,1.581112
260,2.587538719177246,-5.81256,7.2956,1.59068
261,2.5971877574920654,-5.87236,7.305168,1.63852
262,2.6077663898468018,-5.819736,7.25972,1.655264
263,2.61722731590271,-5.826912,7.324304,1.54284
264,2.6272218227386475,-5.802992,7.34344,1.631344
265,2.6377651691436768,-5.786248,7.30756,1.559584
266,2.647172451019287,-5.786248,7.384104,1.645696
267,2.6575474739074707,-5.843656,7.417592,1.559584
268,2.6679275035858154,-5.850832,7.384104,1.607424
269,2.6769983768463135,-5.87236,7.393672,1.59068
270,2.687136173248291,-5.850832,7.348224,1.657656
271,2.6979219913482666,-5.850832,7.302776,1.600248
272,2.7071900367736816,-5.901064,7.329088,1.640912
273,2.717503786087036,-5.889104,7.30756,1.573936
274,2.7278919219970703,-5.877144,7.300384,1.605032
275,2.7375190258026123,-5.858008,7.309952,1.652872
276,2.7471680641174316,-5.891496,7.357792,1.631344
277,2.757803440093994,-5.853224,7.326696,1.559584
278,2.767216682434082,-5.898672,7.350616,1.621776
279,2.7771477699279785,-5.88432,7.381712,1.62656
280,2.787933349609375,-5.953688,7.398456,1.724632
281,2.797250270843506,-5.917808,7.34344,1.738984
282,2.806995153427124,-5.90824,7.3554,1.628952
283,2.8178200721740723,-5.78864,7.357792,1.68636
284,2.8273160457611084,-5.865184,7.33148,1.616992
285,2.8372249603271484,-5.915416,7.266896,1.655264
286,2.847825050354004,-5.889104,7.333872,1.60264
287,2.857196092605591,-5.822128,7.190352,1.683968
288,2.8672542572021484,-5.843656,7.302776,1.66244
289,2.8777880668640137,-5.853224,7.290816,1.633736
290,2.8872158527374268,-5.83648,7.338656,1.600248
291,2.897209405899048,-5.886712,7.338656,1.583504
292,2.907921075820923,-5.939336,7.266896,1.573936
293,2.9172136783599854,-5.881928,7.326696,1.62656
294,2.92726731300354,-5.843656,7.362576,1.616992
295,2.9376120567321777,-5.826912,7.353008,1.648088
296,2.9472131729125977,-5.81256,7.384104,1.523704
297,2.957275390625,-5.889104,7.357792,1.550016
298,2.9678401947021484,-5.881928,7.398456,1.535664
299,2.9771974086761475,-5.862792,7.341048,1.62656
300,2.9870831966400146,-5.834088,7.33148,1.660048
301,2.9977986812591553,-5.843656,7.305168,1.628952
302,3.007178783416748,-5.771896,7.333872,1.612208
303,3.0171940326690674,-5.743192,7.412808,1.583504
304,3.027799606323242,-5.810168,7.333872,1.6146
305,3.0370216369628906,-5.850832,7.348224,1.561976
306,3.0471866130828857,-5.901064,7.360184,1.495
307,3.057823896408081,-5.910632,7.33148,1.585896
308,3.067108631134033,-5.951296,7.338656,1.657656
309,3.077087163925171,-5.951296,7.28364,1.609816
310,3.0878329277038574,-5.90824,7.250152,1.616992
311,3.097257375717163,-5.807776,7.305168,1.583504
312,3.10756254196167,-5.862792,7.341048,1.576328
313,3.1179399490356445,-5.846048,7.362576,1.593072
314,3.1272430419921875,-5.881928,7.326696,1.583504
315,3.1375553607940674,-5.853224,7.360184,1.57872
316,3.1479454040527344,-5.843656,7.305168,1.5548
317,3.1572442054748535,-5.893888,7.274072,1.631344
318,3.167245626449585,-5.858008,7.290816,1.672008
319,3.1779308319091797,-5.877144,7.314736,1.59068
320,3.187589406967163,-5.910632,7.324304,1.655264
321,3.1971335411071777,-5.910632,7.348224,1.624168
322,3.207827091217041,-5.898672,7.345832,1.612208
323,3.2171664237976074,-5.941728,7.33148,1.679184
324,3.2271947860717773,-5.924984,7.305168,1.490216
325,3.2377665042877197,-5.877144,7.30756,1.593072
326,3.2472267150878906,-5.855616,7.317128,1.6146
327,3.2572720050811768,-5.891496,7.276464,1.54284
328,3.2679338455200195,-5.81256,7.245368,1.559584
329,3.2772438526153564,-5.858008,7.27168,1.588288
330,3.2875583171844482,-5.841264,7.297992,1.59068
331,3.29781436920166,-5.77668,7.33148,1.53088
332,3.3071250915527344,-5.893888,7.326696,1.576328
333,3.3172500133514404,-5.867576,7.317128,1.667224
334,3.3279361724853516,-5.929768,7.329088,1.56676
335,3.3375463485717773,-5.783856,7.293208,1.595464
336,3.3472230434417725,-5.798208,7.314736,1.573936
337,3.357959032058716,-5.929768,7.317128,1.59068
338,3.3672430515289307,-5.841264,7.312344,1.547624
339,3.3771815299987793,-5.917808,7.297992,1.62656
340,3.387763500213623,-5.862792,7.305168,1.664832
341,3.3972268104553223,-5.90824,7.300384,1.600248
342,3.4072279930114746,-5.853224,7.317128,1.63852
343,3.4179351329803467,-5.915416,7.338656,1.581112
344,3.4271092414855957,-5.901064,7.281248,1.576328
345,3.437535524368286,-5.903456,7.305168,1.585896
346,3.4479711055755615,-5.8604,7.276464,1.557192
347,3.4571995735168457,-5.843656,7.314736,1.545232
348,3.4670939445495605,-5.898672,7.314736,1.528488
349,3.4775805473327637,-5.867576,7.34344,1.65048
350,3.4869635105133057,-5.913024,7.302776,1.609816
351,3.4970040321350098,-5.89628,7.22384,1.521312
352,3.5079309940338135,-5.905848,7.231016,1.581112
353,3.5171263217926025,-5.922592,7.233408,1.595464
354,3.527190685272217,-5.858008,7.269288,1.51892
355,3.5377674102783203,-5.858008,7.302776,1.57872
356,3.5471959114074707,-5.886712,7.317128,1.547624
357,3.5571706295013428,-5.862792,7.333872,1.624168
358,3.567925453186035,-5.910632,7.357792,1.62656
359,3.5771846771240234,-5.84844,7.384104,1.624168
360,3.587522029876709,-5.867576,7.33148,1.643304
361,3.5979533195495605,-5.89628,7.36736,1.576328
362,3.60717511177063,-5.891496,7.25972,1.495
363,3.6172032356262207,-5.877144,7.288424,1.643304
364,3.627753257751465,-5.963256,7.30756,1.600248
365,3.6370320320129395,-5.948904,7.276464,1.643304
366,3.6471478939056396,-5.891496,7.228624,1.619384
367,3.6578335762023926,-5.822128,7.180784,1.679184
368,3.6671714782714844,-5.898672,7.238192,1.676792
369,3.677095413208008,-5.831696,7.266896,1.717456
370,3.687847375869751,-5.936944,7.333872,1.612208
371,3.6971843242645264,-5.98,7.40324,1.573936
372,3.7071685791015625,-5.939336,7.321912,1.595464
373,3.717827796936035,-5.982392,7.269288,1.633736
374,3.7272074222564697,-5.970432,7.293208,1.612208
375,3.7375106811523438,-5.867576,7.274072,1.621776
376,3.747737169265747,-5.88432,7.348224,1.593072
377,3.757180690765381,-5.826912,7.329088,1.538056
378,3.7671520709991455,-5.893888,7.345832,1.490216
379,3.7777833938598633,-5.867576,7.345832,1.679184
380,3.7871382236480713,-5.81256,7.28364,1.595464
381,3.797135591506958,-5.8006,7.353008,1.521312
382,3.8079190254211426,-5.886712,7.314736,1.497392
383,3.817138671875,-5.786248,7.257328,1.504568
384,3.8270909786224365,-5.838872,7.314736,1.502176
385,3.837683916091919,-5.905848,7.345832,1.47108
386,3.847177505493164,-5.891496,7.353008,1.53088
387,3.857175827026367,-5.951296,7.302776,1.552408
388,3.8678762912750244,-5.95608,7.300384,1.569152
389,3.8771610260009766,-5.946512,7.314736,1.624168
390,3.88750958442688,-5.99196,7.281248,1.66244
391,3.8978919982910156,-5.922592,7.30756,1.523704
392,3.907181978225708,-5.88432,7.329088,1.59068
393,3.917022466659546,-5.915416,7.36736,1.621776
394,3.927218437194824,-5.84844,7.262112,1.583504
395,3.9370036125183105,-5.826912,7.369752,1.595464
396,3.9472155570983887,-5.87236,7.309952,1.62656
397,3.957894802093506,-5.874752,7.297992,1.569152
398,3.967196464538574,-5.889104,7.302776,1.545232
399,3.9771888256073,-5.893888,7.297992,1.593072
400,3.987743377685547,-5.96804,7.350616,1.535664
401,3.997143030166626,-5.915416,7.302776,1.51892
402,4.007164716720581,-5.89628,7.314736,1.516528
403,4.017935514450073,-5.874752,7.252544,1.523704
404,4.027946710586548,-5.838872,7.333872,1.605032
405,4.037474870681763,-5.84844,7.317128,1.53088
406,4.047911167144775,-5.846048,7.293208,1.504568
407,4.057168960571289,-5.841264,7.297992,1.552408
408,4.067126274108887,-5.886712,7.264504,1.499784
409,4.077950954437256,-5.89628,7.276464,1.516528
410,4.087512493133545,-5.90824,7.309952,1.581112
411,4.097166299819946,-5.889104,7.333872,1.557192
412,4.107915163040161,-5.922592,7.374536,1.466296
413,4.117172718048096,-5.924984,7.34344,1.499784
414,4.127169847488403,-5.98,7.314736,1.633736
415,4.137742757797241,-5.877144,7.30756,1.581112
416,4.147191524505615,-5.853224,7.338656,1.619384
417,4.157193422317505,-5.917808,7.278856,1.571544
418,4.167892932891846,-5.891496,7.290816,1.57872
419,4.177245616912842,-5.915416,7.28364,1.516528
420,4.187520265579224,-5.846048,7.278856,1.569152
421,4.1977598667144775,-5.915416,7.309952,1.559584
422,4.2071733474731445,-5.82452,7.326696,1.65048
423,4.217175245285034,-5.865184,7.305168,1.502176
424,4.227954626083374,-5.877144,7.290816,1.45912
425,4.2370524406433105,-5.84844,7.34344,1.528488
426,4.247498273849487,-5.865184,7.314736,1.593072
427,4.257213592529297,-5.898672,7.27168,1.569152
428,4.267243385314941,-5.834088,7.312344,1.57872
429,4.277252435684204,-5.877144,7.33148,1.573936
430,4.2878100872039795,-5.831696,7.300384,1.533272
431,4.297218322753906,-5.886712,7.350616,1.50696
432,4.307256698608398,-5.850832,7.333872,1.53088
433,4.31779408454895,-5.936944,7.309952,1.569152
434,4.327235221862793,-5.886712,7.3554,1.466296
435,4.337549686431885,-5.934552,7.336264,1.571544
436,4.347222566604614,-5.87236,7.314736,1.59068
437,4.357240676879883,-5.913024,7.250152,1.5548
438,4.367213726043701,-5.841264,7.353008,1.652872
439,4.3778235912323,-5.910632,7.33148,1.516528
440,4.387553691864014,-5.934552,7.276464,1.588288
441,4.397222995758057,-5.89628,7.27168,1.648088
442,4.408038854598999,-5.898672,7.242976,1.616992
443,4.417181015014648,-5.87236,7.274072,1.559584
444,4.427218198776245,-5.934552,7.312344,1.511744
445,4.437788486480713,-5.996744,7.353008,1.616992
446,4.448033332824707,-5.953688,7.34344,1.509352
447,4.457110643386841,-5.913024,7.326696,1.648088
448,4.467674732208252,-5.936944,7.290816,1.569152
449,4.4768736362457275,-5.87236,7.31952,1.468688
450,4.48702597618103,-5.874752,7.288424,1.466296
451,4.497895002365112,-5.822128,7.321912,1.511744
452,4.507123231887817,-5.869968,7.305168,1.552408
453,4.517106771469116,-5.846048,7.36736,1.492608
454,4.527132987976074,-5.838872,7.302776,1.408888
455,4.537472724914551,-5.924984,7.336264,1.569152
456,4.547210693359375,-5.951296,7.39128,1.444768
457,4.557896852493286,-5.898672,7.396064,1.57872
458,4.567139625549316,-5.819736,7.364968,1.57872
459,4.577223062515259,-5.8604,7.364968,1.432808
460,4.587888956069946,-5.891496,7.281248,1.468688
461,4.597867250442505,-5.889104,7.302776,1.487824
462,4.607079982757568,-5.972824,7.30756,1.538056
463,4.617130279541016,-5.963256,7.305168,1.521312
464,4.627195596694946,-5.948904,7.34344,1.478256
465,4.637474298477173,-5.989568,7.278856,1.499784
466,4.647915363311768,-5.905848,7.2358,1.466296
467,4.657211065292358,-5.975216,7.257328,1.502176
468,4.667065858840942,-5.917808,7.333872,1.60264
469,4.677704811096191,-5.948904,7.309952,1.51892
470,4.687933683395386,-5.922592,7.317128,1.612208
471,4.697198152542114,-5.905848,7.297992,1.640912
472,4.7079854011535645,-5.929768,7.353008,1.624168
473,4.717065334320068,-5.913024,7.269288,1.65048
474,4.727219104766846,-5.941728,7.326696,1.564368
475,4.737742185592651,-5.913024,7.374536,1.571544
476,4.747211217880249,-6.025448,7.345832,1.583504
477,4.757176637649536,-5.975216,7.388888,1.550016
478,4.7679407596588135,-6.032624,7.329088,1.550016
479,4.777207136154175,-5.953688,7.312344,1.557192
480,4.787549257278442,-5.946512,7.300384,1.478256
481,4.797914981842041,-5.910632,7.281248,1.492608
482,4.807206392288208,-5.89628,7.27168,1.528488
483,4.817294359207153,-5.819736,7.341048,1.540448
484,4.8277833461761475,-5.771896,7.333872,1.428024
485,4.8369810581207275,-5.786248,7.39128,1.521312
486,4.847242593765259,-5.831696,7.2956,1.538056
487,4.857913494110107,-5.90824,7.329088,1.480648
488,4.867241144180298,-5.877144,7.290816,1.490216
489,4.877268075942993,-5.834088,7.266896,1.38736
490,4.887831449508667,-5.87236,7.30756,1.545232
491,4.89731502532959,-5.910632,7.33148,1.552408
492,4.907153606414795,-5.87236,7.30756,1.50696
493,4.917915344238281,-5.858008,7.30756,1.535664
494,4.927230358123779,-5.83648,7.314736,1.497392
495,4.937303304672241,-5.877144,7.31952,1.583504
496,4.947951078414917,-5.867576,7.302776,1.468688
497,4.957176446914673,-5.867576,7.257328,1.540448
498,4.9672605991363525,-5.903456,7.30756,1.521312
499,4.97795033454895,-5.877144,7.281248,1.487824
500,4.9874701499938965,-5.941728,7.369752,1.538056
501,4.997216701507568,-5.951296,7.321912,1.53088
502,5.007212400436401,-5.951296,7.326696,1.607424
503,5.01715612411499,-5.941728,7.336264,1.57872
504,5.027223587036133,-5.886712,7.324304,1.595464
505,5.037781715393066,-5.9202,7.396064,1.466296
506,5.04717493057251,-5.934552,7.341048,1.509352
507,5.057197332382202,-5.9202,7.353008,1.573936
508,5.067773103713989,-5.877144,7.384104,1.5548
509,5.077221155166626,-5.879536,7.257328,1.490216
510,5.0870349407196045,-5.934552,7.341048,1.597856
511,5.09796667098999,-5.893888,7.336264,1.571544
512,5.107019424438477,-5.862792,7.372144,1.597856
513,5.1172144412994385,-5.850832,7.329088,1.538056
514,5.1278300285339355,-5.8604,7.360184,1.521312
515,5.137336492538452,-5.865184,7.305168,1.5548
516,5.1473472118377686,-5.874752,7.3554,1.643304
517,5.157812833786011,-5.891496,7.348224,1.59068
518,5.16732931137085,-5.88432,7.309952,1.56676
519,5.177191495895386,-5.877144,7.269288,1.621776
520,5.187992095947266,-5.886712,7.290816,1.597856
521,5.197321653366089,-5.843656,7.286032,1.559584
522,5.207214593887329,-5.898672,7.309952,1.47108
523,5.2178966999053955,-5.879536,7.276464,1.509352
524,5.2272162437438965,-5.841264,7.254936,1.425632
525,5.237320899963379,-5.802992,7.278856,1.569152
526,5.247941732406616,-5.8006,7.333872,1.59068
527,5.257265090942383,-5.910632,7.362576,1.521312
528,5.267216682434082,-5.929768,7.31952,1.468688
529,5.27793550491333,-5.934552,7.314736,1.516528
530,5.287439584732056,-5.941728,7.364968,1.53088
531,5.297196865081787,-5.874752,7.36736,1.569152
532,5.308034420013428,-5.905848,7.357792,1.576328
533,5.317190170288086,-5.769504,7.364968,1.652872
534,5.327191591262817,-5.8006,7.348224,1.624168
535,5.337765693664551,-5.791032,7.309952,1.504568
536,5.347606897354126,-5.831696,7.39128,1.490216
537,5.35723614692688,-5.89628,7.278856,1.56676
538,5.367929458618164,-5.903456,7.257328,1.521312
539,5.3772077560424805,-5.958472,7.302776,1.47108
540,5.38756251335144,-5.960864,7.321912,1.523704
541,5.397961139678955,-5.88432,7.336264,1.504568
542,5.407207250595093,-5.910632,7.369752,1.521312
543,5.417194604873657,-5.915416,7.393672,1.499784
544,5.427719831466675,-5.9202,7.357792,1.581112
545,5.437974214553833,-5.879536,7.317128,1.609816
546,5.44722318649292,-5.901064,7.341048,1.605032
547,5.457839250564575,-5.893888,7.288424,1.492608
548,5.467095851898193,-5.853224,7.252544,1.552408
549,5.477106809616089,-5.855616,7.329088,1.533272
550,5.487745761871338,-5.910632,7.348224,1.552408
551,5.4971911907196045,-5.88432,7.36736,1.571544
552,5.507207632064819,-5.913024,7.353008,1.538056
553,5.517771005630493,-5.975216,7.333872,1.57872
554,5.527200937271118,-5.929768,7.353008,1.576328
555,5.537546396255493,-5.970432,7.350616,1.557192
556,5.547914743423462,-5.946512,7.329088,1.6146
557,5.557211399078369,-5.94412,7.290816,1.48304
558,5.567188262939453,-5.924984,7.290816,1.526096
559,5.577850580215454,-5.865184,7.348224,1.523704
560,5.587495803833008,-5.88432,7.300384,1.609816
561,5.597204208374023,-5.771896,7.321912,1.511744
562,5.607909917831421,-5.910632,7.266896,1.609816
563,5.617079019546509,-5.817344,7.36736,1.5548
564,5.627190351486206,-5.88432,7.31952,1.561976
565,5.637714862823486,-5.843656,7.33148,1.550016
566,5.647175073623657,-5.93216,7.329088,1.514136
567,5.6571056842803955,-5.94412,7.336264,1.56676
568,5.667915344238281,-5.924984,7.293208,1.600248
569,5.677167177200317,-5.83648,7.34344,1.499784
570,5.687482833862305,-5.865184,7.353008,1.523704
571,5.697781085968018,-5.855616,7.290816,1.557192
572,5.707157850265503,-5.87236,7.324304,1.585896
573,5.71716833114624,-5.862792,7.28364,1.564368
574,5.727879524230957,-5.850832,7.364968,1.490216
575,5.737512826919556,-5.889104,7.276464,1.571544
576,5.747161626815796,-5.886712,7.333872,1.60264
577,5.757900714874268,-5.846048,7.350616,1.499784
578,5.767195701599121,-5.869968,7.297992,1.53088
579,5.777246475219727,-5.893888,7.348224,1.56676
580,5.7876341342926025,-5.874752,7.338656,1.514136
581,5.7972095012664795,-5.838872,7.341048,1.581112
582,5.807205438613892,-5.843656,7.33148,1.600248
583,5.817901372909546,-5.829304,7.357792,1.509352
584,5.82722020149231,-5.850832,7.336264,1.538056
585,5.837164878845215,-5.822128,7.324304,1.511744
586,5.847869634628296,-5.850832,7.31952,1.53088
587,5.8571953773498535,-5.879536,7.326696,1.487824
588,5.867198467254639,-5.858008,7.40324,1.451944
589,5.877952575683594,-5.862792,7.357792,1.514136
590,5.887580156326294,-5.862792,7.345832,1.523704
591,5.8967719078063965,-5.93216,7.398456,1.50696
592,5.907835960388184,-5.889104,7.364968,1.449552
593,5.9171061515808105,-5.891496,7.357792,1.499784
594,5.927131414413452,-5.87236,7.33148,1.516528
595,5.937541246414185,-5.88432,7.262112,1.545232
596,5.947458744049072,-5.87236,7.333872,1.538056
597,5.957134485244751,-5.879536,7.288424,1.53088
598,5.967916250228882,-5.910632,7.281248,1.523704
599,5.977121591567993,-5.901064,7.31952,1.514136
600,5.987112760543823,-5.915416,7.33148,1.521312
601,5.9978485107421875,-5.905848,7.264504,1.497392
602,6.007116794586182,-5.881928,7.34344,1.593072
603,6.017072677612305,-5.910632,7.321912,1.475864
604,6.027836561203003,-5.898672,7.410416,1.561976
605,6.03706431388855,-5.903456,7.362576,1.523704
606,6.047144651412964,-5.881928,7.398456,1.557192
607,6.057784795761108,-5.927376,7.376928,1.585896
608,6.067197561264038,-5.929768,7.3554,1.573936
609,6.077534437179565,-5.858008,7.369752,1.624168
610,6.087734699249268,-5.795816,7.348224,1.63852
611,6.097199440002441,-5.867576,7.376928,1.6146
612,6.107210159301758,-5.853224,7.362576,1.607424
613,6.117912769317627,-5.805384,7.348224,1.585896
614,6.127197265625,-5.89628,7.305168,1.53088
615,6.137519836425781,-5.960864,7.245368,1.535664
616,6.147883176803589,-5.939336,7.326696,1.585896
617,6.157198429107666,-5.958472,7.33148,1.514136
618,6.1671953201293945,-5.905848,7.324304,1.478256
619,6.177640914916992,-5.94412,7.333872,1.451944
620,6.187203884124756,-5.853224,7.412808,1.6146
621,6.197197914123535,-5.855616,7.348224,1.528488
622,6.207918167114258,-5.8006,7.324304,1.54284
623,6.217168092727661,-5.8006,7.364968,1.54284
624,6.227157115936279,-5.879536,7.31952,1.609816
625,6.2377307415008545,-5.846048,7.369752,1.56676
626,6.247205972671509,-5.886712,7.374536,1.550016
627,6.256993055343628,-5.881928,7.376928,1.571544
628,6.267171621322632,-5.941728,7.309952,1.504568
629,6.277018070220947,-5.87236,7.286032,1.645696
630,6.287159442901611,-5.915416,7.302776,1.53088
631,6.29775857925415,-5.924984,7.2358,1.569152
632,6.307151556015015,-5.881928,7.238192,1.6146
633,6.317135334014893,-5.838872,7.202312,1.571544
634,6.327153444290161,-5.88432,7.27168,1.526096
635,6.337479591369629,-5.77668,7.297992,1.545232
636,6.3471903800964355,-5.82452,7.30756,1.466296
637,6.357875347137451,-5.810168,7.312344,1.540448
638,6.367150783538818,-5.831696,7.27168,1.552408
639,6.377228260040283,-5.865184,7.281248,1.492608
640,6.3879430294036865,-5.865184,7.254936,1.509352
641,6.397185564041138,-5.93216,7.317128,1.499784
642,6.407190799713135,-5.924984,7.297992,1.490216
643,6.417877197265625,-5.922592,7.345832,1.538056
644,6.428042411804199,-5.939336,7.324304,1.700712
645,6.437528133392334,-5.960864,7.386496,1.523704
646,6.447928428649902,-5.975216,7.317128,1.643304
647,6.457788944244385,-5.970432,7.317128,1.528488
648,6.467272996902466,-5.881928,7.333872,1.5548
649,6.477182865142822,-5.915416,7.348224,1.616992
650,6.487654447555542,-5.924984,7.302776,1.535664
651,6.497177600860596,-5.879536,7.326696,1.621776
652,6.507119417190552,-5.94412,7.429552,1.573936
653,6.517906427383423,-5.879536,7.329088,1.540448
654,6.527129650115967,-5.953688,7.300384,1.473472
655,6.537466526031494,-5.881928,7.288424,1.573936
656,6.547118425369263,-5.89628,7.27168,1.57872
657,6.557126522064209,-5.893888,7.300384,1.569152
658,6.567119598388672,-5.865184,7.257328,1.499784
659,6.577763557434082,-5.838872,7.353008,1.593072
660,6.587452173233032,-5.810168,7.312344,1.516528
661,6.597113370895386,-5.826912,7.297992,1.535664
662,6.607860565185547,-5.826912,7.312344,1.521312
663,6.617121458053589,-5.819736,7.348224,1.495
664,6.627007722854614,-5.834088,7.321912,1.569152
665,6.637976169586182,-5.841264,7.345832,1.533272
666,6.647178649902344,-5.795816,7.398456,1.538056
667,6.657219171524048,-5.910632,7.362576,1.581112
668,6.667180299758911,-5.898672,7.396064,1.538056
669,6.677194356918335,-5.95608,7.369752,1.66244
670,6.6872100830078125,-5.934552,7.252544,1.65048
671,6.697967529296875,-5.850832,7.300384,1.585896
672,6.707192659378052,-5.862792,7.27168,1.561976
673,6.7172040939331055,-5.874752,7.278856,1.538056
674,6.727198123931885,-5.905848,7.30756,1.605032
675,6.737536430358887,-5.877144,7.3554,1.538056
676,6.747147083282471,-5.915416,7.25972,1.56676
677,6.7579026222229,-5.975216,7.274072,1.607424
678,6.767110347747803,-5.913024,7.305168,1.45912
679,6.777143955230713,-5.858008,7.290816,1.490216
680,6.787445545196533,-5.893888,7.39128,1.53088
681,6.7976415157318115,-5.934552,7.326696,1.492608
682,6.807102680206299,-5.877144,7.350616,1.499784
683,6.817725658416748,-5.87236,7.28364,1.57872
684,6.8279805183410645,-5.877144,7.3554,1.564368
685,6.837496042251587,-5.8604,7.28364,1.616992
686,6.84794020652771,-5.87236,7.302776,1.564368
687,6.857905864715576,-5.798208,7.293208,1.605032
688,6.867150068283081,-5.810168,7.34344,1.664832
689,6.877910375595093,-5.814952,7.314736,1.502176
690,6.887240409851074,-5.9202,7.262112,1.538056
691,6.8972461223602295,-5.927376,7.393672,1.528488
692,6.90790057182312,-5.972824,7.30756,1.595464
693,6.917148113250732,-5.984784,7.302776,1.502176
694,6.926969528198242,-5.915416,7.31952,1.545232
695,6.937947750091553,-5.99196,7.250152,1.495
696,6.94805121421814,-5.901064,7.33148,1.585896
697,6.957385063171387,-5.869968,7.329088,1.56676
698,6.968026876449585,-5.9202,7.36736,1.523704
699,6.9770872592926025,-5.786248,7.398456,1.607424
700,6.987273454666138,-5.841264,7.286032,1.640912
701,6.997853994369507,-5.84844,7.238192,1.643304
702,7.007331609725952,-5.869968,7.266896,1.57872
703,7.017294645309448,-5.910632,7.321912,1.495
704,7.027996063232422,-5.913024,7.286032,1.54284
705,7.037595748901367,-5.915416,7.333872,1.514136
706,7.0472190380096436,-5.960864,7.374536,1.509352
707,7.057986259460449,-5.999136,7.264504,1.53088
708,7.0672407150268555,-5.87236,7.329088,1.523704
709,7.077232837677002,-5.831696,7.329088,1.600248
710,7.087912082672119,-5.901064,7.326696,1.561976
711,7.097238063812256,-5.89628,7.31952,1.552408
712,7.107224941253662,-5.893888,7.34344,1.633736
713,7.117967128753662,-5.843656,7.348224,1.497392
714,7.127277374267578,-5.831696,7.2956,1.547624
715,7.1376025676727295,-5.779072,7.321912,1.51892
716,7.147965669631958,-5.877144,7.305168,1.547624
717,7.1572957038879395,-5.886712,7.317128,1.564368
718,7.167253255844116,-5.927376,7.336264,1.640912
719,7.177859306335449,-5.927376,7.302776,1.538056
720,7.187599182128906,-5.9202,7.357792,1.521312
721,7.197211742401123,-5.850832,7.326696,1.66244
722,7.207973957061768,-5.869968,7.264504,1.545232
723,7.217272996902466,-5.905848,7.278856,1.569152
724,7.227078199386597,-5.901064,7.314736,1.5548
725,7.238058567047119,-5.905848,7.305168,1.5548
726,7.247596263885498,-5.951296,7.297992,1.485432
727,7.257267713546753,-5.87236,7.338656,1.585896
728,7.267849445343018,-5.90824,7.30756,1.523704
729,7.277261734008789,-5.867576,7.314736,1.65048
730,7.287273645401001,-5.84844,7.312344,1.535664
731,7.297976493835449,-5.915416,7.321912,1.561976
732,7.307276010513306,-5.853224,7.33148,1.643304
733,7.317275047302246,-5.82452,7.33148,1.581112
734,7.327845335006714,-5.913024,7.262112,1.561976
735,7.337554693222046,-5.850832,7.338656,1.605032
736,7.347204923629761,-5.913024,7.369752,1.612208
737,7.357971668243408,-5.901064,7.297992,1.619384
738,7.367293357849121,-5.901064,7.362576,1.600248
739,7.377284526824951,-5.822128,7.324304,1.561976
740,7.387830018997192,-5.89628,7.290816,1.609816
741,7.3972508907318115,-5.850832,7.286032,1.60264
742,7.407299757003784,-5.865184,7.28364,1.523704
743,7.41795539855957,-5.807776,7.336264,1.59068
744,7.427215337753296,-5.881928,7.350616,1.588288
745,7.43759822845459,-5.877144,7.348224,1.475864
746,7.447965860366821,-5.905848,7.286032,1.533272
747,7.457077503204346,-5.843656,7.274072,1.547624
748,7.467284917831421,-5.829304,7.262112,1.54284
749,7.477959156036377,-5.82452,7.290816,1.605032
750,7.487288951873779,-5.843656,7.309952,1.621776
751,7.497162103652954,-5.869968,7.348224,1.583504
752,7.507976531982422,-5.893888,7.357792,1.62656
753,7.517253398895264,-5.934552,7.333872,1.552408
754,7.527139902114868,-5.915416,7.302776,1.597856
755,7.537792444229126,-5.822128,7.336264,1.621776
756,7.547257900238037,-5.88432,7.257328,1.5548
757,7.557230234146118,-5.877144,7.381712,1.640912
758,7.567990064620972,-5.867576,7.31952,1.521312
759,7.577240943908691,-5.843656,7.4152,1.585896
760,7.5875630378723145,-5.89628,7.321912,1.581112
761,7.597791910171509,-5.862792,7.302776,1.569152
762,7.607279062271118,-5.82452,7.374536,1.597856
763,7.617274284362793,-5.834088,7.312344,1.59068
764,7.627975225448608,-5.817344,7.39128,1.607424
765,7.637228488922119,-5.757544,7.324304,1.533272
766,7.647228956222534,-5.798208,7.317128,1.538056
767,7.657957077026367,-5.877144,7.264504,1.595464
768,7.667237281799316,-5.889104,7.27168,1.475864
769,7.677273273468018,-5.886712,7.302776,1.545232
770,7.687805652618408,-5.822128,7.297992,1.523704
771,7.697161436080933,-5.822128,7.281248,1.56676
772,7.70719575881958,-5.905848,7.376928,1.621776
773,7.718014240264893,-5.867576,7.42716,1.492608
774,7.727291584014893,-5.850832,7.374536,1.593072
775,7.737553119659424,-5.8006,7.362576,1.68636
776,7.747793912887573,-5.791032,7.297992,1.600248
777,7.757243871688843,-5.88432,7.321912,1.538056
778,7.7671263217926025,-5.858008,7.290816,1.54284
779,7.7777674198150635,-5.850832,7.266896,1.6744
780,7.78751277923584,-5.927376,7.309952,1.480648
781,7.7970874309539795,-5.903456,7.341048,1.62656
782,7.807937383651733,-5.948904,7.369752,1.53088
783,7.817241430282593,-5.898672,7.31952,1.547624
784,7.8270463943481445,-5.90824,7.36736,1.552408
785,7.837842226028442,-5.898672,7.321912,1.545232
786,7.847401142120361,-5.88432,7.278856,1.547624
787,7.857242107391357,-5.805384,7.33148,1.511744
788,7.867782115936279,-5.829304,7.302776,1.585896
789,7.877182483673096,-5.869968,7.305168,1.65048
790,7.887230157852173,-5.795816,7.374536,1.552408
791,7.897804498672485,-5.819736,7.381712,1.581112
792,7.907207489013672,-5.853224,7.364968,1.621776
793,7.917244911193848,-5.879536,7.36736,1.571544
794,7.928010702133179,-5.9202,7.384104,1.53088
795,7.937609910964966,-5.970432,7.36736,1.499784
796,7.947185277938843,-5.915416,7.297992,1.497392
797,7.957957983016968,-5.9202,7.309952,1.588288
798,7.967268943786621,-5.915416,7.286032,1.595464
799,7.977270841598511,-5.881928,7.336264,1.487824
800,7.987798690795898,-5.843656,7.341048,1.600248
801,7.997234344482422,-5.826912,7.341048,1.538056
802,8.007230997085571,-5.831696,7.30756,1.564368
803,8.01795768737793,-5.82452,7.31952,1.552408
804,8.027249336242676,-5.862792,7.317128,1.559584
805,8.03756332397461,-5.850832,7.353008,1.559584
806,8.047972679138184,-5.901064,7.33148,1.535664
807,8.056894302368164,-5.901064,7.360184,1.667224
808,8.066933155059814,-5.829304,7.34344,1.533272
809,8.0779447555542,-5.862792,7.36736,1.628952
810,8.087152242660522,-5.814952,7.374536,1.679184
811,8.097067832946777,-5.829304,7.257328,1.550016
812,8.107933044433594,-5.89628,7.353008,1.593072
813,8.117197275161743,-5.905848,7.36736,1.571544
814,8.127222299575806,-5.855616,7.314736,1.528488
815,8.137651443481445,-5.913024,7.386496,1.581112
816,8.147192001342773,-5.858008,7.350616,1.53088
817,8.157207727432251,-5.865184,7.329088,1.538056
818,8.167657136917114,-5.87236,7.36736,1.605032
819,8.177172899246216,-5.891496,7.326696,1.5548
820,8.187527656555176,-5.905848,7.384104,1.56676
821,8.197999715805054,-5.855616,7.341048,1.552408
822,8.207199096679688,-5.869968,7.245368,1.564368
823,8.21720838546753,-5.814952,7.264504,1.643304
824,8.22793436050415,-5.841264,7.297992,1.628952
825,8.237526416778564,-5.831696,7.374536,1.502176
826,8.247518301010132,-5.886712,7.338656,1.516528
827,8.257920980453491,-5.893888,7.302776,1.621776
828,8.267237186431885,-5.960864,7.321912,1.564368
829,8.277203798294067,-5.946512,7.326696,1.54284
830,8.287758827209473,-5.88432,7.329088,1.511744
831,8.297228336334229,-5.838872,7.293208,1.502176
832,8.30722427368164,-5.817344,7.357792,1.559584
833,8.317940711975098,-5.850832,7.388888,1.585896
834,8.327240467071533,-5.838872,7.3554,1.473472
835,8.337563753128052,-5.891496,7.348224,1.50696
836,8.34711766242981,-5.867576,7.381712,1.490216
837,8.357224225997925,-5.82452,7.393672,1.559584
838,8.367123365402222,-5.769504,7.4152,1.593072
839,8.37793493270874,-5.802992,7.362576,1.454336
840,8.387430429458618,-5.786248,7.33148,1.57872
841,8.397227764129639,-5.891496,7.30756,1.53088
842,8.407920360565186,-5.834088,7.314736,1.466296
843,8.41720199584961,-5.982392,7.288424,1.478256
844,8.427128791809082,-5.958472,7.31952,1.636128
845,8.437952995300293,-5.891496,7.297992,1.585896
846,8.447235584259033,-5.917808,7.321912,1.583504
847,8.457341432571411,-5.858008,7.312344,1.53088
848,8.467214584350586,-5.779072,7.329088,1.559584
849,8.477272748947144,-5.81256,7.460648,1.545232
850,8.48725962638855,-5.814952,7.341048,1.691144
851,8.49800419807434,-5.755152,7.324304,1.5548
852,8.507266521453857,-5.850832,7.309952,1.619384
853,8.517261505126953,-5.8604,7.252544,1.645696
854,8.527989864349365,-5.877144,7.264504,1.581112
855,8.537580490112305,-5.843656,7.30756,1.528488
856,8.547263860702515,-5.94412,7.374536,1.523704
857,8.557851076126099,-5.989568,7.357792,1.535664
858,8.567185401916504,-5.958472,7.353008,1.521312
859,8.577263116836548,-5.929768,7.324304,1.605032
860,8.587823390960693,-5.917808,7.27168,1.50696
861,8.597224473953247,-5.89628,7.297992,1.573936
862,8.60726261138916,-5.805384,7.297992,1.664832
863,8.617294788360596,-5.781464,7.28364,1.557192
864,8.627250671386719,-5.834088,7.305168,1.538056
865,8.637573480606079,-5.850832,7.357792,1.521312
866,8.647818088531494,-5.791032,7.326696,1.593072
867,8.65724515914917,-5.802992,7.348224,1.557192
868,8.667200326919556,-5.865184,7.341048,1.588288
869,8.677824020385742,-5.874752,7.372144,1.538056
870,8.687218189239502,-5.867576,7.345832,1.559584
871,8.697226524353027,-5.822128,7.305168,1.557192
872,8.707146644592285,-5.886712,7.30756,1.559584
873,8.717228651046753,-5.841264,7.321912,1.645696
874,8.72723937034607,-5.867576,7.290816,1.624168
875,8.737550973892212,-5.927376,7.321912,1.526096
876,8.747212648391724,-5.819736,7.376928,1.573936
877,8.757224798202515,-5.846048,7.364968,1.561976
878,8.7679283618927,-5.877144,7.362576,1.581112
879,8.777247190475464,-5.853224,7.36736,1.573936
880,8.787563562393188,-5.886712,7.338656,1.538056
881,8.79796051979065,-5.8604,7.345832,1.593072
882,8.807238101959229,-5.84844,7.33148,1.588288
883,8.817238807678223,-5.893888,7.33148,1.54284
884,8.82797646522522,-5.874752,7.326696,1.648088
885,8.83713436126709,-5.886712,7.281248,1.593072
886,8.84724497795105,-5.898672,7.336264,1.585896
887,8.857832431793213,-5.901064,7.31952,1.609816
888,8.867518901824951,-5.853224,7.3554,1.516528
889,8.87753701210022,-5.779072,7.348224,1.516528
890,8.888038396835327,-5.889104,7.333872,1.62656
891,8.897287845611572,-5.891496,7.305168,1.516528
892,8.907347440719604,-5.903456,7.336264,1.502176
893,8.917776107788086,-5.874752,7.348224,1.688752
894,8.927308797836304,-5.858008,7.353008,1.57872
895,8.93725848197937,-5.903456,7.4152,1.57872
896,8.947867631912231,-5.822128,7.350616,1.528488
897,8.957297563552856,-5.8006,7.312344,1.588288
898,8.967261552810669,-5.853224,7.362576,1.609816
899,8.977800130844116,-5.786248,7.254936,1.633736
900,8.987223386764526,-5.767112,7.245368,1.727024
901,8.997279167175293,-5.867576,7.408024,1.535664
902,9.0079505443573,-5.867576,7.324304,1.552408
903,9.017103433609009,-5.901064,7.33148,1.564368
904,9.027054071426392,-5.905848,7.30756,1.540448
905,9.037744045257568,-5.89628,7.338656,1.495
906,9.04717230796814,-5.814952,7.297992,1.521312
907,9.057324886322021,-5.881928,7.333872,1.557192
908,9.06718134880066,-5.8604,7.369752,1.528488
909,9.07707953453064,-5.939336,7.386496,1.454336
910,9.087124586105347,-5.893888,7.353008,1.57872
911,9.097887516021729,-5.934552,7.4152,1.5548
912,9.107160568237305,-5.905848,7.36736,1.573936
913,9.117216110229492,-5.791032,7.312344,1.571544
914,9.12794804573059,-5.810168,7.36736,1.561976
915,9.1377694606781,-5.793424,7.321912,1.583504
916,9.147164344787598,-5.822128,7.345832,1.62656
917,9.157934665679932,-5.901064,7.312344,1.54284
918,9.16722321510315,-5.915416,7.360184,1.585896
919,9.17716097831726,-5.9202,7.28364,1.521312
920,9.187623739242554,-5.965648,7.2956,1.609816
921,9.197225570678711,-5.934552,7.324304,1.56676
922,9.207147359848022,-5.915416,7.300384,1.559584
923,9.217756271362305,-5.831696,7.305168,1.550016
924,9.227230072021484,-5.834088,7.386496,1.595464
925,9.23714017868042,-5.82452,7.4152,1.57872
926,9.24787163734436,-5.858008,7.348224,1.60264
927,9.257229089736938,-5.850832,7.274072,1.473472
928,9.267165899276733,-5.915416,7.250152,1.545232
929,9.27788758277893,-5.865184,7.257328,1.569152
930,9.287487268447876,-5.82452,7.33148,1.585896
931,9.29716944694519,-5.87236,7.345832,1.57872
932,9.307944297790527,-5.90824,7.36736,1.545232
933,9.317248821258545,-5.94412,7.353008,1.597856
934,9.327215433120728,-5.951296,7.372144,1.557192
935,9.337660312652588,-5.917808,7.3554,1.588288
936,9.347171783447266,-5.853224,7.290816,1.487824
937,9.357218027114868,-5.889104,7.30756,1.523704
938,9.368077278137207,-5.843656,7.333872,1.588288
939,9.37731671333313,-5.889104,7.364968,1.691144
940,9.387596368789673,-5.81256,7.33148,1.478256
941,9.397993326187134,-5.819736,7.386496,1.597856
942,9.407201528549194,-5.90824,7.34344,1.47108
943,9.41723084449768,-5.862792,7.33148,1.545232
944,9.427995443344116,-5.898672,7.341048,1.576328
945,9.437602758407593,-5.924984,7.28364,1.478256
946,9.447232484817505,-5.889104,7.350616,1.497392
947,9.457822322845459,-5.84844,7.39128,1.573936
948,9.467326879501343,-5.862792,7.28364,1.557192
949,9.477308750152588,-5.81256,7.290816,1.533272
950,9.487744331359863,-5.829304,7.286032,1.499784
951,9.497772693634033,-5.886712,7.360184,1.504568
952,9.50718641281128,-5.88432,7.37932,1.62656
953,9.517841577529907,-5.929768,7.372144,1.619384
954,9.527292966842651,-5.927376,7.376928,1.516528
955,9.537558555603027,-5.869968,7.312344,1.600248
956,9.547977209091187,-5.936944,7.324304,1.576328
957,9.557312250137329,-5.83648,7.357792,1.616992
958,9.567288875579834,-5.862792,7.31952,1.533272
959,9.577821493148804,-5.886712,7.348224,1.56676
960,9.58755898475647,-5.83648,7.31952,1.547624
961,9.597239971160889,-5.865184,7.30756,1.576328
962,9.607994556427002,-5.87236,7.345832,1.535664
963,9.617261171340942,-5.89628,7.33148,1.468688
964,9.627264261245728,-5.88432,7.341048,1.633736
965,9.637857913970947,-5.853224,7.34344,1.5548
966,9.647243738174438,-5.901064,7.309952,1.514136
967,9.657615184783936,-5.831696,7.338656,1.619384
968,9.667992353439331,-5.81256,7.27168,1.573936
969,9.67726445198059,-5.81256,7.254936,1.5548
970,9.68725848197937,-5.862792,7.264504,1.528488
971,9.697975158691406,-5.913024,7.28364,1.54284
972,9.707144737243652,-5.874752,7.324304,1.631344
973,9.71726393699646,-5.841264,7.3554,1.576328
974,9.727930784225464,-5.886712,7.321912,1.605032
975,9.737632274627686,-5.970432,7.312344,1.528488
976,9.74725866317749,-5.891496,7.30756,1.569152
977,9.757962942123413,-5.869968,7.286032,1.62656
978,9.767333745956421,-5.855616,7.338656,1.695928
979,9.777275085449219,-5.850832,7.336264,1.581112
980,9.787811517715454,-5.889104,7.276464,1.583504
981,9.797378778457642,-5.913024,7.321912,1.516528
982,9.80722451210022,-5.858008,7.353008,1.569152
983,9.817985534667969,-5.929768,7.324304,1.53088
984,9.827317237854004,-5.867576,7.317128,1.521312
985,9.837589502334595,-5.886712,7.33148,1.550016
986,9.848007202148438,-5.841264,7.33148,1.437592
987,9.857901096343994,-5.903456,7.37932,1.468688
988,9.867230415344238,-5.841264,7.424768,1.499784
989,9.877750873565674,-5.915416,7.40324,1.495
990,9.887704133987427,-5.838872,7.388888,1.533272
991,9.897299766540527,-5.83648,7.350616,1.547624
992,9.907732248306274,-5.745584,7.338656,1.547624
993,9.916984558105469,-5.795816,7.36736,1.516528
994,9.927081823348999,-5.8006,7.374536,1.561976
995,9.937931060791016,-5.81256,7.245368,1.535664
996,9.947175979614258,-5.898672,7.341048,1.514136
997,9.95741057395935,-5.927376,7.293208,1.57872
998,9.968014240264893,-5.946512,7.250152,1.550016
999,9.97728443145752,-5.889104,7.321912,1.56676
1000,9.98748517036438,-5.929768,7.252544,1.497392
1001,9.997670650482178,-5.838872,7.309952,1.538056
1002,10.007287740707397,-5.867576,7.309952,1.573936
1003,10.017247676849365,-5.886712,7.36736,1.6744
1004,10.027920246124268,-5.898672,7.384104,1.600248
1005,10.037585496902466,-5.841264,7.369752,1.619384
1006,10.047267198562622,-5.862792,7.341048,1.597856
1007,10.057913064956665,-5.817344,7.274072,1.57872
1008,10.06724739074707,-5.83648,7.278856,1.528488
1009,10.077253103256226,-5.831696,7.333872,1.561976
1010,10.087661504745483,-5.798208,7.353008,1.550016
1011,10.097236633300781,-5.9202,7.405632,1.511744
1012,10.107471942901611,-5.934552,7.364968,1.492608
1013,10.11793851852417,-5.927376,7.326696,1.540448
1014,10.127285718917847,-5.953688,7.309952,1.504568
1015,10.137564182281494,-5.958472,7.329088,1.511744
1016,10.147925853729248,-5.915416,7.336264,1.523704
1017,10.157544136047363,-5.893888,7.312344,1.504568
1018,10.167234659194946,-5.846048,7.341048,1.573936
1019,10.177802801132202,-5.877144,7.353008,1.51892
1020,10.187618970870972,-5.817344,7.341048,1.509352
1021,10.197293519973755,-5.822128,7.34344,1.430416
1022,10.207658767700195,-5.826912,7.357792,1.557192
1023,10.217545986175537,-5.855616,7.3554,1.492608
1024,10.227302551269531,-5.83648,7.386496,1.557192
1025,10.237669706344604,-5.93216,7.341048,1.607424
1026,10.247266292572021,-5.903456,7.345832,1.573936
1027,10.257551431655884,-5.934552,7.405632,1.51892
1028,10.26793646812439,-5.891496,7.2956,1.612208
1029,10.277101755142212,-5.941728,7.305168,1.569152
1030,10.287199020385742,-5.9202,7.341048,1.605032
1031,10.297805309295654,-5.862792,7.305168,1.607424
1032,10.3071448802948,-5.8604,7.350616,1.619384
1033,10.317283153533936,-5.922592,7.333872,1.717456
1034,10.327935457229614,-5.841264,7.393672,1.660048
1035,10.337551832199097,-5.910632,7.353008,1.609816
1036,10.347067832946777,-5.87236,7.372144,1.547624
1037,10.357954978942871,-5.881928,7.4152,1.557192
1038,10.367284536361694,-5.893888,7.338656,1.59068
1039,10.377288818359375,-5.910632,7.309952,1.600248
1040,10.387755155563354,-5.901064,7.34344,1.581112
1041,10.39724850654602,-5.805384,7.297992,1.569152
1042,10.40705943107605,-5.853224,7.321912,1.633736
1043,10.41775107383728,-5.81256,7.326696,1.547624
1044,10.427247285842896,-5.858008,7.297992,1.561976
1045,10.43757176399231,-5.917808,7.326696,1.466296
1046,10.44793176651001,-5.901064,7.309952,1.492608
1047,10.45729923248291,-5.910632,7.297992,1.466296
1048,10.467273473739624,-5.869968,7.333872,1.5548
1049,10.477924108505249,-5.87236,7.262112,1.48304
1050,10.487228631973267,-5.829304,7.3554,1.48304
1051,10.49729871749878,-5.898672,7.305168,1.57872
1052,10.507943391799927,-5.822128,7.326696,1.585896
1053,10.51728105545044,-5.886712,7.288424,1.609816
1054,10.527209758758545,-5.886712,7.338656,1.672008
1055,10.537757158279419,-5.886712,7.34344,1.511744
1056,10.547240972518921,-5.862792,7.309952,1.605032
1057,10.557278633117676,-5.889104,7.333872,1.561976
1058,10.567957401275635,-5.891496,7.262112,1.681576
1059,10.577237844467163,-5.886712,7.300384,1.571544
1060,10.587563276290894,-5.879536,7.410416,1.557192
1061,10.598015069961548,-5.846048,7.341048,1.636128
1062,10.607270240783691,-5.913024,7.348224,1.605032
1063,10.617210626602173,-5.843656,7.30756,1.497392
1064,10.627949237823486,-5.867576,7.374536,1.609816
1065,10.637506246566772,-5.834088,7.357792,1.550016
1066,10.647188663482666,-5.877144,7.369752,1.569152
1067,10.65778398513794,-5.9202,7.37932,1.432808
1068,10.667245626449585,-5.879536,7.3554,1.53088
1069,10.677225828170776,-5.853224,7.417592,1.583504
1070,10.687743902206421,-5.834088,7.341048,1.516528
1071,10.69724416732788,-5.831696,7.336264,1.633736
1072,10.707266330718994,-5.78864,7.274072,1.609816
1073,10.717944860458374,-5.757544,7.305168,1.59068
1074,10.727022409439087,-5.769504,7.269288,1.45912
1075,10.736857891082764,-5.781464,7.290816,1.540448
1076,10.747682332992554,-5.877144,7.312344,1.48304
1077,10.7571542263031,-5.9202,7.262112,1.44716
1078,10.767261266708374,-5.960864,7.31952,1.456728
1079,10.777960777282715,-5.953688,7.329088,1.535664
1080,10.787500381469727,-5.939336,7.3554,1.564368
1081,10.797226905822754,-5.869968,7.300384,1.490216
1082,10.807760238647461,-5.87236,7.362576,1.540448
1083,10.817267417907715,-5.853224,7.33148,1.585896
1084,10.82717227935791,-5.84844,7.410416,1.552408
1085,10.837834596633911,-5.886712,7.376928,1.645696
1086,10.847171068191528,-5.805384,7.30756,1.593072
1087,10.857234239578247,-5.862792,7.314736,1.655264
1088,10.867089748382568,-5.826912,7.2956,1.648088
1089,10.877232313156128,-5.901064,7.398456,1.600248
1090,10.887195348739624,-5.915416,7.388888,1.636128
1091,10.897964715957642,-5.924984,7.305168,1.600248
1092,10.907216310501099,-5.94412,7.290816,1.561976
1093,10.917218685150146,-5.975216,7.317128,1.57872
1094,10.927921533584595,-5.865184,7.266896,1.607424
1095,10.937537431716919,-5.855616,7.28364,1.60264
1096,10.94706678390503,-5.8006,7.321912,1.561976
1097,10.957992315292358,-5.817344,7.321912,1.533272
1098,10.968030452728271,-5.805384,7.288424,1.48304
1099,10.977280855178833,-5.826912,7.329088,1.595464
1100,10.98753309249878,-5.831696,7.326696,1.545232
1101,10.99727487564087,-5.881928,7.254936,1.616992
1102,11.007287979125977,-5.862792,7.376928,1.528488
1103,11.017980575561523,-5.924984,7.353008,1.547624
1104,11.027281999588013,-5.869968,7.34344,1.588288
1105,11.03756833076477,-5.862792,7.350616,1.569152
1106,11.047973155975342,-5.862792,7.286032,1.526096
1107,11.057291507720947,-5.843656,7.297992,1.585896
1108,11.067273616790771,-5.834088,7.30756,1.597856
1109,11.077970504760742,-5.78864,7.336264,1.564368
1110,11.087205171585083,-5.869968,7.374536,1.526096
1111,11.097239971160889,-5.891496,7.360184,1.616992
1112,11.107988119125366,-5.874752,7.360184,1.595464
1113,11.117286205291748,-5.877144,7.398456,1.57872
1114,11.127367973327637,-5.924984,7.31952,1.585896
1115,11.137793779373169,-5.922592,7.372144,1.53088
1116,11.147277593612671,-5.89628,7.36736,1.612208
1117,11.157299041748047,-5.905848,7.30756,1.605032
1118,11.16795563697815,-5.826912,7.281248,1.62656
1119,11.177289485931396,-5.862792,7.290816,1.59068
1120,11.187583446502686,-5.78864,7.31952,1.609816
1121,11.197978734970093,-5.87236,7.336264,1.600248
1122,11.207310199737549,-5.853224,7.372144,1.497392
1123,11.217273950576782,-5.850832,7.341048,1.600248
1124,11.22786831855774,-5.834088,7.33148,1.39932
1125,11.237559795379639,-5.89628,7.364968,1.550016
1126,11.247273683547974,-5.850832,7.384104,1.557192
1127,11.257966041564941,-5.819736,7.297992,1.621776
1128,11.267292976379395,-5.838872,7.341048,1.550016
1129,11.277296304702759,-5.846048,7.262112,1.511744
1130,11.287921905517578,-5.855616,7.321912,1.56676
1131,11.297281980514526,-5.881928,7.34344,1.56676
1132,11.307296514511108,-5.889104,7.364968,1.480648
1133,11.317278623580933,-5.867576,7.33148,1.533272
1134,11.327200889587402,-5.88432,7.31952,1.56676
1135,11.33720088005066,-5.834088,7.264504,1.51892
1136,11.347741842269897,-5.855616,7.276464,1.569152
1137,11.35801911354065,-5.869968,7.321912,1.605032
1138,11.367589473724365,-5.874752,7.364968,1.616992
1139,11.37795615196228,-5.94412,7.362576,1.607424
1140,11.38762879371643,-5.999136,7.37932,1.593072
1141,11.397230863571167,-5.960864,7.28364,1.561976
1142,11.407239437103271,-5.924984,7.286032,1.573936
1143,11.4173104763031,-5.901064,7.333872,1.569152
1144,11.427180767059326,-5.924984,7.37932,1.5548
1145,11.437792778015137,-5.862792,7.36736,1.499784
1146,11.447161436080933,-5.83648,7.312344,1.609816
1147,11.457241296768188,-5.843656,7.30756,1.538056
1148,11.467956781387329,-5.814952,7.309952,1.521312
1149,11.477280616760254,-5.755152,7.336264,1.540448
1150,11.487548589706421,-5.755152,7.410416,1.499784
1151,11.497971296310425,-5.77668,7.333872,1.490216
1152,11.507301092147827,-5.771896,7.34344,1.442376
1153,11.517262697219849,-5.855616,7.34344,1.45912
1154,11.527297735214233,-5.874752,7.364968,1.45912
1155,11.537189722061157,-5.855616,7.288424,1.523704
1156,11.547383546829224,-5.9202,7.338656,1.516528
1157,11.557995319366455,-5.936944,7.266896,1.51892
1158,11.567296981811523,-5.948904,7.312344,1.552408
1159,11.577252864837646,-5.889104,7.302776,1.561976
1160,11.587841510772705,-5.855616,7.36736,1.509352
1161,11.597284078598022,-5.814952,7.3554,1.6146
1162,11.607343673706055,-5.843656,7.405632,1.609816
1163,11.617995023727417,-5.886712,7.30756,1.640912
1164,11.627321720123291,-5.881928,7.250152,1.583504
1165,11.637609004974365,-5.853224,7.27168,1.664832
1166,11.6480131149292,-5.94412,7.24776,1.616992
1167,11.657932043075562,-5.948904,7.274072,1.59068
1168,11.667322874069214,-5.975216,7.364968,1.461512
1169,11.678008794784546,-5.94412,7.338656,1.533272
1170,11.687612056732178,-5.915416,7.369752,1.54284
1171,11.697275876998901,-5.901064,7.333872,1.564368
1172,11.70786714553833,-5.934552,7.345832,1.569152
1173,11.717265367507935,-5.817344,7.297992,1.59068
1174,11.727267503738403,-5.814952,7.314736,1.521312
1175,11.738034963607788,-5.862792,7.3554,1.57872
1176,11.747174739837646,-5.82452,7.341048,1.516528
1177,11.757253408432007,-5.822128,7.338656,1.557192
1178,11.768022060394287,-5.838872,7.276464,1.545232
1179,11.777270317077637,-5.826912,7.321912,1.557192
1180,11.787607669830322,-5.891496,7.396064,1.62656
1181,11.797865390777588,-5.853224,7.348224,1.504568
1182,11.807334423065186,-5.807776,7.31952,1.573936
1183,11.817258358001709,-5.924984,7.2956,1.540448
1184,11.82799482345581,-5.893888,7.324304,1.428024
1185,11.837552547454834,-5.87236,7.374536,1.495
1186,11.847327947616577,-5.9202,7.350616,1.468688
1187,11.857762336730957,-5.779072,7.297992,1.545232
1188,11.86731767654419,-5.889104,7.341048,1.600248
1189,11.877103328704834,-5.87236,7.360184,1.535664
1190,11.887728691101074,-5.886712,7.348224,1.514136
1191,11.897247791290283,-5.874752,7.31952,1.564368
1192,11.90734052658081,-5.814952,7.345832,1.547624
1193,11.918018102645874,-5.881928,7.333872,1.547624
1194,11.927261352539062,-5.970432,7.357792,1.53088
1195,11.937112092971802,-5.929768,7.288424,1.597856
1196,11.947877407073975,-5.95608,7.338656,1.576328
1197,11.95732831954956,-5.901064,7.326696,1.533272
1198,11.967386722564697,-5.905848,7.3554,1.583504
1199,11.977986097335815,-5.83648,7.31952,1.616992
1200,11.987643957138062,-5.901064,7.305168,1.54284
1201,11.997304916381836,-5.891496,7.317128,1.550016
1202,12.008004665374756,-5.84844,7.338656,1.538056
1203,12.017364501953125,-5.855616,7.300384,1.564368
1204,12.027361869812012,-5.814952,7.302776,1.588288
1205,12.037845849990845,-5.843656,7.314736,1.573936
1206,12.047624826431274,-5.886712,7.309952,1.550016
1207,12.057309627532959,-5.846048,7.386496,1.50696
1208,12.067842483520508,-5.917808,7.39128,1.54284
1209,12.077668905258179,-5.893888,7.37932,1.56676
1210,12.087597370147705,-5.88432,7.33148,1.57872
1211,12.09788990020752,-5.879536,7.240584,1.569152
1212,12.107325077056885,-5.9202,7.290816,1.583504
1213,12.117298603057861,-5.927376,7.324304,1.535664
1214,12.12784457206726,-5.84844,7.374536,1.588288
1215,12.13723611831665,-5.855616,7.321912,1.514136
1216,12.147318124771118,-5.88432,7.281248,1.576328
1217,12.157891273498535,-5.8006,7.37932,1.514136
1218,12.167288541793823,-5.838872,7.336264,1.535664
1219,12.177104711532593,-5.853224,7.341048,1.47108
1220,12.18773865699768,-5.901064,7.384104,1.468688
1221,12.196981191635132,-5.874752,7.388888,1.45912
1222,12.207299709320068,-5.922592,7.369752,1.432808
1223,12.217812538146973,-5.88432,7.384104,1.487824
1224,12.227259397506714,-5.817344,7.410416,1.533272
1225,12.237133502960205,-5.7408,7.357792,1.59068
1226,12.247821807861328,-5.743192,7.388888,1.552408
1227,12.257263660430908,-5.724056,7.37932,1.526096
1228,12.267287731170654,-5.762328,7.386496,1.60264
1229,12.277815818786621,-5.819736,7.317128,1.561976
1230,12.28758955001831,-5.862792,7.345832,1.504568
1231,12.29726266860962,-5.886712,7.30756,1.54284
1232,12.308000564575195,-5.970432,7.288424,1.552408
1233,12.317275762557983,-5.95608,7.286032,1.56676
1234,12.327369213104248,-5.877144,7.30756,1.545232
1235,12.33784031867981,-5.972824,7.33148,1.564368
1236,12.347625017166138,-5.850832,7.374536,1.609816
1237,12.357295513153076,-5.834088,7.43912,1.605032
1238,12.368043422698975,-5.834088,7.362576,1.648088
1239,12.377323865890503,-5.858008,7.350616,1.664832
1240,12.387525081634521,-5.78864,7.300384,1.564368
1241,12.397996664047241,-5.855616,7.262112,1.65048
1242,12.407613515853882,-5.853224,7.312344,1.521312
1243,12.417237281799316,-5.901064,7.281248,1.451944
1244,12.427963972091675,-5.93216,7.31952,1.497392
1245,12.437599658966064,-5.939336,7.30756,1.47108
1246,12.447339057922363,-5.946512,7.329088,1.535664
1247,12.458027601242065,-5.927376,7.364968,1.490216
1248,12.467588424682617,-5.929768,7.386496,1.516528
1249,12.477150440216064,-5.877144,7.324304,1.595464
1250,12.487773418426514,-5.843656,7.386496,1.6146
1251,12.497256517410278,-5.819736,7.317128,1.59068
1252,12.507287502288818,-5.781464,7.360184,1.607424
1253,12.517944097518921,-5.81256,7.314736,1.504568
1254,12.52757477760315,-5.819736,7.376928,1.664832
1255,12.53753662109375,-5.865184,7.338656,1.561976
1256,12.547929763793945,-5.893888,7.2956,1.559584
1257,12.557335615158081,-5.891496,7.333872,1.557192
1258,12.567327499389648,-5.87236,7.302776,1.59068
1259,12.577958106994629,-5.831696,7.353008,1.573936
1260,12.587205171585083,-5.889104,7.317128,1.569152
1261,12.59730863571167,-5.862792,7.257328,1.516528
1262,12.607949018478394,-5.853224,7.30756,1.571544
1263,12.617315292358398,-5.948904,7.345832,1.569152
1264,12.627214431762695,-5.810168,7.33148,1.60264
1265,12.637793779373169,-5.879536,7.364968,1.547624
1266,12.647301435470581,-5.853224,7.30756,1.545232
1267,12.657593965530396,-5.77668,7.3554,1.605032
1268,12.667752027511597,-5.874752,7.302776,1.437592
1269,12.677164554595947,-5.793424,7.309952,1.581112
1270,12.687059164047241,-5.901064,7.364968,1.605032
1271,12.697826862335205,-5.898672,7.353008,1.616992
1272,12.707303762435913,-5.89628,7.329088,1.569152
1273,12.717286348342896,-5.865184,7.290816,1.597856
1274,12.727948188781738,-5.84844,7.297992,1.605032
1275,12.737552642822266,-5.817344,7.374536,1.540448
1276,12.747624635696411,-5.881928,7.350616,1.509352
1277,12.757939100265503,-5.881928,7.305168,1.490216
1278,12.767042875289917,-5.886712,7.324304,1.569152
1279,12.7768874168396,-5.90824,7.30756,1.60264
1280,12.787937641143799,-5.858008,7.326696,1.559584
1281,12.797244787216187,-5.87236,7.312344,1.56676
1282,12.807175636291504,-5.850832,7.321912,1.597856
1283,12.81796383857727,-5.87236,7.286032,1.523704
1284,12.827237129211426,-5.913024,7.348224,1.655264
1285,12.837551593780518,-5.84844,7.384104,1.502176
1286,12.847697496414185,-5.881928,7.300384,1.557192
1287,12.857288599014282,-5.903456,7.269288,1.588288
1288,12.86727499961853,-5.822128,7.250152,1.600248
1289,12.877910852432251,-5.886712,7.290816,1.600248
1290,12.887207269668579,-5.838872,7.2956,1.56676
1291,12.897239923477173,-5.951296,7.24776,1.640912
1292,12.908045053482056,-5.867576,7.3554,1.56676
1293,12.917258024215698,-5.881928,7.329088,1.607424
1294,12.92733097076416,-5.838872,7.348224,1.466296
1295,12.937799453735352,-5.8604,7.288424,1.550016
1296,12.947608470916748,-5.826912,7.381712,1.5548
1297,12.957286596298218,-5.9202,7.39128,1.54284
1298,12.96782112121582,-5.917808,7.412808,1.495
1299,12.977556943893433,-5.915416,7.362576,1.547624
1300,12.98712158203125,-5.898672,7.317128,1.559584
1301,12.998008251190186,-5.858008,7.329088,1.538056
1302,13.007351160049438,-5.712096,7.40324,1.607424
1303,13.01732873916626,-5.767112,7.33148,1.616992
1304,13.028049230575562,-5.681,7.374536,1.564368
1305,13.037636041641235,-5.798208,7.333872,1.557192
1306,13.04726243019104,-5.838872,7.324304,1.538056
1307,13.057878732681274,-5.951296,7.348224,1.57872
1308,13.06721305847168,-5.989568,7.281248,1.487824
1309,13.077281713485718,-5.939336,7.250152,1.499784
1310,13.087821245193481,-5.951296,7.36736,1.559584
1311,13.097190618515015,-5.87236,7.302776,1.559584
1312,13.10728907585144,-5.867576,7.33148,1.475864
1313,13.118099451065063,-5.82452,7.353008,1.495
1314,13.127245664596558,-5.831696,7.386496,1.59068
1315,13.137575626373291,-5.846048,7.333872,1.552408
1316,13.147250652313232,-5.829304,7.353008,1.619384
1317,13.157251119613647,-5.867576,7.297992,1.585896
1318,13.167323589324951,-5.829304,7.254936,1.528488
1319,13.178006887435913,-5.855616,7.31952,1.60264
1320,13.187243461608887,-5.910632,7.309952,1.557192
1321,13.197313785552979,-5.913024,7.400848,1.593072
1322,13.207239627838135,-5.893888,7.350616,1.547624
1323,13.217132568359375,-5.922592,7.314736,1.631344
1324,13.22733211517334,-5.958472,7.341048,1.559584
1325,13.237823486328125,-5.87236,7.350616,1.444768
1326,13.247247219085693,-5.90824,7.281248,1.533272
1327,13.257306098937988,-5.893888,7.353008,1.564368
1328,13.267271518707275,-5.881928,7.312344,1.593072
1329,13.277602672576904,-5.862792,7.357792,1.561976
1330,13.287574768066406,-5.798208,7.324304,1.54284
1331,13.297078847885132,-5.886712,7.338656,1.640912
1332,13.307308435440063,-5.819736,7.293208,1.595464
1333,13.31734013557434,-5.84844,7.321912,1.509352
1334,13.32796049118042,-5.903456,7.333872,1.526096
1335,13.337631464004517,-5.915416,7.353008,1.495
1336,13.347183227539062,-5.90824,7.333872,1.573936
1337,13.357999324798584,-5.879536,7.360184,1.585896
1338,13.36720895767212,-5.901064,7.329088,1.523704
1339,13.377307176589966,-5.8604,7.312344,1.60264
1340,13.387818098068237,-5.819736,7.278856,1.521312
1341,13.397282361984253,-5.846048,7.4152,1.65048
1342,13.407617807388306,-5.90824,7.297992,1.56676
1343,13.417325019836426,-5.898672,7.305168,1.595464
1344,13.427590131759644,-5.879536,7.297992,1.50696
1345,13.437587261199951,-5.81256,7.336264,1.595464
1346,13.44781494140625,-5.898672,7.372144,1.636128
1347,13.457334995269775,-5.889104,7.326696,1.5548
1348,13.46720838546753,-5.89628,7.348224,1.545232
1349,13.477823495864868,-5.819736,7.317128,1.593072
1350,13.487329006195068,-5.865184,7.30756,1.545232
1351,13.49723196029663,-5.891496,7.364968,1.557192
1352,13.508058547973633,-5.913024,7.419984,1.664832
1353,13.5173499584198,-5.869968,7.345832,1.597856
1354,13.527657747268677,-5.862792,7.369752,1.557192
1355,13.537863969802856,-5.862792,7.357792,1.509352
1356,13.54736328125,-5.858008,7.350616,1.504568
1357,13.557578086853027,-5.850832,7.314736,1.490216
1358,13.567841291427612,-5.82452,7.374536,1.557192
1359,13.577325344085693,-5.865184,7.33148,1.5548
1360,13.587215185165405,-5.853224,7.398456,1.56676
1361,13.59727692604065,-5.769504,7.369752,1.612208
1362,13.607330083847046,-5.83648,7.345832,1.521312
1363,13.617637395858765,-5.941728,7.338656,1.521312
1364,13.628022909164429,-5.877144,7.36736,1.595464
1365,13.637640476226807,-5.881928,7.2956,1.612208
1366,13.647632837295532,-5.8006,7.350616,1.57872
1367,13.657849311828613,-5.87236,7.290816,1.57872
1368,13.667309761047363,-5.83648,7.300384,1.557192
1369,13.677312850952148,-5.901064,7.333872,1.538056
1370,13.687815427780151,-5.869968,7.276464,1.595464
1371,13.69727873802185,-5.805384,7.326696,1.454336
1372,13.70763897895813,-5.81256,7.2956,1.59068
1373,13.717750072479248,-5.881928,7.33148,1.581112
1374,13.727593898773193,-5.903456,7.396064,1.535664
1375,13.7372567653656,-6.001528,7.40324,1.533272
1376,13.747852563858032,-5.893888,7.3554,1.545232
1377,13.75760006904602,-5.924984,7.3554,1.528488
1378,13.767590761184692,-5.814952,7.345832,1.51892
1379,13.777845859527588,-5.786248,7.348224,1.547624
1380,13.78715705871582,-5.719272,7.28364,1.597856
1381,13.797611236572266,-5.743192,7.329088,1.605032
1382,13.807844400405884,-5.769504,7.348224,1.535664
1383,13.817631483078003,-5.781464,7.374536,1.600248
1384,13.827630519866943,-5.905848,7.333872,1.583504
1385,13.837844848632812,-5.901064,7.314736,1.535664
1386,13.847277402877808,-6.01588,7.324304,1.631344
1387,13.857677936553955,-5.879536,7.317128,1.535664
1388,13.867862224578857,-5.941728,7.326696,1.516528
1389,13.877323389053345,-5.862792,7.341048,1.56676
1390,13.887280941009521,-5.834088,7.314736,1.655264
1391,13.898018598556519,-5.87236,7.441512,1.547624
1392,13.907622814178467,-5.81256,7.324304,1.607424
1393,13.917634010314941,-5.831696,7.353008,1.59068
1394,13.927769899368286,-5.858008,7.305168,1.605032
1395,13.937007427215576,-5.88432,7.309952,1.636128
1396,13.946996927261353,-5.810168,7.333872,1.605032
1397,13.957857608795166,-5.87236,7.369752,1.585896
1398,13.967238187789917,-5.891496,7.338656,1.581112
1399,13.977293014526367,-5.891496,7.362576,1.538056
1400,13.988056898117065,-5.941728,7.424768,1.62656
1401,13.997142314910889,-5.893888,7.31952,1.559584
1402,14.007225036621094,-5.843656,7.353008,1.514136
1403,14.017832279205322,-5.781464,7.350616,1.561976
1404,14.02729082107544,-5.82452,7.350616,1.59068
1405,14.037314414978027,-5.817344,7.364968,1.535664
1406,14.047870874404907,-5.807776,7.40324,1.57872
1407,14.057647466659546,-5.865184,7.364968,1.538056
1408,14.067222595214844,-5.82452,7.3554,1.679184
1409,14.07786512374878,-5.82452,7.357792,1.597856
1410,14.08730959892273,-5.874752,7.374536,1.619384
1411,14.09766936302185,-5.891496,7.30756,1.523704
1412,14.107869386672974,-5.901064,7.312344,1.581112
1413,14.117350339889526,-5.88432,7.333872,1.595464
1414,14.127304315567017,-5.843656,7.324304,1.5548
1415,14.13789415359497,-5.9202,7.338656,1.50696
1416,14.147652626037598,-5.829304,7.360184,1.550016
1417,14.157630681991577,-5.83648,7.336264,1.645696
1418,14.167832612991333,-5.826912,7.34344,1.65048
1419,14.177627563476562,-5.829304,7.326696,1.62656
1420,14.1871497631073,-5.83648,7.274072,1.6146
1421,14.19808578491211,-5.877144,7.348224,1.597856
1422,14.207630395889282,-5.8604,7.350616,1.56676
1423,14.217638969421387,-5.862792,7.422376,1.528488
1424,14.227832078933716,-5.8604,7.372144,1.50696
1425,14.237624883651733,-5.881928,7.329088,1.621776
1426,14.247620105743408,-5.879536,7.321912,1.559584
1427,14.257852792739868,-5.791032,7.333872,1.643304
1428,14.267595767974854,-5.867576,7.333872,1.502176
1429,14.27763819694519,-5.814952,7.309952,1.573936
1430,14.287887334823608,-5.786248,7.309952,1.600248
1431,14.297609567642212,-5.855616,7.350616,1.514136
1432,14.30718994140625,-5.817344,7.2956,1.57872
1433,14.317595720291138,-5.829304,7.288424,1.57872
1434,14.327348709106445,-5.8006,7.305168,1.583504
1435,14.337671279907227,-5.8006,7.333872,1.60264
1436,14.347851514816284,-5.82452,7.317128,1.6146
1437,14.357665300369263,-5.865184,7.302776,1.672008
1438,14.36765718460083,-5.841264,7.314736,1.607424
1439,14.377848148345947,-5.810168,7.36736,1.552408
1440,14.387663841247559,-5.858008,7.384104,1.6146
1441,14.397300481796265,-5.819736,7.321912,1.609816
1442,14.407826900482178,-5.877144,7.281248,1.628952
1443,14.417609930038452,-5.822128,7.254936,1.640912
1444,14.42766261100769,-5.881928,7.302776,1.573936
1445,14.43785834312439,-5.869968,7.302776,1.616992
1446,14.447667837142944,-5.929768,7.302776,1.56676
1447,14.457664728164673,-6.011096,7.314736,1.559584
1448,14.4678635597229,-5.874752,7.274072,1.616992
1449,14.477668046951294,-5.898672,7.333872,1.497392
1450,14.487647294998169,-5.8604,7.37932,1.540448
1451,14.497838973999023,-5.846048,7.376928,1.619384
1452,14.507189750671387,-5.814952,7.400848,1.693536
1453,14.517636775970459,-5.891496,7.288424,1.540448
1454,14.527842998504639,-5.874752,7.350616,1.63852
1455,14.537611961364746,-5.867576,7.33148,1.645696
1456,14.547623634338379,-5.814952,7.326696,1.619384
1457,14.557834148406982,-5.767112,7.338656,1.619384
1458,14.567623853683472,-5.671432,7.345832,1.573936
1459,14.577615976333618,-5.779072,7.321912,1.581112
1460,14.58786678314209,-5.805384,7.288424,1.621776
1461,14.597617149353027,-5.853224,7.345832,1.545232
1462,14.607218980789185,-5.915416,7.2956,1.652872
1463,14.61795973777771,-5.910632,7.324304,1.559584
1464,14.627600908279419,-5.936944,7.293208,1.6146
1465,14.637643098831177,-5.9202,7.290816,1.593072
1466,14.647830724716187,-5.865184,7.264504,1.581112
1467,14.657618999481201,-5.747976,7.326696,1.669616
1468,14.667665481567383,-5.786248,7.336264,1.6146
1469,14.677850008010864,-5.834088,7.336264,1.664832
1470,14.687223672866821,-5.855616,7.290816,1.621776
1471,14.697294235229492,-5.814952,7.329088,1.621776
1472,14.707844257354736,-5.869968,7.336264,1.672008
1473,14.717222929000854,-5.858008,7.314736,1.585896
1474,14.727154016494751,-5.915416,7.336264,1.485432
1475,14.737834930419922,-5.865184,7.309952,1.648088
1476,14.74718952178955,-5.879536,7.336264,1.533272
1477,14.757240772247314,-5.886712,7.297992,1.605032
1478,14.768016338348389,-6.011096,7.305168,1.62656
1479,14.777620792388916,-5.87236,7.312344,1.71028
1480,14.787134885787964,-5.817344,7.276464,1.561976
1481,14.797804117202759,-5.93216,7.281248,1.6146
1482,14.807597160339355,-5.838872,7.27168,1.593072
1483,14.81717324256897,-5.77668,7.357792,1.652872
1484,14.827807426452637,-5.867576,7.3554,1.564368
1485,14.837088108062744,-5.858008,7.341048,1.648088
1486,14.847066164016724,-5.893888,7.341048,1.597856
1487,14.857633590698242,-5.877144,7.329088,1.47108
1488,14.867133378982544,-5.874752,7.364968,1.619384
1489,14.877289295196533,-5.850832,7.305168,1.593072
1490,14.888026237487793,-5.934552,7.302776,1.559584
1491,14.897658586502075,-5.865184,7.293208,1.616992
1492,14.907681465148926,-5.893888,7.305168,1.538056
1493,14.917839527130127,-5.841264,7.28364,1.533272
1494,14.927653074264526,-5.867576,7.348224,1.533272
1495,14.93763542175293,-5.865184,7.39128,1.533272
1496,14.947867631912231,-5.889104,7.386496,1.514136
1497,14.957632780075073,-5.867576,7.350616,1.564368
1498,14.967194080352783,-5.87236,7.396064,1.576328
1499,14.977796792984009,-5.867576,7.381712,1.585896
1500,14.98751974105835,-5.807776,7.336264,1.535664
1501,14.997946977615356,-5.865184,7.40324,1.65048
