//Date Created 2022-12-09 13:17:24.638824
"//Units: sec, m/s/s"
Action,walking
SampleRate,100.0
Frames#,Time,AccX,AccY,AccZ
1,3.814697265625e-06,6.527768,6.609096,3.841552
2,0.00176239013671875,6.441656,6.489496,4.035304
3,0.011645793914794922,5.982392,6.644976,3.985072
4,0.02109217643737793,5.264792,7.656792,3.3488
5,0.031236886978149414,4.575896,9.158968,2.832128
6,0.04184699058532715,4.001816,10.66832,2.205424
7,0.05123472213745117,3.458832,11.658608,1.904032
8,0.061278581619262695,2.958904,12.005448,1.808352
9,0.07187771797180176,2.46376,12.58192,1.738984
10,0.08160161972045898,2.28436,13.089024,2.17672
11,0.09123516082763672,2.281968,13.189488,2.48768
12,0.10170173645019531,2.458976,13.077064,2.494856
13,0.11163020133972168,2.779504,13.158392,2.602496
14,0.12162947654724121,3.344016,13.47892,2.70296
15,0.13197636604309082,3.980288,13.521976,2.588144
16,0.14163780212402344,4.793568,13.354536,2.528344
17,0.1512608528137207,5.372432,13.328224,2.939768
18,0.16170930862426758,5.396352,13.294736,3.55212
19,0.17163515090942383,4.925128,13.177528,4.291248
20,0.18125534057617188,4.22188,12.541256,5.032768
21,0.19170522689819336,3.62388,11.615552,5.736016
22,0.20121097564697266,3.367936,10.75204,6.078072
23,0.21162676811218262,3.095248,9.611056,6.097208
24,0.22172117233276367,2.903888,8.331336,6.006312
25,0.23162341117858887,2.839304,7.183176,5.793424
26,0.24125432968139648,2.7508,6.360328,5.664256
27,0.25173282623291016,2.746016,5.838872,5.446584
28,0.261258602142334,2.435056,5.611632,5.037552
29,0.27160143852233887,1.82988,5.391568,4.740944
30,0.28168678283691406,1.08836,5.104528,4.55676
31,0.29127049446105957,0.420992,4.949048,4.360616
32,0.3015878200531006,-0.105248,5.104528,3.944408
33,0.3116884231567383,-0.473616,5.520736,3.750656
34,0.3216269016265869,-0.476008,6.212024,3.363152
35,0.3316154479980469,-0.26312,6.86504,3.406208
36,0.34167933464050293,0.112424,7.070752,3.370328
37,0.3516361713409424,0.540592,6.826768,2.992392
38,0.3612062931060791,0.810888,6.594744,2.968472
39,0.3717207908630371,0.975936,6.130696,2.40396
40,0.3816032409667969,0.380328,8.053864,2.815384
41,0.39159059524536133,2.286752,10.161216,2.38004
42,0.40202999114990234,0.559728,10.66832,2.95412
43,0.41153430938720703,-0.904176,9.008272,1.731808
44,0.4212627410888672,-0.72956,8.106488,2.497248
45,0.43187808990478516,1.071616,7.7142,3.212456
46,0.44150662422180176,2.975648,7.589816,3.367936
47,0.4511706829071045,3.953976,8.340904,2.734056
48,0.461256742477417,3.14548,9.563216,1.935128
49,0.4715142250061035,2.796248,11.45768,2.478112
50,0.4815688133239746,2.382432,12.395344,3.281824
51,0.49161601066589355,2.052336,12.529296,3.114384
52,0.50152587890625,0.906568,13.029224,3.08568
53,0.5111076831817627,0.337272,13.340184,2.748408
54,0.5220620632171631,-0.07176,13.533936,3.126344
55,0.5312411785125732,0.303784,13.880776,3.877432
56,0.5411334037780762,1.24384,14.141504,4.451512
57,0.5519483089447021,2.480504,13.871208,4.757688
58,0.5612821578979492,3.439696,12.890488,5.008848
59,0.5711624622344971,4.059224,12.280528,4.89164
60,0.5818719863891602,4.083144,11.189776,4.035304
61,0.5912017822265625,3.523416,10.127728,3.750656
62,0.6012229919433594,2.920632,9.498632,3.79132
63,0.6119015216827393,2.564224,8.714056,3.37272
64,0.6211907863616943,1.846624,8.173464,3.351192
65,0.6313371658325195,0.794144,7.730944,3.446872
66,0.6417186260223389,-0.444912,6.958328,3.250728
67,0.651620626449585,-1.42324,6.515808,3.446872
68,0.6616239547729492,-1.786824,6.295744,3.1694
69,0.6716899871826172,-1.956656,6.475144,3.466008
70,0.6812365055084229,-1.978184,6.367504,3.387072
71,0.6912491321563721,-2.339376,5.587712,2.934984
72,0.7016911506652832,-1.672008,5.556616,3.54016
73,0.7118635177612305,-1.298856,5.544656,3.841552
74,0.721660852432251,-1.392144,5.35808,3.700424
75,0.7316718101501465,-1.478256,4.243408,2.195856
76,0.7411737442016602,-1.425632,5.013632,4.367792
77,0.7511899471282959,-1.1362,5.470504,4.252976
78,0.7617092132568359,-1.44716,5.329376,3.760224
79,0.7712502479553223,-2.052336,4.850976,3.21724
80,0.781623125076294,-2.61924,4.7242,2.94216
81,0.7917046546936035,-3.257904,5.518344,3.31292
82,0.8016173839569092,-3.951584,6.659328,3.100032
83,0.8116209506988525,-4.733768,8.068216,2.406352
84,0.8218879699707031,-5.434624,9.517768,2.061904
85,0.8316457271575928,-5.721664,10.27364,2.026024
86,0.8410561084747314,-5.40592,10.374104,2.076256
87,0.8516881465911865,-4.784,10.331048,1.911208
88,0.861638069152832,-4.135768,10.39324,1.849016
89,0.8716285228729248,-3.614312,10.412376,1.794
90,0.8817024230957031,-3.054584,10.192312,1.92556
91,0.8911523818969727,-2.604888,10.29756,1.887288
92,0.901496171951294,-2.676648,11.357216,1.210352
93,0.9116251468658447,-2.848872,13.218192,0.590824
94,0.9215264320373535,-3.351192,15.359032,-0.224848
95,0.9312224388122559,-3.51624,15.887664,-0.342056
96,0.9417397975921631,-3.889392,15.375776,0.052624
97,0.9515423774719238,-4.231448,15.483416,0.289432
98,0.961097002029419,-4.638088,16.602873,0.60996
99,0.9717378616333008,-4.429984,16.83968,0.775008
100,0.9814980030059814,-5.173896,16.272776,0.719992
101,0.9914906024932861,-4.946656,15.885272,0.40664
102,1.0018236637115479,-4.080752,16.311049,1.45912
103,1.0110867023468018,-2.289144,15.81112,1.492608
104,1.021247386932373,-1.65048,15.454712,1.468688
105,1.0319387912750244,0.58604,15.280096,1.332344
106,1.0411865711212158,2.394392,14.682096,1.96144
107,1.0511105060577393,3.473184,13.256464,2.40396
108,1.0618746280670166,3.784144,11.823656,2.769936
109,1.0712952613830566,3.619096,10.699416,3.15744
110,1.0812110900878906,3.439696,9.517768,3.377504
111,1.0919764041900635,3.107208,8.269144,3.54016
112,1.1011626720428467,2.686216,7.33148,3.566472
113,1.1111905574798584,2.334592,6.695208,3.554512
114,1.121779441833496,1.7342,6.142656,3.44448
115,1.1313278675079346,1.054872,5.578144,3.317704
116,1.1412475109100342,0.447304,5.252832,3.226808
117,1.151881217956543,-0.129168,5.056688,3.202888
118,1.1611747741699219,-0.62192,5.016024,3.183752
119,1.1712493896484375,-1.081184,4.970576,2.99
120,1.1818976402282715,-1.44716,4.91556,2.576184
121,1.1912734508514404,-1.82988,4.858152,2.186288
122,1.2012813091278076,-2.054728,4.968184,1.631344
123,1.2119808197021484,-2.346552,5.338944,1.062048
124,1.2212293148040771,-2.662296,5.515952,0.691288
125,1.231184959411621,-2.76276,5.616416,0.284648
126,1.241609811782837,-2.781896,5.98,0.14352
127,1.2511305809020996,-2.612064,6.58996,0.349232
128,1.2613320350646973,-2.22456,7.178392,0.267904
129,1.2721927165985107,-1.884896,7.51088,-0.234416
130,1.2815260887145996,-1.41128,7.991672,-0.184184
131,1.2915267944335938,-1.559584,7.159256,-0.4186
132,1.3016102313995361,-1.030952,9.503416,0.612352
133,1.3111662864685059,0.947232,11.32612,-0.607568
134,1.3211321830749512,-0.851552,11.964784,0.715208
135,1.3316583633422852,-3.317704,10.419552,0.198536
136,1.341526985168457,-4.444336,10.211448,0.27508
137,1.3515372276306152,-3.530592,10.570248,0.985504
138,1.3619656562805176,-1.502176,10.62048,1.772472
139,1.3715364933013916,0.375544,10.634832,2.334592
140,1.381126880645752,1.117064,11.46964,2.4518
141,1.3919880390167236,-0.375544,13.780312,4.657224
142,1.4011926651000977,-1.30364,14.69884,3.056976
143,1.4112396240234375,-2.171936,13.318656,3.812848
144,1.421903133392334,-2.071472,11.048648,3.781752
145,1.4315624237060547,-1.265368,9.730656,3.523416
146,1.4415369033813477,-0.234416,8.94608,3.375112
147,1.4516105651855469,0.282256,8.900632,3.698032
148,1.4615404605865479,0.342056,9.393384,3.674112
149,1.4711947441101074,-0.07176,10.359752,3.784144
150,1.4817099571228027,-0.607568,12.041328,3.595176
151,1.4911887645721436,-0.983112,13.567424,3.686072
152,1.501483678817749,-1.133808,14.031472,4.020952
153,1.5116019248962402,-1.035736,14.096056,4.422808
154,1.5215418338775635,-0.614744,13.354536,3.97072
155,1.5315449237823486,0.354016,12.541256,3.877432
156,1.541609764099121,1.607424,11.704056,4.097496
157,1.5515272617340088,2.839304,10.252112,3.73152
158,1.561542272567749,3.676504,8.663824,3.643016
159,1.5716407299041748,4.075968,7.807488,4.166864
160,1.5814950466156006,3.621488,7.250152,4.774432
161,1.5915031433105469,2.820168,6.79328,4.996888
162,1.6016285419464111,1.798784,6.204848,5.05908
163,1.6114904880523682,0.94484,5.709704,4.829448
164,1.6211585998535156,0.270296,5.697744,5.109312
165,1.6315100193023682,-0.169832,5.293496,4.446728
166,1.6421082019805908,0.5382,4.74812,3.81524
167,1.6515214443206787,-1.081184,5.78864,3.652584
168,1.6616084575653076,-2.016456,6.092424,4.207528
169,1.6717808246612549,-1.755728,6.6976,3.461224
170,1.681527853012085,-2.12888,7.31952,3.48036
171,1.6916086673736572,-2.346552,6.6378,2.267616
172,1.7015304565429688,-2.442232,7.51088,3.03784
173,1.711531162261963,-2.375256,8.412664,3.27704
174,1.7216472625732422,-2.43984,8.400704,2.42788
175,1.7315747737884521,-2.856048,8.4318,2.609672
176,1.7412018775939941,-3.535376,8.639904,2.590536
177,1.7519280910491943,-4.071184,8.687744,2.018848
178,1.7612409591674805,-4.695496,8.960432,1.394536
179,1.7711167335510254,-5.090176,9.321624,1.179256
180,1.781914472579956,-5.257616,9.541688,0.87308
181,1.7912383079528809,-5.283928,9.845472,0.820456
182,1.8012044429779053,-5.15476,9.742616,0.930488
183,1.8119125366210938,-4.929912,9.692384,1.14816
184,1.8215773105621338,-4.762472,9.752184,1.14816
185,1.831601858139038,-4.650048,9.785672,1.191216
186,1.8416483402252197,-4.386928,9.81916,1.380184
187,1.8516077995300293,-4.116632,10.012912,1.353872
188,1.861623764038086,-4.064008,10.857288,1.152944
189,1.8716919422149658,-4.190784,12.189632,0.743912
190,1.8815765380859375,-3.987464,13.234936,0.492752
191,1.891176462173462,-3.42056,13.629616,0.818064
192,1.9016127586364746,-2.812992,13.222976,1.133808
193,1.9115328788757324,-2.485288,12.656072,1.619384
194,1.9215471744537354,-2.53552,12.292488,1.939912
195,1.9315528869628906,-2.5116,12.038936,1.987752
196,1.9415252208709717,-2.4518,12.483848,1.691144
197,1.9515364170074463,-2.351336,13.321048,1.581112
198,1.96205472946167,-2.317848,13.823368,1.825096
199,1.9715454578399658,-2.171936,13.679848,1.935128
200,1.9815292358398438,-2.121704,13.242112,1.990144
201,1.9915342330932617,-1.906424,12.794808,1.774864
202,2.001521348953247,-1.56676,12.526904,1.86576
203,2.0111165046691895,-1.310816,12.340328,2.035592
204,2.0216078758239746,-0.911352,11.99588,2.222168
205,2.031560182571411,-0.270296,11.790168,2.406352
206,2.0415468215942383,0.31096,11.366784,2.722096
207,2.0511868000030518,0.899392,10.75204,2.97804
208,2.06154203414917,1.428024,9.883744,3.088072
209,2.0715439319610596,1.84184,9.087208,3.200496
210,2.08160662651062,1.98536,8.319376,3.289
211,2.091193437576294,1.839448,7.61852,3.427736
212,2.101167917251587,1.47108,6.91288,3.358368
213,2.1116645336151123,1.162512,6.37468,3.387072
214,2.1211435794830322,0.703248,5.975216,3.32488
215,2.131162405014038,0.272688,5.767112,3.119168
216,2.141601324081421,-0.172224,5.652296,2.958904
217,2.151643991470337,-0.686504,5.580536,2.724488
218,2.161574125289917,-1.119456,5.664256,2.363296
219,2.171642541885376,-1.451944,5.817344,2.02124
220,2.1815345287323,-1.59068,6.18332,1.74616
221,2.19156551361084,-2.095392,6.934408,1.851408
222,2.2018792629241943,-1.353872,5.822128,-0.464048
223,2.2112815380096436,-1.50696,8.185424,2.815384
224,2.221623182296753,-2.229344,8.828872,0.76544
225,2.231729030609131,-1.6744,8.40788,-1.210352
226,2.2417399883270264,-1.516528,8.238048,-0.066976
227,2.2511329650878906,-1.181648,8.505952,1.18404
228,2.2618467807769775,-1.035736,9.5082,1.394536
229,2.2715771198272705,-0.614744,10.48892,0.234416
230,2.2812581062316895,-0.22724,11.56532,-0.188968
231,2.2920053005218506,-1.200784,12.651288,0.971152
232,2.3016345500946045,-1.652872,11.97196,0.700856
233,2.311659336090088,-2.133664,10.445864,0.4784
234,2.3218166828155518,-2.521168,10.156432,1.32756
235,2.331632137298584,-1.858584,10.400416,2.411136
236,2.3412411212921143,-0.975936,11.474424,2.06908
237,2.35180926322937,-1.050088,13.474136,1.50696
238,2.361872673034668,-1.915992,15.71544,1.361048
239,2.371295928955078,-2.958904,15.665208,1.880112
240,2.381868362426758,-3.49232,13.67028,2.724488
241,2.3911659717559814,-3.195712,11.81648,3.2292
242,2.4016363620758057,-2.11692,10.268856,3.446872
243,2.4118175506591797,-0.755872,9.446008,4.03052
244,2.4211928844451904,0.547768,8.702096,3.781752
245,2.4315805435180664,0.758264,8.271536,3.38468
246,2.4419898986816406,0.4186,8.446152,2.939768
247,2.451622486114502,-0.686504,9.419696,2.94216
248,2.461622953414917,-1.68636,10.996024,2.999568
249,2.47182035446167,-2.10496,12.28292,3.143088
250,2.4816348552703857,-1.636128,12.586704,3.561688
251,2.491640567779541,-0.961584,12.337936,3.836768
252,2.5018742084503174,-0.507104,11.297416,3.466008
253,2.511827230453491,0.377936,10.450648,3.43252
254,2.521629571914673,1.286896,9.852648,3.4684
255,2.531824827194214,1.69832,8.809736,2.848872
256,2.541822910308838,1.801176,7.446296,2.645552
257,2.551586151123047,1.808352,6.578,3.1694
258,2.561798572540283,1.707888,6.212024,3.116776
259,2.5715880393981934,0.844376,5.901064,4.061616
260,2.581561803817749,1.341912,6.343584,3.640624
261,2.5918056964874268,-0.69368,6.70956,4.554368
262,2.601138114929199,0.186576,3.77936,3.195712
263,2.6115870475769043,1.038128,3.939624,3.930056
264,2.6218223571777344,0.270296,6.546904,4.099888
265,2.631593704223633,-1.301248,6.448832,2.975648
266,2.6416051387786865,-2.124096,5.432232,3.272256
267,2.651813507080078,-1.892072,5.087784,3.657368
268,2.6616015434265137,-1.490216,6.257472,3.820024
269,2.671571731567383,-1.191216,7.099456,3.449264
270,2.681802749633789,-1.203176,7.460648,3.406208
271,2.691211462020874,-1.325168,8.075392,2.992392
272,2.701482057571411,-1.021384,8.788208,2.848872
273,2.7115330696105957,-0.397072,9.144616,2.96608
274,2.721564292907715,-0.923312,12.132224,5.437016
275,2.731579065322876,1.140984,5.451368,-1.676792
276,2.7418038845062256,-0.648232,10.45304,4.882072
277,2.751835346221924,-1.277328,11.617944,2.525952
278,2.7611796855926514,-2.537912,11.053432,2.401568
279,2.7718210220336914,-2.937376,11.605984,4.611776
280,2.781601905822754,-3.226808,11.76864,3.24116
281,2.7915711402893066,-3.485144,10.166,2.1528
282,2.8018007278442383,-3.712384,10.737688,3.772184
283,2.81124210357666,-2.975648,10.455432,3.078504
284,2.821593999862671,-2.530736,11.44572,3.650192
285,2.8317909240722656,-2.382432,12.026976,3.202888
286,2.841585874557495,-2.5116,12.907232,2.772328
287,2.8512208461761475,-2.5116,14.009944,2.34416
288,2.8618056774139404,-2.370472,14.995448,2.46376
289,2.8715713024139404,-1.932736,14.67492,2.47572
290,2.881585121154785,-1.157728,13.385632,2.865616
291,2.89182186126709,-0.571688,12.070032,3.24116
292,2.9014904499053955,-0.487968,10.952968,3.289
293,2.9115872383117676,-1.018992,10.941008,3.083288
294,2.922063112258911,-1.576328,11.3022,2.944552
295,2.9312336444854736,-1.99732,11.522264,2.712528
296,2.941321611404419,-2.485288,11.534224,2.370472
297,2.9516103267669678,-2.889536,11.680136,2.322632
298,2.961588144302368,-3.233984,11.857144,1.813136
299,2.9715752601623535,-3.09764,11.82844,1.48304
300,2.9818549156188965,-2.554656,11.85236,1.418456
301,2.991241931915283,-1.26776,11.495952,1.229488
302,3.0012452602386475,0.098072,11.118016,1.492608
303,3.011850118637085,1.490216,10.448256,1.672008
304,3.0213119983673096,2.652728,9.608664,1.894464
305,3.0313546657562256,3.320096,8.57532,2.203032
306,3.0420522689819336,3.549728,7.501312,2.456584
307,3.05127215385437,3.322488,6.72152,2.597712
308,3.061270236968994,2.83452,5.793424,2.246088
309,3.0719897747039795,2.023632,5.33416,2.351336
310,3.0811808109283447,1.212744,4.626128,2.030808
311,3.091325283050537,-0.064584,4.5448,2.159976
312,3.101850986480713,-0.818064,4.946656,2.408744
313,3.1113228797912598,-1.17208,3.87504,1.719848
314,3.121159791946411,-1.439984,4.554368,2.513992
315,3.132011651992798,-1.404104,5.05908,2.002104
316,3.1413016319274902,-1.109888,5.360472,1.755728
317,3.1513357162475586,-0.889824,5.834088,1.90164
318,3.162032127380371,-0.827632,6.403384,1.923168
319,3.171306610107422,-1.181648,7.238192,1.511744
320,3.1812827587127686,-1.571544,7.776392,1.162512
321,3.191890001296997,-1.9734,7.807488,1.042912
322,3.2012908458709717,-2.090608,8.661432,1.24384
323,3.211085557937622,-1.822704,9.505808,0.892216
324,3.221756935119629,-1.262976,10.041616,0.52624
325,3.2311646938323975,-0.440128,10.17796,-0.172224
326,3.2411041259765625,0.074152,10.120552,-0.26312
327,3.2521276473999023,0.315744,10.89556,-0.136344
328,3.2612431049346924,0.452088,11.873888,0.246376
329,3.27133846282959,0.650624,12.373816,0.841984
330,3.2819643020629883,0.806104,12.093952,0.710424
331,3.2912890911102295,0.90896,11.921728,0.81328
332,3.3013031482696533,1.169688,12.074816,0.880256
333,3.311972141265869,1.56676,12.782848,1.322776
334,3.3212225437164307,2.040376,13.529152,1.284504
335,3.331601142883301,2.72688,14.103232,0.851552
336,3.3420586585998535,2.851264,13.966888,0.497536
337,3.3516194820404053,3.116776,13.237328,1.294072
338,3.361616611480713,3.150264,12.383384,2.915848
339,3.3718082904815674,3.31292,11.273496,2.927808
340,3.381629705429077,3.1096,10.938616,4.3654
341,3.3916258811950684,3.544944,9.766536,2.078648
342,3.4018735885620117,3.37272,9.204416,1.779648
343,3.411613941192627,2.669472,10.646792,2.997176
344,3.421630620956421,1.51892,11.883456,2.729272
345,3.431823968887329,0.456872,12.835472,2.767544
346,3.4416115283966064,-0.583648,13.330616,3.183752
347,3.451221466064453,-1.473472,14.01712,3.626272
348,3.461869478225708,-0.844376,14.251536,3.59996
349,3.4716293811798096,0.617136,14.036256,3.487536
350,3.4816441535949707,2.131272,13.225368,3.56408
351,3.4917609691619873,2.525952,11.677744,3.537768
352,3.5016140937805176,2.291536,9.99856,3.499496
353,3.5116472244262695,1.736592,8.572928,3.523416
354,3.521859884262085,0.894608,7.501312,3.585608
355,3.5316333770751953,-0.064584,6.515808,3.604744
356,3.5413615703582764,-0.940056,5.841264,3.525808
357,3.5520403385162354,-1.648088,5.171504,3.454048
358,3.5612478256225586,-2.171936,4.6644,3.327272
359,3.5716230869293213,-2.616848,4.214704,3.257904
360,3.58189058303833,-2.78668,3.9468,2.836912
361,3.5912551879882812,-3.047408,3.848728,2.722096
362,3.6015989780426025,-2.688608,4.547192,2.79864
363,3.6118054389953613,-2.676648,4.291248,1.968616
364,3.6216092109680176,-2.640768,4.58068,2.4518
365,3.631624460220337,-2.67904,4.92752,2.824952
366,3.6418075561523438,-2.79864,5.659472,2.719704
367,3.651240825653076,-2.836912,6.606704,2.207816
368,3.6616225242614746,-3.116776,7.250152,2.002104
369,3.6718130111694336,-3.523416,7.687888,1.801176
370,3.6816067695617676,-3.776968,8.175856,1.750944
371,3.6916332244873047,-3.913312,9.931584,3.977896
372,3.701869010925293,-3.18136,9.22116,1.286896
373,3.7116146087646484,-3.50428,10.555896,3.006744
374,3.721219062805176,-3.762616,10.69224,1.849016
375,3.731793165206909,-3.956368,10.508056,1.660048
376,3.7415969371795654,-3.9468,9.776104,1.26776
377,3.7515904903411865,-4.008992,9.850256,2.00928
378,3.7618062496185303,-3.975504,10.469784,2.76276
379,3.771589994430542,-3.822416,10.768784,2.836912
380,3.7816102504730225,-3.394248,10.615696,2.70296
381,3.791813611984253,-2.91824,10.744864,2.418312
382,3.8012754917144775,-3.126344,12.153752,1.942304
383,3.8113033771514893,-3.568864,14.053,1.313208
384,3.821617364883423,-3.865472,15.131792,1.131416
385,3.831625461578369,-3.437304,14.7108,1.236664
386,3.841634750366211,-2.59532,13.713336,1.669616
387,3.8512918949127197,-1.571544,12.790024,1.815528
388,3.861630439758301,-0.880256,12.268568,1.822704
389,3.8716349601745605,-0.605176,12.125048,1.569152
390,3.881873607635498,-0.74152,12.694344,1.344304
391,3.8912954330444336,-1.119456,13.433472,1.217528
392,3.901623487472534,-1.573936,13.624832,1.313208
393,3.911621570587158,-1.868152,13.588952,1.621776
394,3.9216179847717285,-2.02124,13.380848,1.81792
395,3.9316558837890625,-1.559584,12.983776,1.825096
396,3.9418041706085205,-1.0166,13.007696,1.872936
397,3.951184034347534,-0.363584,12.955072,1.872936
398,3.9616339206695557,0.351624,12.495808,1.810744
399,3.971750259399414,1.167296,11.87628,1.777256
400,3.9815680980682373,1.858584,11.09888,1.923168
401,3.9915616512298584,2.561832,9.984208,1.99732
402,4.0015504360198975,2.927808,8.907808,2.30828
403,4.011601448059082,2.772328,7.982104,2.552264
404,4.021586894989014,2.516384,7.135336,2.600104
405,4.031787157058716,1.863368,6.484712,2.664688
406,4.041163206100464,0.9568,5.90824,2.688608
407,4.051151752471924,0.033488,5.45376,2.801032
408,4.061793088912964,-0.901784,5.159544,2.8106
409,4.071190118789673,-1.6744,4.956224,2.724488
410,4.081574440002441,-2.370472,4.786392,2.612064
411,4.091795921325684,-2.860832,4.791176,2.444624
412,4.101581811904907,-3.088072,4.98732,2.059512
413,4.111569404602051,-3.523416,5.499208,2.406352
414,4.121783256530762,-2.961296,5.554224,3.054584
415,4.131228685379028,-2.198248,5.948904,2.951728
416,4.14125657081604,-2.97804,7.668752,2.652728
417,4.151279449462891,-3.088072,7.764432,-0.425776
418,4.161226272583008,-3.1694,7.970144,0.220064
419,4.171297311782837,-2.724488,8.034728,1.736592
420,4.1818554401397705,-2.169544,8.859968,1.860976
421,4.191267490386963,-1.444768,9.895704,0.839592
422,4.201230525970459,-0.794144,10.821408,-0.397072
423,4.2119996547698975,-0.602784,11.663392,-0.435344
424,4.221275568008423,-1.162512,12.125048,0.375544
425,4.23162579536438,-1.229488,12.117872,0.995072
426,4.241805791854858,-1.007032,11.909768,1.21992
427,4.251110315322876,-0.889824,11.428976,1.39932
428,4.26102614402771,-0.806104,10.809448,1.7342
429,4.271787166595459,-0.770224,10.24972,1.844232
430,4.280961751937866,-1.133808,10.38128,1.980576
431,4.290922164916992,-1.282112,11.263928,1.767688
432,4.30195689201355,-1.490216,12.813944,1.368224
433,4.311158895492554,-1.619384,13.974064,1.727024
434,4.32154107093811,-1.47108,13.349752,2.525952
435,4.331915616989136,-1.408888,11.562928,2.875184
436,4.341225862503052,-1.181648,9.917232,3.15744
437,4.3515846729278564,-0.650624,8.604024,3.140696
438,4.361871004104614,-0.200928,8.039512,3.248336
439,4.371117353439331,-0.07176,8.331336,3.08568
440,4.381538391113281,-0.437736,8.867144,2.210208
441,4.39184308052063,-1.425632,10.027264,2.088216
442,4.401570558547974,-2.473328,11.823656,2.305888
443,4.411563873291016,-3.24116,12.046112,2.047552
444,4.421809196472168,-3.315312,11.656216,2.143232
445,4.4316887855529785,-2.1528,11.838008,2.961296
446,4.441542625427246,-0.6578,12.017408,3.831984
447,4.4520440101623535,0.588432,11.4816,3.915704
448,4.461574554443359,1.186432,10.151648,3.463616
449,4.471566200256348,1.26776,8.984352,3.174184
450,4.4818115234375,1.377792,8.159112,3.095248
451,4.4912097454071045,1.296464,7.058792,2.985216
452,4.501272678375244,1.368224,6.312488,2.956512
453,4.511847496032715,1.48304,5.996744,3.573648
454,4.521259784698486,1.550016,6.00392,4.217096
455,4.531572580337524,1.030952,5.850832,4.121416
456,4.541207313537598,0.277472,5.958472,4.386928
457,4.55165696144104,-1.0764,5.398744,4.008992
458,4.561182975769043,-1.389752,5.611632,3.590392
459,4.571840524673462,-1.516528,6.226376,3.63584
460,4.58163595199585,-1.59068,7.386496,3.817632
461,4.591609001159668,-2.093,8.02516,3.111992
462,4.601883172988892,-2.99,7.458256,2.219776
463,4.611273765563965,-4.827056,8.812128,0.868296
464,4.621722221374512,-4.523272,8.74276,1.750944
465,4.631869792938232,-2.662296,10.232976,1.82988
466,4.641666412353516,-3.176576,10.185136,2.580968
467,4.6516664028167725,-3.781752,9.331192,2.29632
468,4.661594867706299,-3.882216,8.984352,2.198248
469,4.671277761459351,-4.193176,9.118304,2.458976
470,4.681305170059204,-3.817632,9.713912,2.552264
471,4.691861629486084,-3.956368,10.323872,2.365688
472,4.701705455780029,-4.40128,10.371712,2.042768
473,4.711681604385376,-4.673968,10.244936,2.150408
474,4.721886873245239,-4.752904,10.33344,2.348944
475,4.731680393218994,-4.68832,10.75204,2.375256
476,4.741322994232178,-4.451512,10.957752,2.102568
477,4.752053260803223,-4.267328,11.060608,2.107352
478,4.761352777481079,-4.37736,11.519872,2.100176
479,4.771299362182617,-4.547192,12.672816,1.894464
480,4.781951904296875,-4.73616,13.576992,1.430416
481,4.7916648387908936,-4.363008,13.928616,1.306032
482,4.801718711853027,-3.666936,13.469352,1.5548
483,4.811891317367554,-2.645552,12.54604,1.9734
484,4.821681499481201,-2.073864,11.605984,2.372864
485,4.831708192825317,-2.10496,11.000808,2.35612
486,4.841932773590088,-2.533128,10.986456,2.214992
487,4.851222515106201,-2.997176,11.354824,1.715064
488,4.861691474914551,-3.451656,11.797344,1.456728
489,4.871829986572266,-3.669328,12.220728,1.258192
490,4.881648063659668,-3.61192,12.304448,1.174472
491,4.891157388687134,-3.315312,12.302056,0.99268
492,4.901845693588257,-2.863224,12.170496,1.02856
493,4.911614894866943,-2.334592,12.081992,0.98072
494,4.921609878540039,-1.679184,12.024584,1.050088
495,4.931819438934326,-0.937664,11.763856,1.222312
496,4.941641330718994,-0.066976,11.414624,1.466296
497,4.951594829559326,0.655408,10.816624,1.619384
498,4.9618449211120605,1.262976,10.103808,1.707888
499,4.971616268157959,1.597856,9.230728,1.803568
500,4.981348276138306,1.813136,8.446152,1.798784
501,4.991833448410034,1.6744,7.635264,1.9136
502,5.001254320144653,1.396928,6.970288,2.102568
503,5.011650323867798,0.983112,6.429696,2.16476
504,5.021751403808594,0.399464,6.080464,2.413528
505,5.031140327453613,-0.093288,5.838872,2.590536
506,5.041274547576904,-0.542984,5.659472,2.621632
507,5.051985263824463,-0.923312,5.614024,2.650336
508,5.061300992965698,-1.42324,5.590104,2.54748
509,5.071374177932739,-1.827488,5.676216,2.29632
510,5.082043409347534,-2.186288,5.611632,2.181504
511,5.0911760330200195,-1.90164,3.903744,-1.23188
512,5.101476192474365,-2.05712,8.726016,4.386928
513,5.112034797668457,-2.30828,7.998848,-0.181792
514,5.121442556381226,-2.872792,7.214272,-1.404104
515,5.1312782764434814,-3.100032,8.450936,1.731808
516,5.14207124710083,-1.810744,8.914984,2.234128
517,5.15134072303772,-1.179256,9.443616,1.145768
518,5.161268711090088,-1.17208,10.017696,0.234416
519,5.17205810546875,-0.365976,9.761752,-0.52624
520,5.181352376937866,-0.20332,9.9268,0.435344
521,5.191686153411865,-1.784432,10.957752,1.657656
522,5.202042579650879,-1.755728,10.926656,0.784576
523,5.2116618156433105,-1.105104,10.156432,0.4186
524,5.221194505691528,-0.775008,10.3454,1.449552
525,5.231860876083374,-0.1794,11.0032,1.736592
526,5.241628885269165,0.461656,11.539008,1.526096
527,5.251304388046265,0.320528,11.771032,1.210352
528,5.261887311935425,-0.236808,12.852216,0.851552
529,5.27160382270813,-0.7774,13.880776,0.863512
530,5.281684160232544,-1.272544,13.715728,1.382576
531,5.2920801639556885,-1.296464,12.921584,2.289144
532,5.301683187484741,-1.009424,12.034152,2.992392
533,5.311674356460571,-0.638664,10.97928,3.078504
534,5.3219153881073,-0.052624,10.168392,3.078504
535,5.331370830535889,0.45448,9.72348,2.844088
536,5.341172218322754,0.660192,9.587136,2.784288
537,5.351817607879639,-0.062192,9.99856,2.99
538,5.361252784729004,-1.425632,10.809448,2.975648
539,5.371638536453247,-2.490072,12.852216,3.542552
540,5.381959915161133,-3.174184,13.78988,3.918096
541,5.391271114349365,-2.865616,13.399984,3.942016
542,5.401304721832275,-1.729416,12.71348,3.97072
543,5.411956310272217,-0.949624,12.663248,4.169256
544,5.421637058258057,0.368368,11.05104,3.365544
545,5.431125164031982,0.74152,9.290528,2.478112
546,5.44183087348938,1.724632,9.060896,3.80328
547,5.4512619972229,1.849016,8.39592,3.619096
548,5.461672782897949,1.616992,6.551688,2.162368
549,5.472071409225464,1.368224,5.48964,1.631344
550,5.481278896331787,1.418456,5.654688,2.435056
551,5.49168848991394,1.361048,5.891496,3.425344
552,5.501899003982544,0.770224,5.642728,3.705208
553,5.511654376983643,-0.002392,5.602064,3.470792
554,5.521700620651245,-0.686504,5.53748,3.016312
555,5.531880855560303,-1.511744,4.764864,1.947088
556,5.541261434555054,-2.042768,5.276752,2.612064
557,5.5517027378082275,-2.119312,6.905704,2.913456
558,5.561877727508545,-2.078648,8.5514,2.557048
559,5.571667671203613,-2.258048,8.692528,1.982968
560,5.581673860549927,-3.446872,7.668752,1.3156
561,5.591878414154053,-3.67172,8.08496,2.502032
562,5.601662635803223,-3.597568,9.510592,3.650192
563,5.611681222915649,-3.470792,9.223552,2.241304
564,5.621894836425781,-3.865472,8.7308,1.389752
565,5.631498575210571,-4.068792,8.70688,1.48304
566,5.641297817230225,-4.032912,9.288136,1.959048
567,5.651750802993774,-3.877432,9.90288,2.20064
568,5.66162896156311,-3.975504,10.637224,2.348944
569,5.6716697216033936,-4.360616,10.713768,2.148016
570,5.681841135025024,-4.913168,10.460216,1.939912
571,5.691630125045776,-5.432232,10.204272,2.016456
572,5.701646089553833,-5.69296,10.21384,1.815528
573,5.711827754974365,-5.774288,10.400416,1.750944
574,5.721636533737183,-5.592496,10.718552,1.884896
575,5.731653928756714,-5.161936,11.364392,1.990144
576,5.741992235183716,-4.860544,12.541256,1.717456
577,5.75165581703186,-4.784,14.074528,1.20796
578,5.7612481117248535,-4.288856,14.792128,1.12424
579,5.771841287612915,-3.379896,14.285024,1.196
580,5.781646728515625,-2.11692,13.409552,1.672008
581,5.791656732559204,-0.935272,12.66564,2.392
582,5.801931858062744,-0.344448,11.97196,2.753192
583,5.811639785766602,-0.138736,11.431368,2.573792
584,5.821637153625488,-0.327704,11.464856,2.317848
585,5.831677436828613,-0.731952,11.742328,2.08104
586,5.841629981994629,-0.940056,12.165712,1.827488
587,5.851632833480835,-1.114672,12.242256,1.60264
588,5.861846923828125,-1.140984,12.189632,1.628952
589,5.871630430221558,-1.119456,12.194416,1.595464
590,5.881638288497925,-0.963976,12.323584,1.669616
591,5.891725301742554,-0.533416,12.421656,1.514136
592,5.901634693145752,0.028704,12.514944,1.475864
593,5.911621809005737,0.641056,12.412088,1.545232
594,5.921838045120239,1.143376,11.890632,1.573936
595,5.931171655654907,1.6744,10.905128,1.791608
596,5.94118332862854,1.915992,10.053576,2.016456
597,5.952024459838867,2.076256,9.213984,2.193464
598,5.9612109661102295,2.112136,8.40788,2.339376
599,5.9714884757995605,1.860976,7.544368,2.313064
600,5.981980562210083,1.396928,6.821984,2.281968
601,5.991255283355713,0.9568,6.286176,2.317848
602,6.001229524612427,0.480792,5.88432,2.327416
603,6.011816024780273,0.002392,5.578144,2.26044
604,6.021152973175049,-0.444912,5.42984,2.193464
605,6.031636714935303,-0.74152,5.305456,2.131272
606,6.04183030128479,-1.04052,5.293496,1.947088
607,6.051279544830322,-1.466296,5.437016,1.858584
608,6.061658143997192,-1.44716,4.870112,1.971008
609,6.0716822147369385,-0.638664,3.535376,-1.980576
610,6.081668138504028,-2.274792,7.608952,3.27704
611,6.0916666984558105,-2.193464,6.699992,-0.796536
612,6.101889133453369,-2.884752,7.209488,0.086112
613,6.1116461753845215,-2.777112,7.608952,1.6146
614,6.121206998825073,-2.169544,8.080176,1.712672
615,6.131829023361206,-1.605032,8.44376,0.997464
616,6.141635179519653,-1.301248,9.28096,0.409032
617,6.1516430377960205,-1.200784,10.099024,0.19136
618,6.161864519119263,-1.196,10.469784,0.069368
619,6.171596527099609,-2.167152,11.007984,1.050088
620,6.18162989616394,-2.767544,11.639472,1.504568
621,6.191864728927612,-2.877576,11.440936,0.523848
622,6.201961994171143,-2.315456,11.156288,1.074008
623,6.211235523223877,-1.715064,11.249576,1.77008
624,6.221806287765503,-0.971152,11.417016,2.078648
625,6.2320780754089355,-0.810888,11.574888,2.08104
626,6.241679906845093,-0.925704,11.861928,1.306032
627,6.251859426498413,-1.420848,12.828296,1.021384
628,6.262049198150635,-1.485432,13.567424,1.186432
629,6.27168083190918,-1.38736,13.38324,1.655264
630,6.281922817230225,-1.186432,12.395344,2.411136
631,6.2918701171875,-1.009424,10.988848,2.781896
632,6.301658868789673,-0.853944,9.754576,2.848872
633,6.311801195144653,-0.76544,8.991528,2.502032
634,6.3216540813446045,-0.643448,8.845616,2.425488
635,6.331637859344482,-0.904176,9.414912,2.360904
636,6.3420569896698,-1.444768,10.137296,2.401568
637,6.351901531219482,-2.281968,11.13476,2.2724
638,6.361310243606567,-3.104816,12.395344,2.226952
639,6.37182092666626,-3.690856,12.935936,2.52356
640,6.381860256195068,-3.619096,12.369032,2.691
641,6.391196966171265,-3.210064,11.244792,2.91824
642,6.40196418762207,-2.090608,10.69224,3.293784
643,6.411622524261475,-1.559584,8.737976,2.346552
644,6.421602964401245,-0.301392,8.094528,3.382288
645,6.431840658187866,0.724776,7.673536,4.061616
646,6.441260814666748,1.14816,6.6976,3.470792
647,6.451229572296143,1.08836,5.924984,2.832128
648,6.461807489395142,0.877864,5.446584,2.97804
649,6.471654653549194,0.531024,5.085392,3.332056
650,6.481189727783203,0.746304,5.719272,3.9468
651,6.491750240325928,0.423384,5.382,3.449264
652,6.500925064086914,-0.576472,4.458688,3.056976
653,6.510980606079102,-0.911352,5.013632,4.360616
654,6.521786451339722,-1.074008,6.32684,4.276896
655,6.531536102294922,-1.444768,7.075536,3.267472
656,6.541186809539795,-1.980576,7.226232,2.911064
657,6.5518798828125,-2.48768,7.013344,3.518632
658,6.5613555908203125,-2.365688,6.441656,0.081328
659,6.571026086807251,-2.549872,9.66368,4.93948
660,6.5818047523498535,-3.14548,9.869392,3.867864
661,6.591038465499878,-3.535376,9.785672,2.432664
662,6.601315021514893,-3.310528,9.027408,1.284504
663,6.611860513687134,-2.887144,8.891064,1.200784
664,6.621621131896973,-2.616848,9.644544,2.528344
665,6.631669521331787,-2.657512,10.278424,2.58336
666,6.641836166381836,-2.973256,10.685064,2.23652
667,6.651275873184204,-3.083288,11.05104,1.999712
668,6.661597967147827,-3.20528,10.96732,1.559584
669,6.671832799911499,-3.891784,11.082136,1.600248
670,6.681020736694336,-4.587856,11.048648,1.655264
671,6.690993785858154,-4.898816,10.850112,1.664832
672,6.7015674114227295,-4.726592,10.768784,1.815528
673,6.711575508117676,-4.415632,11.381136,1.789216
674,6.7215940952301025,-4.58068,12.598664,1.260584
675,6.731828689575195,-4.683536,13.665496,1.14816
676,6.7415995597839355,-4.164472,14.00516,1.32756
677,6.751571893692017,-3.195712,13.926224,1.600248
678,6.761956214904785,-2.016456,13.3952,1.915992
679,6.771633148193359,-1.3156,12.467104,2.205424
680,6.781589984893799,-0.96876,11.883456,2.401568
681,6.791888475418091,-1.10032,12.012624,2.310672
682,6.801625967025757,-1.681576,12.493416,1.849016
683,6.811649799346924,-2.49964,12.758928,1.612208
684,6.821595907211304,-2.946944,12.76132,1.485432
685,6.831651926040649,-2.848872,12.778064,1.42324
686,6.84164023399353,-2.46376,12.675208,1.2558
687,6.851884126663208,-1.724632,12.660856,1.181648
688,6.861623764038086,-1.011816,12.53408,1.105104
689,6.871397972106934,-0.313352,12.196808,1.20796
690,6.88187575340271,0.267904,11.706448,1.212744
691,6.891751289367676,0.679328,11.070176,1.3156
692,6.901615858078003,1.045304,10.185136,1.45912
693,6.911994695663452,1.277328,9.223552,1.59068
694,6.921261310577393,1.480648,8.331336,1.717456
695,6.931289196014404,1.664832,7.336264,1.870544
696,6.941887378692627,1.731808,6.67368,1.87772
697,6.951229810714722,1.628952,6.090032,2.040376
698,6.961244344711304,1.284504,5.69296,2.138448
699,6.971869945526123,0.868296,5.367648,2.38004
700,6.981633424758911,0.200928,5.219344,2.435056
701,6.9916627407073975,-0.483184,5.099744,2.521168
702,7.001891136169434,-1.152944,5.078216,2.317848
703,7.011184453964233,-1.86576,5.149976,2.11692
704,7.0213305950164795,-2.162368,5.307848,1.887288
705,7.031865358352661,-2.449408,5.814952,1.523704
706,7.041656255722046,-2.504424,6.439264,1.260584
707,7.0513317584991455,-2.533128,6.597136,1.083576
708,7.061999797821045,-0.365976,5.307848,-3.02588
709,7.0714240074157715,-1.241448,9.745008,2.54748
710,7.0812482833862305,-1.406496,9.204416,-0.75348
711,7.092066526412964,-1.509352,8.726016,-1.081184
712,7.1013689041137695,-1.442376,9.477104,1.200784
713,7.111315488815308,-0.590824,9.871784,1.272544
714,7.122003555297852,-0.511888,10.890776,0.853944
715,7.13126015663147,-0.361192,11.17064,-0.174616
716,7.141329288482666,-0.265512,11.165856,-0.641056
717,7.151773929595947,-1.018992,11.431368,0.619528
718,7.161391019821167,-1.416064,11.591632,1.475864
719,7.171283960342407,-1.41128,11.73276,1.463904
720,7.181950807571411,-0.68172,10.95536,0.942448
721,7.191309690475464,-0.34684,10.795096,1.609816
722,7.201368093490601,-0.198536,11.14672,1.50696
723,7.21190619468689,-0.016744,12.3786,1.035736
724,7.221691370010376,-0.126776,13.823368,0.84916
725,7.231187582015991,-0.076544,14.091272,1.277328
726,7.241830348968506,0.078936,13.20384,2.305888
727,7.251174211502075,0.121992,11.91216,2.789072
728,7.261250972747803,0.014352,10.79988,2.896712
729,7.271251201629639,0.265512,10.206664,2.746016
730,7.281644105911255,0.31096,10.020088,2.808208
731,7.291658163070679,0.200928,10.27364,2.83452
732,7.301725387573242,-0.581256,10.77596,2.757976
733,7.311783075332642,-1.552408,11.916944,2.640768
734,7.321261167526245,-2.24848,13.35932,2.836912
735,7.331707715988159,-2.121704,13.737256,3.262688
736,7.341278553009033,-1.18404,13.196664,3.547336
737,7.351689338684082,-0.090896,12.483848,3.67172
738,7.361871719360352,0.882648,11.467248,3.645408
739,7.371669769287109,1.57872,10.44108,3.418168
740,7.381621599197388,1.547624,8.465288,2.353728
741,7.391836166381836,1.808352,7.7142,2.982824
742,7.401957273483276,1.707888,7.288424,3.686072
743,7.411599636077881,1.23188,6.37468,3.176576
744,7.421841144561768,0.624312,5.518344,2.982824
745,7.431705713272095,0.258336,5.044728,3.296176
746,7.441611289978027,0.186576,4.841408,3.497104
747,7.451836109161377,0.365976,4.717024,3.65976
748,7.461611986160278,0.198536,4.996888,3.69564
749,7.471245765686035,0.232024,4.968184,2.973256
750,7.4818620681762695,-1.191216,4.10228,2.480504
751,7.49162483215332,-1.27972,5.496816,3.56408
752,7.501624345779419,-1.12424,6.94876,3.454048
753,7.511846542358398,-1.480648,5.805384,0.887432
754,7.521613836288452,-2.557048,7.386496,3.616704
755,7.53163743019104,-3.418168,7.699848,3.547336
756,7.5418431758880615,-3.702816,8.161504,2.638376
757,7.551621913909912,-3.841552,8.1328,1.633736
758,7.561206102371216,-3.894176,8.505952,1.77008
759,7.571838855743408,-3.980288,9.015448,2.35612
760,7.581620454788208,-4.264936,9.446008,2.40396
761,7.5916221141815186,-4.635696,9.733048,2.011672
762,7.601813077926636,-4.958616,9.919624,1.822704
763,7.611622095108032,-5.17868,9.991384,1.624168
764,7.6216394901275635,-5.33416,10.168392,1.521312
765,7.631824493408203,-5.532696,10.4052,1.540448
766,7.641613960266113,-5.759936,10.625264,1.798784
767,7.651631832122803,-5.688176,11.034296,1.827488
768,7.6618475914001465,-5.307848,11.271104,1.98536
769,7.671608924865723,-4.803136,11.39788,1.94948
770,7.681628942489624,-4.65244,11.957608,1.880112
771,7.691818714141846,-4.774432,13.156,1.571544
772,7.701605796813965,-4.7242,14.139112,1.284504
773,7.7116858959198,-4.133376,14.287416,1.6146
774,7.721881151199341,-2.95412,13.476528,2.090608
775,7.731618642807007,-1.736592,12.500592,2.411136
776,7.7413170337677,-1.093144,11.598808,2.592928
777,7.752065658569336,-1.08836,11.2424,2.470936
778,7.7612762451171875,-1.406496,11.498344,2.250872
779,7.771254301071167,-2.016456,12.129832,1.839448
780,7.782037258148193,-2.545088,12.639328,1.717456
781,7.7912962436676025,-2.853656,12.837864,1.887288
782,7.801660060882568,-2.650336,12.849824,2.023632
783,7.811892509460449,-2.2724,12.825904,1.971008
784,7.821320295333862,-1.767688,12.691952,1.94948
785,7.8316872119903564,-1.4352,12.622584,1.849016
786,7.84185266494751,-0.963976,12.52212,1.8538
787,7.851630926132202,-0.3588,12.058072,1.908816
788,7.861693620681763,0.373152,11.507912,2.303496
789,7.872070550918579,1.167296,10.864464,2.624024
790,7.881289720535278,1.860976,9.910056,2.84648
791,7.891298532485962,2.389608,9.044152,3.059368
792,7.901854038238525,2.722096,8.14476,3.13352
793,7.911630630493164,2.805816,7.25972,3.126344
794,7.9216554164886475,2.401568,6.585176,3.346408
795,7.931875467300415,1.51892,5.999136,3.461224
796,7.941635847091675,0.763048,5.5016,3.489928
797,7.951656341552734,0.0598,5.236088,3.31292
798,7.961845636367798,-0.6578,5.032768,3.291392
799,7.971256732940674,-1.119456,5.037552,3.004352
800,7.981212139129639,-1.45912,5.039944,2.59532
801,7.991854190826416,-1.600248,5.080608,2.466152
802,8.001660108566284,-1.652872,5.444192,2.124096
803,8.011642217636108,-1.109888,5.264792,0.019136
804,8.021850824356079,-0.449696,4.46108,0.50232
805,8.031651735305786,-2.79864,7.025304,3.111992
806,8.041290760040283,-3.090464,6.934408,-0.653016
807,8.051841020584106,-2.576184,7.867288,-0.253552
808,8.061615467071533,-1.715064,8.238048,1.081184
809,8.071524858474731,0.100464,7.982104,0.691288
810,8.081833124160767,0.8372,9.156576,0.516672
811,8.091461896896362,0.667368,10.85968,1.193608
812,8.101626873016357,-1.241448,10.689848,0.016744
813,8.111832857131958,-3.317704,10.785528,-0.289432
814,8.12163519859314,-3.286608,11.1826,0.033488
815,8.131625413894653,-3.064152,11.656216,-0.031096
816,8.141837120056152,-2.55944,11.955216,0.56212
817,8.151619672775269,-1.884896,12.122656,0.763048
818,8.161645412445068,-0.818064,12.309232,1.42324
819,8.171836614608765,-0.03588,11.809304,1.894464
820,8.181330919265747,-0.246376,11.617944,1.205568
821,8.191608428955078,-0.94484,12.62976,0.983112
822,8.201895952224731,-1.337128,13.447824,1.200784
823,8.211620807647705,-1.282112,12.816336,2.066688
824,8.22162938117981,-0.9568,11.400272,2.724488
825,8.231850624084473,-0.507104,9.871784,3.164616
826,8.241615056991577,-0.279864,8.955648,3.222024
827,8.251631259918213,-0.066976,8.953256,3.248336
828,8.261840343475342,-0.232024,9.572784,3.236376
829,8.271632194519043,-1.152944,10.579816,3.107208
830,8.281636714935303,-2.6312,11.93608,2.801032
831,8.292062044143677,-3.985072,13.256464,2.755584
832,8.301783561706543,-4.49696,13.35932,3.255512
833,8.311665058135986,-4.41324,12.072424,3.690856
834,8.321751594543457,-3.30096,11.371568,4.439552
835,8.3312668800354,-1.320384,11.070176,5.085392
836,8.341652154922485,0.676936,10.23776,4.779216
837,8.351948738098145,1.600248,8.876712,3.92288
838,8.36125135421753,1.404104,7.663968,3.415776
839,8.371255874633789,0.990288,6.64976,2.973256
840,8.38190245628357,0.507104,5.972824,2.937376
841,8.391232252120972,0.20332,5.673824,3.088072
842,8.401334524154663,-0.282256,5.348512,3.487536
843,8.411797761917114,-0.217672,5.87236,4.403672
844,8.421326875686646,-0.559728,5.07104,3.530592
845,8.431650638580322,-1.84184,4.571112,4.064008
846,8.441731691360474,-1.628952,4.972968,4.05444
847,8.451671123504639,-1.310816,6.023056,3.812848
848,8.461674690246582,-0.081328,9.326408,2.851264
849,8.47207236289978,-1.540448,5.508776,1.420848
850,8.481648206710815,-2.485288,7.003776,4.865328
851,8.49165654182434,-2.70296,7.353008,3.7076
852,8.501738786697388,-3.028272,7.216664,2.66708
853,8.511783838272095,-2.473328,7.341048,1.705496
854,8.521307945251465,-1.94948,7.699848,1.88968
855,8.531693935394287,-2.525952,8.106488,2.757976
856,8.54165267944336,-2.901496,8.891064,2.97804
857,8.551612854003906,-3.597568,9.407736,2.698176
858,8.561978101730347,-4.3654,9.728264,2.214992
859,8.571775913238525,-4.882072,9.864608,1.738984
860,8.58164119720459,-5.25044,10.087064,1.51892
861,8.591719388961792,-5.362864,10.50088,1.6744
862,8.60163402557373,-5.236088,10.869248,1.801176
863,8.611201286315918,-4.68832,11.055824,1.884896
864,8.621766328811646,-4.025736,11.024728,1.82988
865,8.631705045700073,-3.513848,10.742472,1.911208
866,8.641671895980835,-3.267472,11.007984,1.813136
867,8.651769638061523,-3.829592,11.988704,1.51892
868,8.661695718765259,-4.494568,13.294736,0.983112
869,8.671224594116211,-4.788784,14.296984,0.887432
870,8.681950092315674,-4.43716,14.2922,1.356264
871,8.691781282424927,-3.585608,13.409552,2.097784
872,8.701261520385742,-2.791464,12.3188,2.408744
873,8.711754322052002,-2.425488,11.378744,2.540304
874,8.721715927124023,-2.341768,11.036688,2.2724
875,8.73163104057312,-2.375256,11.275888,1.755728
876,8.741703510284424,-2.502032,12.144184,1.473472
877,8.751632928848267,-2.70296,12.732616,1.282112
878,8.761560678482056,-2.777112,12.885704,1.310816
879,8.771942853927612,-2.681432,12.668032,1.317992
880,8.781702995300293,-2.41592,12.483848,1.451944
881,8.791353225708008,-2.011672,12.357072,1.461512
882,8.801745891571045,-1.557192,12.314016,1.516528
883,8.811700105667114,-0.798928,12.132224,1.619384
884,8.82166075706482,0.052624,11.713624,1.81792
885,8.831713676452637,0.868296,10.957752,2.00928
886,8.841289043426514,1.51892,10.039224,2.226952
887,8.851239919662476,1.947088,8.912592,2.26044
888,8.861735343933105,2.107352,7.805096,2.336984
889,8.871118783950806,2.088216,6.922448,2.329808
890,8.881656646728516,1.741376,6.066112,2.60728
891,8.891713380813599,1.29168,5.494424,2.707744
892,8.901688814163208,0.839592,5.075824,2.860832
893,8.911664724349976,0.299,4.757688,2.982824
894,8.921734809875488,-0.267904,4.62852,2.994784
895,8.931621789932251,-0.760656,4.61656,2.980432
896,8.94162392616272,-1.18404,4.645264,2.839304
897,8.95122766494751,-1.547624,4.815096,2.432664
898,8.96128797531128,-2.423096,4.422808,1.679184
899,8.971227884292603,-0.002392,3.078504,-0.5382
900,8.981907367706299,-1.992536,7.424768,2.97804
901,8.991285800933838,-2.24848,7.400848,-1.306032
902,9.001320362091064,-2.78668,8.257184,-0.641056
903,9.011878252029419,-2.494856,9.587136,1.50696
904,9.021672487258911,-1.569152,9.546472,1.569152
905,9.031656980514526,-0.734344,9.417304,0.904176
906,9.041643142700195,-0.492752,9.816768,0.25116
907,9.051648378372192,-0.605176,10.166,0.066976
908,9.061344385147095,-1.078792,10.268856,0.246376
909,9.071978569030762,-1.444768,10.744864,0.57408
910,9.081688165664673,-1.717456,11.560536,0.198536
911,9.091285943984985,-1.789216,11.842792,0.236808
912,9.101863145828247,-1.84184,11.988704,0.9568
913,9.111246585845947,-2.018848,12.053288,1.66244
914,9.121647596359253,-2.171936,11.962392,2.298712
915,9.132076978683472,-2.195856,11.75668,2.195856
916,9.141677379608154,-2.030808,11.921728,1.576328
917,9.151711225509644,-1.844232,12.495808,1.0764
918,9.161903858184814,-1.47108,13.423904,0.897
919,9.171731948852539,-1.284504,13.49088,1.612208
920,9.181889057159424,-0.846768,12.12744,2.293928
921,9.191844463348389,-0.612352,10.374104,2.66708
922,9.201673746109009,-0.363584,8.960432,2.805816
923,9.211609363555908,-0.086112,8.302632,3.078504
924,9.221636056900024,-0.038272,8.271536,3.088072
925,9.231669425964355,-0.361192,9.0896,2.934984
926,9.241718769073486,-1.030952,10.630048,2.767544
927,9.251853942871094,-1.870544,12.792416,2.671864
928,9.261251211166382,-2.444624,14.103232,2.71492
929,9.271280527114868,-2.30828,13.734864,3.078504
930,9.281649112701416,-1.777256,12.959856,3.219632
931,9.291932821273804,-1.105104,12.165712,2.789072
932,9.301302433013916,-0.581256,11.366784,2.72688
933,9.311755180358887,0.22724,10.156432,2.836912
934,9.321293592453003,0.767832,8.350472,2.449408
935,9.331650733947754,1.24384,7.94144,3.989856
936,9.341736793518066,1.27972,7.183176,4.17404
937,9.35167384147644,0.834808,5.987176,3.434912
938,9.361681699752808,0.294216,5.2026,3.226808
939,9.371770143508911,0.0598,4.934696,3.628664
940,9.381675958633423,-0.03588,4.937088,3.542552
941,9.391692876815796,-0.174616,4.803136,3.315312
942,9.401759386062622,-0.598,4.9036,3.394248
943,9.411169528961182,-0.870688,5.312632,3.607136
944,9.421372652053833,-1.437592,4.865328,3.159832
945,9.43175983428955,-1.839448,4.982536,3.315312
946,9.44167160987854,-1.191216,6.783712,3.865472
947,9.451696634292603,-1.29168,7.910344,3.162224
948,9.461760997772217,-2.262832,7.585032,2.442232
949,9.471276044845581,-3.363152,7.1162,2.126488
950,9.48133635520935,-3.848728,7.864896,2.614456
951,9.491940021514893,-3.705208,6.92484,1.416064
952,9.50168752670288,-2.884752,8.250008,2.951728
953,9.511693477630615,-2.877576,9.295312,2.832128
954,9.521747350692749,-3.439696,9.34076,1.849016
955,9.531678676605225,-4.154904,9.249864,1.514136
956,9.54170823097229,-4.73616,9.350328,1.703104
957,9.552093029022217,-4.853368,9.704344,1.935128
958,9.561370134353638,-4.839016,10.350184,1.920776
959,9.571434497833252,-4.989712,10.622872,1.583504
960,9.581740140914917,-4.858152,10.72812,1.389752
961,9.591323614120483,-4.56872,10.81184,1.521312
962,9.60132646560669,-4.1262,10.866856,1.755728
963,9.611760139465332,-3.726736,11.424192,1.875328
964,9.621686697006226,-3.848728,12.811552,1.707888
965,9.631706953048706,-4.1262,13.754,1.272544
966,9.641962051391602,-3.927664,14.105624,1.301248
967,9.651693344116211,-3.035448,13.543504,1.717456
968,9.661645412445068,-1.794,12.744576,2.231736
969,9.671756982803345,-0.784576,11.790168,2.274792
970,9.681669235229492,-0.712816,11.053432,2.179112
971,9.691631078720093,-1.00464,11.330904,1.743768
972,9.701756238937378,-1.499784,12.325976,1.368224
973,9.711648941040039,-2.124096,13.170352,1.241448
974,9.721705198287964,-2.521168,13.512408,1.322776
975,9.731766939163208,-2.638376,13.687024,1.480648
976,9.74162769317627,-2.348944,13.632008,1.6744
977,9.75164532661438,-1.920776,13.340184,1.616992
978,9.761935472488403,-1.196,12.878528,1.54284
979,9.771242141723633,-0.464048,12.421656,1.561976
980,9.781253576278687,0.260728,11.787776,1.636128
981,9.792079448699951,0.963976,11.129976,1.939912
982,9.80127239227295,1.430416,10.395632,2.250872
983,9.811331748962402,1.794,9.512984,2.1528
984,9.82201075553894,1.894464,8.517912,2.351336
985,9.83144474029541,1.645696,7.527624,2.46376
986,9.841336965560913,1.301248,6.771752,2.485288
987,9.85201644897461,0.791752,6.1594,2.528344
988,9.86142086982727,0.205712,5.635552,2.612064
989,9.871309995651245,-0.349232,5.326984,2.612064
990,9.881922245025635,-0.82524,5.157152,2.609672
991,9.891365766525269,-1.282112,5.04712,2.676648
992,9.901392936706543,-1.633736,4.98732,2.604888
993,9.912003993988037,-1.825096,5.032768,2.399176
994,9.921174764633179,-2.014064,5.104528,2.181504
995,9.931267976760864,-2.109744,5.260008,1.892072
996,9.941705465316772,-2.066688,4.93948,1.700712
997,9.951171398162842,-0.985504,3.176576,-2.779504
998,9.961065769195557,-2.79864,7.446296,3.15744
999,9.971707582473755,-3.269864,7.424768,-0.60996
1000,9.981171607971191,-2.844088,8.460504,-1.119456
1001,9.991088628768921,-2.088216,9.187672,0.822848
1002,10.00171184539795,-0.935272,9.393384,1.1362
1003,10.011155605316162,0.138736,9.721088,0.593216
1004,10.021124601364136,1.078792,10.089456,0.248768
1005,10.031687498092651,0.0,11.311768,1.018992
1006,10.041051626205444,-1.820312,11.371568,0.220064
1007,10.050995111465454,-2.662296,10.730512,-0.4186
1008,10.061628103256226,-2.640768,10.735296,0.157872
1009,10.070841550827026,-1.741376,11.137152,1.282112
1010,10.080824851989746,-1.815528,11.187384,1.334736
1011,10.091854572296143,-1.72224,11.476816,1.380184
1012,10.101203203201294,-1.026168,11.94804,1.791608
1013,10.111173152923584,-0.7774,12.644112,1.44716
1014,10.12182068824768,-1.011816,13.976456,1.035736
1015,10.131039381027222,-1.26776,14.976312,1.20796
1016,10.141133785247803,-1.45912,14.057784,1.810744
1017,10.152020931243896,-1.138592,12.029368,2.449408
1018,10.161329507827759,-0.653016,10.366928,2.748408
1019,10.171249151229858,0.040664,9.414912,2.879968
1020,10.181909084320068,0.519064,8.807344,3.004352
1021,10.191163539886475,0.593216,8.80256,3.152656
1022,10.201256513595581,-0.093288,9.42448,2.946944
1023,10.21194577217102,-1.329952,10.7042,2.561832
1024,10.221354246139526,-2.435056,12.290096,2.317848
1025,10.231258392333984,-2.908672,12.857,2.466152
1026,10.242057085037231,-2.70296,13.337792,3.4086
1027,10.251250505447388,-2.136056,12.88092,3.004352
1028,10.261363983154297,-1.597856,12.254216,2.73884
1029,10.271782398223877,-0.566904,11.543792,3.370328
1030,10.281349420547485,0.34684,10.364536,3.391856
1031,10.291289329528809,0.978328,9.099168,3.231592
1032,10.301761388778687,0.925704,7.903168,3.291392
1033,10.311658382415771,0.557336,6.821984,3.310528
1034,10.321684122085571,0.08372,5.972824,3.834376
1035,10.331829071044922,-0.296608,5.413096,3.867864
1036,10.341289758682251,-0.25116,5.3222,3.798496
1037,10.351672649383545,-1.097928,4.343872,3.06176
1038,10.361759424209595,-1.882504,3.279432,2.506816
1039,10.371275186538696,-2.262832,3.977896,3.781752
1040,10.381363153457642,-1.911208,5.468112,2.705352
1041,10.391813278198242,-1.753336,6.862648,2.18868
1042,10.401338338851929,-2.131272,7.10424,2.317848
1043,10.411653995513916,-2.681432,6.810024,2.396784
1044,10.421753168106079,-2.817776,6.90092,2.528344
1045,10.431704759597778,-2.736448,7.190352,2.255656
1046,10.441341161727905,-2.812992,7.63048,2.023632
1047,10.451753616333008,-3.090464,7.728552,1.62656
1048,10.461658477783203,-3.748264,8.592064,4.202744
1049,10.471646070480347,-2.652728,8.584888,1.803568
1050,10.481625318527222,-1.798784,9.689992,2.401568
1051,10.49167513847351,-1.451944,10.11816,2.040376
1052,10.501654148101807,-1.837056,10.199488,1.80596
1053,10.511786699295044,-2.277184,10.421944,2.305888
1054,10.521641969680786,-2.513992,10.479352,2.657512
1055,10.531151533126831,-2.781896,10.833368,2.863224
1056,10.541785717010498,-3.12156,11.340472,2.724488
1057,10.551695108413696,-3.561688,11.653824,2.612064
1058,10.56168532371521,-3.355976,11.500736,2.5116
1059,10.571758031845093,-2.844088,11.450504,2.700568
1060,10.581670761108398,-2.389608,12.24704,2.856048
1061,10.591699123382568,-2.48768,13.77792,2.7508
1062,10.601918458938599,-2.657512,14.694056,2.24848
1063,10.611702680587769,-2.370472,14.469208,2.052336
1064,10.621728420257568,-1.683968,13.366496,2.413528
1065,10.631800651550293,-1.090752,12.074816,2.604888
1066,10.64171051979065,-0.834808,11.187384,2.506816
1067,10.651657342910767,-1.083576,10.83576,2.258048
1068,10.661664485931396,-1.487824,11.156288,1.844232
1069,10.67169737815857,-1.839448,11.883456,1.466296
1070,10.681689262390137,-2.026024,12.347504,1.253408
1071,10.69178318977356,-2.133664,12.347504,1.164904
1072,10.701632738113403,-1.971008,12.070032,0.983112
1073,10.711618661880493,-1.552408,11.85236,0.911352
1074,10.721728801727295,-1.038128,11.67296,0.600392
1075,10.731638193130493,-0.234416,11.524656,0.327704
1076,10.741273880004883,0.653016,11.412232,0.282256
1077,10.751950740814209,1.612208,10.921872,0.315744
1078,10.761338233947754,2.179112,10.465,0.7774
1079,10.770960092544556,2.691,9.692384,1.033344
1080,10.781935214996338,2.920632,8.859968,1.215136
1081,10.791267395019531,2.925416,7.962968,1.286896
1082,10.801228046417236,2.803424,7.144904,1.394536
1083,10.812023878097534,2.545088,6.630624,1.593072
1084,10.822416305541992,2.241304,6.157008,1.7342
1085,10.83118224143982,1.683968,5.89628,2.100176
1086,10.84198808670044,1.121848,5.575752,2.219776
1087,10.851585865020752,0.45448,5.382,2.351336
1088,10.86159348487854,-0.07176,5.2026,2.066688
1089,10.872045278549194,-0.679328,5.23848,1.815528
1090,10.881821870803833,-1.169688,5.324592,1.56676
1091,10.891595840454102,-1.502176,5.594888,1.33952
1092,10.901686191558838,-1.616992,5.915416,1.1362
1093,10.911322832107544,-1.683968,6.35076,0.949624
1094,10.921191692352295,-1.628952,6.896136,0.822848
1095,10.931954622268677,-1.640912,7.553936,0.894608
1096,10.941559314727783,-1.600248,8.326552,0.808496
1097,10.95115852355957,-1.38736,8.673392,0.684112
1098,10.961713314056396,-1.174472,8.936512,0.691288
1099,10.971551895141602,-0.533416,8.974784,0.57408
1100,10.981583833694458,0.449696,9.37664,0.50232
1101,10.991801261901855,1.5548,11.189776,1.301248
1102,11.001564502716064,0.2392,11.211304,0.880256
1103,11.011178970336914,-1.210352,11.675352,0.487968
1104,11.021919965744019,-1.33952,12.1394,0.564512
1105,11.031701803207397,-0.712816,12.464712,1.495
1106,11.041676998138428,0.126776,12.419264,1.7342
1107,11.051825523376465,0.796536,12.263784,2.186288
1108,11.061704874038696,0.798928,12.050896,2.303496
1109,11.071691036224365,0.208104,12.82112,1.820312
1110,11.081990242004395,-0.897,14.703624,1.16012
1111,11.091702461242676,-2.305888,15.880488,1.286896
1112,11.101726531982422,-2.49964,14.096056,2.442232
1113,11.112057447433472,-1.495,11.771032,3.741088
1114,11.121721506118774,-0.411424,10.036832,4.236232
1115,11.131380558013916,0.224848,8.788208,4.272112
1116,11.141745328903198,0.66976,8.183032,4.264936
1117,11.151291131973267,0.78936,8.254792,3.877432
1118,11.16165804862976,0.133952,9.510592,3.315312
1119,11.171772003173828,-0.782184,11.727976,2.863224
1120,11.181707382202148,-1.497392,13.524368,2.42788
1121,11.191722631454468,-1.56676,13.318656,2.609672
1122,11.201702117919922,-0.734344,12.687168,2.860832
1123,11.211694240570068,0.459264,12.41448,2.853656
1124,11.221318244934082,2.121704,10.448256,2.513992
1125,11.23175835609436,2.2126,8.879104,2.327416
1126,11.241369009017944,2.198248,7.769216,2.528344
1127,11.25168490409851,1.923168,6.879392,2.691
1128,11.26100754737854,1.664832,6.355544,2.920632
1129,11.270995378494263,1.217528,6.078072,3.183752
1130,11.281224966049194,0.808496,5.664256,3.245944
1131,11.291983127593994,0.349232,5.592496,3.638232
1132,11.301236629486084,0.198536,5.539872,3.571256
1133,11.311216115951538,-0.102856,5.039944,3.190928
1134,11.321825504302979,-1.262976,3.932448,2.456584
1135,11.331590175628662,-1.129024,5.422664,3.559296
1136,11.341278076171875,-0.770224,7.530016,3.796104
1137,11.351279020309448,-0.818064,7.895992,2.72688
1138,11.36165165901184,-1.94948,6.932016,1.896856
1139,11.371626377105713,-2.779504,6.786104,1.899248
1140,11.381948709487915,-3.2292,7.412808,2.482896
1141,11.392048120498657,-3.250728,7.994064,2.576184
1142,11.40137267112732,-2.961296,8.283496,2.148016
1143,11.411905527114868,-2.746016,8.403096,1.932736
1144,11.421895503997803,-2.669472,8.328944,2.112136
1145,11.43168044090271,-2.951728,8.716448,2.29632
1146,11.441898822784424,-3.286608,9.111128,2.136056
1147,11.451891422271729,-3.626272,9.704344,2.071472
1148,11.461654424667358,-3.829592,9.737832,1.947088
1149,11.471874952316284,-3.805672,9.766536,1.851408
1150,11.481935977935791,-3.6478,10.099024,1.932736
1151,11.4912269115448,-3.583216,10.885992,1.54284
1152,11.501888036727905,-3.310528,11.330904,1.526096
1153,11.511720657348633,-3.076112,11.412232,1.884896
1154,11.521660566329956,-2.958904,11.692096,2.136056
1155,11.531917810440063,-3.293784,12.70152,1.844232
1156,11.541698694229126,-3.872648,14.203696,1.442376
1157,11.551678895950317,-3.939624,15.036112,1.277328
1158,11.561930656433105,-2.94216,14.098448,1.636128
1159,11.57168197631836,-1.370616,12.739792,2.341768
1160,11.581330060958862,0.021528,12.096344,2.779504
1161,11.591883897781372,0.485576,11.694488,2.628808
1162,11.601666927337646,0.105248,11.713624,2.066688
1163,11.611658573150635,-0.389896,12.457536,1.631344
1164,11.622084856033325,-0.72956,13.220584,1.48304
1165,11.63189959526062,-0.696072,13.608088,1.4352
1166,11.641682863235474,-0.473616,13.675064,1.473472
1167,11.651898622512817,-0.03588,13.632008,1.526096
1168,11.661673307418823,0.265512,13.249288,1.353872
1169,11.671653747558594,0.49036,12.83308,1.050088
1170,11.681986570358276,0.779792,12.311624,0.918528
1171,11.691652774810791,1.081184,11.75668,1.11228
1172,11.701660871505737,1.741376,11.249576,1.310816
1173,11.711896181106567,2.32024,10.450648,1.794
1174,11.721286058425903,2.753192,9.67564,2.059512
1175,11.73164701461792,2.765152,8.869536,2.394392
1176,11.74186897277832,2.47572,7.814664,2.41592
1177,11.751662969589233,2.090608,7.006168,2.530736
1178,11.761640071868896,1.593072,6.157008,2.64316
1179,11.77188777923584,1.143376,5.63316,2.513992
1180,11.781176328659058,0.75348,5.25044,2.40396
1181,11.79138445854187,0.37076,4.994496,2.305888
1182,11.801997661590576,0.112424,4.889248,2.131272
1183,11.811246633529663,-0.22724,4.953832,2.131272
1184,11.821266174316406,-0.528632,5.078216,1.968616
1185,11.832054853439331,-0.834808,5.248048,1.72224
1186,11.841328620910645,-1.179256,5.508776,1.487824
1187,11.851353168487549,-1.406496,5.841264,1.0166
1188,11.861826181411743,-1.624168,6.008704,0.392288
1189,11.871325969696045,-1.767688,6.324448,0.222456
1190,11.881231307983398,-1.54284,6.941584,0.33488
1191,11.891828060150146,-1.480648,7.611344,0.354016
1192,11.901386022567749,-1.346696,8.183032,0.516672
1193,11.911396741867065,-1.217528,8.489208,0.473616
1194,11.922091007232666,-0.93288,8.972392,-0.138736
1195,11.93126106262207,-1.62656,10.65636,1.229488
1196,11.941682815551758,0.019136,12.259,-0.25116
1197,11.951953887939453,-1.11228,13.194272,1.33952
1198,11.961748361587524,-3.186144,11.998272,1.174472
1199,11.971717357635498,-3.690856,11.536616,1.11228
1200,11.98197054862976,-2.470936,11.567712,2.085824
1201,11.99125361442566,-0.60996,11.536616,2.812992
1202,12.001696348190308,0.614744,11.486384,2.946944
1203,12.012137651443481,0.995072,11.981528,2.748408
1204,12.021641492843628,0.160264,14.019512,2.693392
1205,12.031670570373535,-1.480648,15.672384,2.43984
1206,12.04196810722351,-3.272256,14.92608,2.994784
1207,12.051082611083984,-3.018704,12.165712,3.640624
1208,12.06137228012085,-1.624168,9.792848,3.92288
1209,12.072041749954224,-0.444912,8.546616,4.23384
1210,12.081624269485474,0.432952,7.900776,4.214704
1211,12.091251850128174,0.523848,8.089744,3.741088
1212,12.101883172988892,-0.50232,9.367072,3.06176
1213,12.11135196685791,-1.509352,11.295024,2.851264
1214,12.121671676635742,-2.513992,13.41912,2.143232
1215,12.13217282295227,-2.61924,13.026832,2.214992
1216,12.14168906211853,-2.085824,12.861784,2.848872
1217,12.151686906814575,-0.684112,12.189632,2.05712
1218,12.161813735961914,-0.062192,11.476816,2.61924
1219,12.171718835830688,1.23188,10.57264,3.011528
1220,12.181710004806519,2.325024,9.465144,3.18136
1221,12.191786050796509,2.695784,8.357648,3.322488
1222,12.201337814331055,2.265224,7.087496,3.076112
1223,12.211686372756958,1.504568,5.917808,2.982824
1224,12.222053527832031,0.894608,5.233696,2.963688
1225,12.231648683547974,0.081328,4.932304,3.95876
1226,12.241687536239624,0.267904,6.061328,4.752904
1227,12.25173044204712,-0.100464,5.114096,3.896568
1228,12.261706829071045,-0.38272,4.410848,3.968328
1229,12.271721839904785,3.06176,7.620912,3.011528
1230,12.281771898269653,2.179112,6.295744,1.78204
1231,12.291336059570312,1.059656,7.771608,4.791176
1232,12.301674365997314,-0.578864,7.683104,3.753048
1233,12.311792135238647,-2.198248,7.393672,3.499496
1234,12.321719408035278,-3.078504,6.64976,2.76276
1235,12.331236839294434,-2.946944,7.130552,3.332056
1236,12.34188199043274,-2.253264,8.089744,3.585608
1237,12.351682662963867,-1.971008,8.615984,3.291392
1238,12.361335515975952,-2.214992,8.673392,3.030664
1239,12.371904611587524,-2.73884,8.601632,2.746016
1240,12.38171648979187,-3.171792,8.77864,2.674256
1241,12.391694068908691,-3.693248,8.888672,2.485288
1242,12.401905059814453,-4.087928,9.106344,2.346552
1243,12.411693096160889,-4.11424,9.307272,2.353728
1244,12.421671628952026,-3.93484,9.527336,2.037984
1245,12.431895971298218,-3.678896,9.57996,1.731808
1246,12.4412522315979,-3.521024,10.01052,1.45912
1247,12.451711654663086,-3.413384,10.606128,1.523704
1248,12.461883068084717,-3.214848,10.828584,1.796392
1249,12.47165298461914,-2.944552,10.8238,1.98536
1250,12.48165225982666,-3.250728,11.419408,1.968616
1251,12.491888284683228,-3.824808,12.94072,1.736592
1252,12.501658201217651,-3.980288,14.282632,1.404104
1253,12.511708736419678,-3.485144,14.416584,1.509352
1254,12.52194595336914,-2.222168,13.612872,1.880112
1255,12.531416416168213,-1.026168,12.794808,2.136056
1256,12.541669368743896,-0.303784,12.440792,2.078648
1257,12.551885604858398,-0.327704,12.531688,1.636128
1258,12.561678171157837,-0.851552,13.416728,1.217528
1259,12.57165789604187,-1.540448,14.22044,0.999856
1260,12.581943988800049,-1.982968,14.440504,1.105104
1261,12.591657400131226,-1.839448,14.325688,1.420848
1262,12.601657629013062,-1.456728,14.139112,1.346696
1263,12.61209225654602,-0.92092,13.820976,1.258192
1264,12.621365785598755,-0.423384,13.529152,1.181648
1265,12.631716966629028,0.105248,13.029224,1.26776
1266,12.642173290252686,0.660192,12.476672,1.681576
1267,12.65172028541565,1.188824,11.754288,2.066688
1268,12.661705732345581,1.559584,10.874032,2.286752
1269,12.6719810962677,1.729416,9.965072,2.585752
1270,12.6813325881958,1.736592,9.032192,2.812992
1271,12.691693782806396,1.538056,8.034728,3.011528
1272,12.701942920684814,1.181648,7.123376,3.006744
1273,12.711724519729614,0.636272,6.279,3.071328
1274,12.721662759780884,-0.009568,5.604456,3.080896
1275,12.731932401657104,-0.559728,5.018416,3.0498
1276,12.741684436798096,-1.117064,4.6046,3.009136
1277,12.75119423866272,-1.437592,4.46108,2.913456
1278,12.761884689331055,-1.700712,4.363008,2.83452
1279,12.771281957626343,-1.827488,4.382144,2.52356
1280,12.781694889068604,-1.935128,4.506528,2.274792
1281,12.791897773742676,-1.944696,4.83184,1.87772
1282,12.8016939163208,-2.073864,5.245656,1.583504
1283,12.81167197227478,-2.174328,5.635552,1.093144
1284,12.821881294250488,-2.214992,5.953688,1.042912
1285,12.831644058227539,-2.076256,6.436872,0.846768
1286,12.841269493103027,-1.923168,7.257328,0.882648
1287,12.851884841918945,-1.48304,8.183032,0.46644
1288,12.861255884170532,-0.612352,8.953256,0.471224
1289,12.871677875518799,0.368368,10.503272,0.13156
1290,12.881882190704346,-1.193608,11.395488,-0.234416
1291,12.891661643981934,-2.53552,11.909768,-0.320528
1292,12.90174388885498,-2.131272,12.184848,0.373152
1293,12.911901712417603,-0.954408,12.17528,1.35148
1294,12.921696424484253,-0.002392,11.945648,1.382576
1295,12.931245565414429,0.468832,11.668176,1.329952
1296,12.941890954971313,0.342056,11.3022,1.53088
1297,12.951693296432495,-0.0598,10.838152,1.956656
1298,12.961684942245483,-0.57408,10.706592,2.138448
1299,12.971888542175293,-1.217528,11.572496,1.583504
1300,12.981661558151245,-2.61924,13.280384,1.361048
1301,12.991694211959839,-2.903888,14.976312,1.050088
1302,13.001345157623291,-2.927808,14.473992,2.435056
1303,13.011714220046997,-2.148016,12.23508,3.86308
1304,13.021694660186768,-1.681576,10.292776,4.073576
1305,13.031885862350464,-0.911352,8.926944,4.068792
1306,13.041683673858643,-0.265512,8.058648,3.748264
1307,13.051710367202759,-0.196144,7.996456,3.19332
1308,13.061875104904175,-0.727168,8.8504,2.84648
1309,13.071644067764282,-1.715064,10.292776,2.494856
1310,13.081696271896362,-2.731664,12.146576,2.131272
1311,13.092092275619507,-3.403816,13.148824,2.169544
1312,13.101735591888428,-3.59996,12.615408,2.853656
1313,13.111677169799805,-3.023488,12.287704,3.446872
1314,13.121880054473877,-2.023632,12.359464,3.774576
1315,13.131256580352783,-0.983112,12.160928,3.595176
1316,13.141720294952393,-0.39468,10.032048,2.2126
1317,13.15204405784607,0.865904,9.154184,2.72688
1318,13.161334753036499,1.801176,8.692528,3.12156
1319,13.171677589416504,2.076256,8.187816,3.076112
1320,13.181535959243774,1.585896,7.14012,2.9302
1321,13.191689729690552,0.87308,6.02784,2.753192
1322,13.201679944992065,0.45448,6.415344,3.882216
1323,13.211885452270508,-0.416208,5.802992,4.001816
1324,13.221696615219116,-1.636128,3.812848,3.143088
1325,13.231689691543579,-1.262976,4.374968,4.824664
1326,13.241883039474487,-0.86112,5.793424,4.74812
1327,13.251272916793823,-0.16744,7.475,4.229056
1328,13.261297225952148,-0.966368,4.87968,2.566616
1329,13.271867275238037,-0.736736,6.444048,4.193176
1330,13.28130316734314,-1.174472,7.109024,3.793712
1331,13.291686773300171,-1.53088,7.525232,2.540304
1332,13.301870584487915,-2.037984,7.84576,1.672008
1333,13.311653137207031,-2.516384,8.482032,2.054728
1334,13.321288824081421,-2.853656,8.965216,2.425488
1335,13.331872463226318,-2.982824,9.182888,2.447016
1336,13.341647624969482,-3.083288,9.199632,2.183896
1337,13.3517484664917,-3.231592,9.350328,1.94948
1338,13.361892223358154,-3.666936,9.71152,1.856192
1339,13.371586322784424,-3.903744,9.9866,1.664832
1340,13.38164496421814,-3.961152,10.354968,1.657656
1341,13.392088413238525,-3.784144,10.484136,1.784432
1342,13.401685953140259,-3.829592,10.71616,1.851408
1343,13.411271810531616,-4.147728,11.15868,1.904032
1344,13.422019720077515,-4.647656,11.467248,1.959048
1345,13.431724548339844,-4.85576,11.378744,2.23652
1346,13.441706895828247,-4.662008,11.299808,2.327416
1347,13.451693296432495,-4.563936,12.215944,2.171936
1348,13.461232423782349,-4.511312,13.947752,2.05712
1349,13.471242189407349,-4.219488,14.7706,1.980576
1350,13.481905937194824,-3.291392,14.151072,2.210208
1351,13.49171495437622,-1.96144,12.94072,2.60728
1352,13.501758098602295,-0.983112,11.921728,3.021096
1353,13.511885166168213,-0.51428,11.024728,3.274648
1354,13.521375179290771,-0.172224,10.689848,2.956512
1355,13.531273365020752,0.157872,11.165856,2.6312
1356,13.54193902015686,0.050232,12.072424,2.389608
1357,13.551241874694824,-0.291824,12.622584,2.413528
1358,13.561697721481323,-0.995072,12.732616,2.46376
1359,13.571672439575195,-1.607424,12.495808,2.315456
1360,13.581684827804565,-1.743768,12.050896,2.0332
1361,13.59170413017273,-1.478256,11.775816,1.849016
1362,13.601901531219482,-1.167296,11.718408,1.875328
1363,13.611697912216187,-0.712816,11.558144,1.884896
1364,13.621741533279419,-0.114816,11.201736,2.066688
1365,13.63188123703003,0.363584,10.649184,2.114528
1366,13.641242504119873,0.698464,9.821552,2.243696
1367,13.651670694351196,0.856336,8.895848,2.442232
1368,13.66220760345459,0.782184,8.06104,2.765152
1369,13.67163896560669,0.719992,7.2358,3.01392
1370,13.681642055511475,0.413816,6.578,2.980432
1371,13.691906213760376,0.248768,5.913024,2.89432
1372,13.701651573181152,0.007176,5.288712,2.860832
1373,13.711632251739502,-0.313352,4.949048,2.674256
1374,13.721646785736084,-0.68172,4.717024,2.540304
1375,13.731892347335815,-1.002248,4.762472,2.521168
1376,13.741317987442017,-1.317992,4.992104,2.425488
1377,13.751895189285278,-1.535664,5.169112,2.322632
1378,13.761696577072144,-1.791608,5.480072,2.1528
1379,13.771275997161865,-1.911208,5.934552,1.954264
1380,13.781913757324219,-2.145624,6.527768,1.731808
1381,13.791218519210815,-2.229344,7.326696,1.368224
1382,13.801716327667236,-2.174328,8.09692,1.011816
1383,13.811888456344604,-1.9734,8.74276,0.834808
1384,13.821721076965332,-1.607424,9.24508,0.758264
1385,13.831685543060303,-1.296464,9.680424,0.966368
1386,13.841873168945312,-0.918528,9.922016,1.018992
1387,13.851692199707031,-0.533416,10.276032,1.140984
1388,13.861680030822754,-0.22724,10.455432,0.971152
1389,13.871895790100098,0.619528,10.13012,0.497536
1390,13.881279945373535,0.473616,10.756824,2.2126
1391,13.891201257705688,1.664832,11.462464,1.04052
1392,13.901875019073486,1.971008,11.378744,1.191216
1393,13.911904335021973,-0.471224,10.627656,2.600104
1394,13.9216947555542,-2.506816,11.156288,2.442232
1395,13.931885480880737,-2.987608,12.62976,1.277328
1396,13.941676616668701,-2.016456,14.182168,0.985504
1397,13.951692819595337,-0.949624,15.193984,1.887288
1398,13.96190071105957,-0.15548,14.201304,2.994784
1399,13.971700668334961,0.172224,12.225512,4.03052
1400,13.981658458709717,0.066976,10.481744,3.985072
1401,13.99195122718811,-0.043056,9.252256,3.8272
1402,14.001678705215454,-0.016744,8.565752,3.7076
1403,14.011675357818604,0.205712,8.3122,3.413384
1404,14.021905660629272,-0.904176,8.254792,3.200496
1405,14.031722784042358,-2.107352,9.871784,3.645408
1406,14.04170298576355,-2.588144,12.060464,3.750656
1407,14.051812171936035,-2.944552,13.797056,3.860688
1408,14.06171703338623,-2.980432,12.837864,3.686072
1409,14.071730136871338,-2.530736,12.340328,3.83916
1410,14.081877946853638,-1.51892,12.081992,3.68368
1411,14.091912269592285,0.121992,11.163464,3.817632
1412,14.101696729660034,0.877864,9.864608,3.308136
1413,14.111896991729736,1.432808,8.513128,3.092856
1414,14.12166452407837,1.851408,7.183176,3.401424
1415,14.131249904632568,1.92556,6.456008,3.68368
1416,14.141965389251709,1.561976,5.965648,3.69564
1417,14.15130352973938,0.839592,5.518344,3.556904
1418,14.16171646118164,0.021528,5.149976,3.523416
1419,14.171932458877563,-0.983112,5.09496,3.953976
1420,14.18144154548645,-1.04052,5.475288,4.50892
1421,14.19162392616272,-1.47108,4.982536,3.59996
1422,14.201960563659668,-0.832416,5.28632,3.248336
1423,14.211294889450073,-1.071616,6.274216,3.930056
1424,14.22131609916687,-1.982968,6.690424,3.406208
1425,14.232124090194702,-2.832128,7.061184,2.896712
1426,14.241756200790405,-2.937376,8.314592,3.32488
1427,14.251256942749023,-2.91824,6.716736,1.784432
1428,14.26199722290039,-2.02124,8.651864,3.210064
1429,14.271778583526611,-2.468544,9.163752,2.662296
1430,14.281310319900513,-3.365544,8.812128,2.066688
1431,14.29191517829895,-3.85112,8.627944,2.195856
1432,14.301988363265991,-3.963544,8.709272,2.305888
1433,14.311753034591675,-3.997032,9.108736,2.437448
1434,14.321988105773926,-4.217096,9.608664,2.238912
1435,14.331713676452637,-4.492176,9.972248,2.030808
1436,14.341698408126831,-4.595032,10.096632,2.179112
1437,14.351943254470825,-4.487392,9.898096,2.24848
1438,14.361729145050049,-4.403672,9.83112,2.360904
1439,14.371432304382324,-4.243408,10.077496,2.183896
1440,14.381956815719604,-3.891784,10.455432,2.265224
1441,14.391273498535156,-3.43252,10.625264,2.552264
1442,14.401719570159912,-2.994784,10.85968,2.497248
1443,14.411943674087524,-3.33684,12.1394,2.040376
1444,14.42176079750061,-3.762616,13.997984,1.41128
1445,14.431771278381348,-3.848728,14.792128,1.009424
1446,14.442105054855347,-3.2292,14.356784,1.3156
1447,14.451764106750488,-2.05712,13.53872,1.497392
1448,14.461353540420532,-1.169688,13.242112,1.858584
1449,14.471943140029907,-0.875472,13.41912,1.94948
1450,14.481776714324951,-0.70564,13.505232,1.420848
1451,14.491225957870483,-1.026168,13.878384,1.392144
1452,14.50194501876831,-0.875472,14.230008,1.616992
1453,14.511741161346436,-0.78936,14.378312,1.978184
1454,14.521740198135376,-0.581256,14.009944,2.133664
1455,14.531926155090332,-0.40664,13.266032,2.030808
1456,14.54174518585205,-0.243984,12.596272,1.999712
1457,14.551685094833374,-0.009568,12.184848,2.002104
1458,14.561813592910767,0.389896,11.689704,2.02124
1459,14.571712017059326,0.772616,11.216088,2.301104
1460,14.58172607421875,1.085968,10.610912,2.557048
1461,14.592225313186646,1.329952,9.768928,2.736448
1462,14.601722478866577,1.248624,8.8504,2.79864
1463,14.611687898635864,1.08836,7.996456,2.937376
1464,14.621776580810547,0.820456,7.216664,2.939768
1465,14.631681203842163,0.46644,6.479928,2.91824
1466,14.641669511795044,0.126776,5.862792,2.765152
1467,14.651795387268066,-0.19136,5.384392,2.602496
1468,14.661404132843018,-0.461656,5.008848,2.468544
1469,14.671699047088623,-0.688896,4.834232,2.435056
1470,14.682104587554932,-0.830024,4.690712,2.291536
1471,14.69122862815857,-0.99268,4.752904,2.179112
1472,14.701723575592041,-1.143376,4.910776,1.846624
1473,14.711798667907715,-1.198392,5.09496,1.63852
1474,14.721730947494507,-1.308424,5.389176,1.468688
1475,14.731723308563232,-1.439984,5.94412,1.054872
1476,14.741795063018799,-1.53088,6.61388,0.607568
1477,14.751744270324707,-1.5548,7.27168,0.260728
1478,14.761327505111694,-1.535664,7.972536,0.198536
1479,14.772157669067383,-1.420848,8.637512,0.3588
1480,14.781729698181152,-1.138592,9.12548,0.535808
1481,14.791207790374756,-0.82524,9.283352,0.605176
1482,14.801777124404907,-0.605176,9.228336,0.373152
1483,14.811731100082397,-0.02392,8.24044,-0.38272
1484,14.82172966003418,0.165048,11.151504,1.126632
1485,14.831788778305054,1.894464,12.156144,-0.808496
1486,14.841722011566162,0.136344,11.608376,1.205568
1487,14.85171627998352,-2.018848,10.110984,1.664832
1488,14.861805438995361,-3.111992,10.479352,1.789216
1489,14.871730327606201,-2.279576,11.012768,2.14084
1490,14.881679058074951,-0.595608,11.299808,2.214992
1491,14.891793251037598,0.509496,11.823656,2.159976
1492,14.901692390441895,0.602784,13.385632,1.844232
1493,14.911695718765259,-0.019136,15.347072,1.605032
1494,14.921796798706055,-0.779792,14.720368,1.959048
1495,14.931689977645874,-1.167296,12.314016,3.233984
1496,14.941272974014282,-0.863512,10.510448,3.999424
1497,14.951725006103516,-0.129168,9.338368,4.370184
1498,14.96144723892212,0.291824,8.941296,4.236232
1499,14.971242427825928,0.114816,9.058504,3.99464
1500,14.982013940811157,-0.365976,10.508056,3.8272
1501,14.991389989852905,-1.672008,12.148968,3.721952
