//Date Created 2022-12-09 13:10:25.957458
"//Units: sec, m/s/s"
Action,pouring
SampleRate,100.0
Frames#,Time,AccX,AccY,AccZ
1,3.5762786865234375e-06,-5.269576,7.9534,1.203176
2,0.004568576812744141,-5.228912,7.934264,1.227096
3,0.013824701309204102,-5.255224,7.946224,1.203176
4,0.02402043342590332,-5.269576,7.907952,1.251016
5,0.03464961051940918,-5.2624,7.91752,1.186432
6,0.0439145565032959,-5.307848,7.962968,1.105104
7,0.053890228271484375,-5.31024,7.991672,1.069224
8,0.06451201438903809,-5.422664,8.080176,1.085968
9,0.07388114929199219,-5.37004,8.09692,1.217528
10,0.08403897285461426,-5.494424,8.151936,1.078792
11,0.09462594985961914,-5.456152,8.068216,1.045304
12,0.10414505004882812,-5.492032,8.068216,1.164904
13,0.11406588554382324,-5.420272,7.998848,1.131416
14,0.12494826316833496,-5.401136,7.970144,1.117064
15,0.1347963809967041,-5.348512,7.895992,1.162512
16,0.14412140846252441,-5.231304,7.951008,1.133808
17,0.1549069881439209,-5.224128,7.891208,1.236664
18,0.16413021087646484,-5.207384,7.85772,1.301248
19,0.1741316318511963,-5.303064,7.80988,1.3156
20,0.18476343154907227,-5.315024,7.802704,1.241448
21,0.19401192665100098,-5.34612,7.752472,1.30364
22,0.2039499282836914,-5.401136,7.790744,1.298856
23,0.21466541290283203,-5.432232,7.843368,1.317992
24,0.2238781452178955,-5.425056,7.862504,1.373008
25,0.2339479923248291,-5.437016,7.819448,1.310816
26,0.2446579933166504,-5.437016,7.82184,1.203176
27,0.2541532516479492,-5.4418,7.802704,1.289288
28,0.26413822174072266,-5.413096,7.771608,1.251016
29,0.2746257781982422,-5.425056,7.707024,1.301248
30,0.2840869426727295,-5.35808,7.754864,1.286896
31,0.2941431999206543,-5.300672,7.747688,1.260584
32,0.3046586513519287,-5.2624,7.680712,1.396928
33,0.3139779567718506,-5.224128,7.656792,1.425632
34,0.3241231441497803,-5.288712,7.620912,1.346696
35,0.334705114364624,-5.312632,7.647224,1.222312
36,0.34419775009155273,-5.377216,7.640048,1.396928
37,0.3540663719177246,-5.45376,7.616128,1.301248
38,0.36400580406188965,-5.482464,7.644832,1.308424
39,0.37415504455566406,-5.377216,7.652008,1.26776
40,0.38416624069213867,-5.338944,7.709416,1.30364
41,0.3948020935058594,-5.37004,7.711808,1.392144
42,0.40413904190063477,-5.470504,7.781176,1.466296
43,0.41412830352783203,-5.614024,7.718984,1.430416
44,0.424696683883667,-5.66904,7.632872,1.430416
45,0.4341552257537842,-5.685784,7.544368,1.48304
46,0.44408202171325684,-5.654688,7.491744,1.475864
47,0.45470476150512695,-5.58532,7.475,1.404104
48,0.4641847610473633,-5.451368,7.429552,1.377792
49,0.47414422035217285,-5.580536,7.575464,1.33952
50,0.48468923568725586,-5.547048,7.61852,1.44716
51,0.494035005569458,-5.599672,7.668752,1.605032
52,0.504164457321167,-5.64512,7.596992,1.557192
53,0.5147664546966553,-5.838872,7.592208,1.585896
54,0.5239899158477783,-5.834088,7.479784,1.688752
55,0.5341625213623047,-5.793424,7.541976,1.583504
56,0.5446569919586182,-5.798208,7.482176,1.502176
57,0.5541534423828125,-5.70492,7.613736,1.473472
58,0.5641517639160156,-5.47768,7.675928,1.294072
59,0.5746846199035645,-5.293496,7.673536,1.260584
60,0.5841634273529053,-5.083,7.55872,1.389752
61,0.5941612720489502,-4.980144,7.496528,1.310816
62,0.6047213077545166,-5.037552,7.520448,1.344304
63,0.6139400005340576,-5.027984,7.448688,1.217528
64,0.6243367195129395,-5.135624,7.443904,1.212744
65,0.6347172260284424,-5.353296,7.544368,1.222312
66,0.6441190242767334,-5.492032,7.644832,1.164904
67,0.6539452075958252,-5.389176,7.716592,1.432808
68,0.6646561622619629,-5.123664,7.802704,1.487824
69,0.6739580631256104,-4.961008,7.668752,1.44716
70,0.6839604377746582,-4.87968,7.611344,1.461512
71,0.6948473453521729,-4.853368,7.515664,1.487824
72,0.7041327953338623,-5.147584,7.513272,1.3156
73,0.714118242263794,-5.611632,7.467824,1.236664
74,0.7248985767364502,-5.90824,7.43912,1.186432
75,0.734128475189209,-6.176144,7.353008,1.102712
76,0.7441041469573975,-6.176144,7.341048,0.971152
77,0.7546813488006592,-6.18332,7.276464,1.00464
78,0.764066219329834,-6.070896,7.221448,1.095536
79,0.774118185043335,-6.046976,7.219056,1.093144
80,0.7846744060516357,-5.972824,7.197528,1.014208
81,0.7939739227294922,-6.092424,7.16404,0.952016
82,0.8041203022003174,-6.173752,7.30756,0.995072
83,0.814816951751709,-6.097208,7.4152,1.308424
84,0.8241043090820312,-6.121128,7.563504,1.454336
85,0.8340575695037842,-5.96804,7.5348,1.523704
86,0.8448288440704346,-5.829304,7.419984,1.540448
87,0.8541176319122314,-5.64512,7.3554,1.595464
88,0.864128828048706,-5.539872,7.3554,1.628952
89,0.8749468326568604,-5.480072,7.489352,1.633736
90,0.884103536605835,-5.463328,7.549152,1.605032
91,0.8940863609313965,-5.544656,7.659184,1.631344
92,0.9046571254730225,-5.695352,7.72616,1.612208
93,0.9140841960906982,-5.757544,7.764432,1.56676
94,0.9240200519561768,-5.759936,7.692672,1.47108
95,0.9346456527709961,-5.71688,7.661576,1.490216
96,0.9440703392028809,-5.70492,7.599384,1.39932
97,0.9541058540344238,-5.72884,7.604168,1.437592
98,0.9647369384765625,-5.664256,7.57068,1.44716
99,0.974113941192627,-5.671432,7.680712,1.382576
100,0.9841270446777344,-5.59728,7.80988,1.41128
101,0.9946122169494629,-5.683392,7.826624,1.475864
102,1.0040171146392822,-5.78864,7.807488,1.521312
103,1.014233112335205,-5.810168,7.711808,1.428024
104,1.0246849060058594,-5.834088,7.575464,1.401712
105,1.033926010131836,-5.831696,7.592208,1.368224
106,1.0441341400146484,-5.862792,7.482176,1.320384
107,1.0546536445617676,-5.846048,7.515664,1.346696
108,1.0641083717346191,-5.822128,7.565896,1.404104
109,1.0741856098175049,-5.747976,7.5946,1.373008
110,1.0846381187438965,-5.7408,7.527624,1.466296
111,1.0941121578216553,-5.762328,7.553936,1.50696
112,1.1043493747711182,-5.75276,7.544368,1.628952
113,1.1147546768188477,-5.759936,7.539584,1.683968
114,1.1240477561950684,-5.88432,7.647224,1.68636
115,1.1341605186462402,-5.826912,7.575464,1.628952
116,1.144766092300415,-5.798208,7.506096,1.57872
117,1.1541588306427002,-5.834088,7.501312,1.57872
118,1.164003610610962,-5.865184,7.489352,1.640912
119,1.1746959686279297,-5.783856,7.45108,1.609816
120,1.1841576099395752,-5.877144,7.515664,1.600248
121,1.1941440105438232,-5.924984,7.475,1.581112
122,1.2046229839324951,-5.946512,7.506096,1.660048
123,1.2138612270355225,-5.960864,7.4152,1.63852
124,1.2240691184997559,-5.924984,7.396064,1.748552
125,1.2346611022949219,-5.965648,7.396064,1.88968
126,1.2440497875213623,-5.917808,7.293208,1.75812
127,1.2539927959442139,-5.917808,7.24776,1.724632
128,1.2647454738616943,-5.987176,7.288424,1.643304
129,1.2741265296936035,-6.068504,7.288424,1.636128
130,1.2841148376464844,-6.133088,7.33148,1.860976
131,1.2947592735290527,-6.252688,7.33148,1.827488
132,1.3041212558746338,-6.113952,7.329088,1.947088
133,1.3141202926635742,-6.173752,7.252544,1.794
134,1.324744701385498,-6.11156,7.242976,1.727024
135,1.3341388702392578,-6.101992,7.238192,1.849016
136,1.344116449356079,-6.13548,7.171216,1.791608
137,1.3547558784484863,-6.204848,7.14012,1.791608
138,1.3641188144683838,-6.25508,7.125768,1.774864
139,1.3741228580474854,-6.20724,7.075536,1.80596
140,1.3847854137420654,-6.180928,7.046832,1.741376
141,1.394115924835205,-6.070896,7.09228,1.822704
142,1.4040718078613281,-6.054152,7.054008,1.772472
143,1.4147491455078125,-6.06372,7.118592,1.822704
144,1.4241175651550293,-6.092424,7.125768,1.789216
145,1.4339594841003418,-6.0996,7.109024,1.80596
146,1.4447996616363525,-6.085248,7.082712,1.892072
147,1.4541218280792236,-6.125912,7.10424,2.006888
148,1.464148759841919,-6.188104,6.922448,2.085824
149,1.4747638702392578,-6.209632,6.903312,2.061904
150,1.4839591979980469,-6.157008,6.843512,1.990144
151,1.4941375255584717,-6.245512,6.879392,2.004496
152,1.504748821258545,-6.276608,6.910488,1.98536
153,1.5140819549560547,-6.319664,6.991816,2.078648
154,1.524120569229126,-6.23116,6.977464,2.093
155,1.5346627235412598,-6.259864,6.88896,2.124096
156,1.5440208911895752,-6.168968,6.807632,2.131272
157,1.5541105270385742,-6.252688,6.74544,2.066688
158,1.5648040771484375,-6.262256,6.714344,2.159976
159,1.5741407871246338,-6.381856,6.695208,2.078648
160,1.5841171741485596,-6.484712,6.759792,2.078648
161,1.5946531295776367,-6.55408,6.843512,2.121704
162,1.6040992736816406,-6.616272,6.82916,2.097784
163,1.6140708923339844,-6.532552,6.810024,2.183896
164,1.6245434284210205,-6.436872,6.70956,2.124096
165,1.6339342594146729,-6.283784,6.67368,2.08104
166,1.6439647674560547,-6.125912,6.60192,2.124096
167,1.6547505855560303,-6.042192,6.62584,2.193464
168,1.6640803813934326,-6.094816,6.616272,2.17672
169,1.6740646362304688,-6.180928,6.764576,2.286752
170,1.684812068939209,-6.19528,6.764576,2.353728
171,1.6941208839416504,-6.245512,6.714344,2.29632
172,1.7041361331939697,-6.310096,6.549296,2.291536
173,1.7147552967071533,-6.245512,6.53016,2.389608
174,1.7240300178527832,-6.212024,6.499064,2.2724
175,1.734095811843872,-6.212024,6.513416,2.317848
176,1.7448277473449707,-6.212024,6.508632,2.341768
177,1.754077434539795,-6.298136,6.475144,2.36808
178,1.7640690803527832,-6.384248,6.628232,2.310672
179,1.77479887008667,-6.453616,6.671288,2.542696
180,1.7840614318847656,-6.561256,6.688032,2.592928
181,1.793977975845337,-6.551688,6.652152,2.64316
182,1.8046104907989502,-6.534944,6.513416,2.592928
183,1.813908338546753,-6.475144,6.408168,2.7508
184,1.8241057395935059,-6.525376,6.353152,2.72688
185,1.83465576171875,-6.520592,6.32684,2.71492
186,1.8440697193145752,-6.499064,6.355544,2.710136
187,1.8539631366729736,-6.678464,6.405776,2.686216
188,1.8647165298461914,-6.774144,6.484712,2.671864
189,1.8739697933197021,-6.867432,6.513416,2.659904
190,1.884079933166504,-6.886568,6.544512,2.789072
191,1.894737958908081,-6.790888,6.511024,2.803424
192,1.9041235446929932,-6.738264,6.448832,2.844088
193,1.9140207767486572,-6.723912,6.389032,2.839304
194,1.9247522354125977,-6.723912,6.3986,2.84648
195,1.934088945388794,-6.68564,6.360328,2.779504
196,1.9440834522247314,-6.606704,6.35076,2.76276
197,1.9547526836395264,-6.621056,6.286176,2.77472
198,1.9639344215393066,-6.652152,6.235944,2.70296
199,1.9739422798156738,-6.592352,6.274216,2.748408
200,1.984736442565918,-6.58996,6.307704,2.78668
201,1.994112491607666,-6.546904,6.233552,2.779504
202,2.0041446685791016,-6.66172,6.269432,2.96608
203,2.0146188735961914,-6.594744,6.276608,2.913456
204,2.0241050720214844,-6.690424,6.228768,2.934984
205,2.034097671508789,-6.666504,6.23116,2.71492
206,2.0446600914001465,-6.678464,6.214416,2.681432
207,2.05413818359375,-6.644976,6.185712,2.765152
208,2.0644257068634033,-6.695208,6.12352,2.820168
209,2.0748069286346436,-6.640192,6.176144,2.889536
210,2.084111452102661,-6.609096,6.221592,3.004352
211,2.094067096710205,-6.6976,6.197672,3.047408
212,2.104781150817871,-6.599528,6.168968,3.011528
213,2.1139047145843506,-6.668896,6.118736,3.0498
214,2.1239519119262695,-6.67368,6.080464,3.056976
215,2.1348307132720947,-6.678464,6.035016,3.023488
216,2.14408540725708,-6.635408,5.984784,3.023488
217,2.1540799140930176,-6.68564,5.963256,2.94216
218,2.1640803813934326,-6.711952,5.927376,2.932592
219,2.1740660667419434,-6.664112,5.951296,2.951728
220,2.184067487716675,-6.66172,5.905848,2.949336
221,2.1947929859161377,-6.692816,5.934552,3.004352
222,2.2040491104125977,-6.683248,5.951296,2.946944
223,2.214090347290039,-6.659328,5.977608,2.997176
224,2.2247512340545654,-6.690424,6.001528,3.102424
225,2.2340762615203857,-6.635408,6.061328,3.21724
226,2.244056224822998,-6.692816,6.00392,3.078504
227,2.2540979385375977,-6.582784,5.965648,3.195712
228,2.2640810012817383,-6.628232,5.850832,3.064152
229,2.274094581604004,-6.642584,5.831696,3.040232
230,2.284876585006714,-6.630624,5.862792,2.997176
231,2.2940938472747803,-6.594744,5.841264,3.047408
232,2.304117202758789,-6.644976,5.822128,3.083288
233,2.3141427040100098,-6.666504,5.829304,3.14548
234,2.3241028785705566,-6.6976,5.83648,3.119168
235,2.334096670150757,-6.74544,5.867576,3.116776
236,2.3448219299316406,-6.79328,5.867576,3.111992
237,2.354124069213867,-6.788496,5.834088,3.09764
238,2.364060401916504,-6.812416,5.807776,3.119168
239,2.3740339279174805,-6.826768,5.795816,3.126344
240,2.3841140270233154,-6.735872,5.774288,3.052192
241,2.3940978050231934,-6.750224,5.76472,3.195712
242,2.4045464992523193,-6.766968,5.805384,3.171792
243,2.4139304161071777,-6.776536,5.9202,3.143088
244,2.4240591526031494,-6.836336,5.862792,3.248336
245,2.4347126483917236,-6.8172,5.838872,3.128736
246,2.4445760250091553,-6.857864,5.807776,3.135912
247,2.4540209770202637,-6.886568,5.810168,3.198104
248,2.4647536277770996,-6.833944,5.81256,3.308136
249,2.47479248046875,-6.939192,5.83648,3.272256
250,2.484097719192505,-6.943976,5.81256,3.226808
251,2.4947829246520996,-6.920056,5.843656,3.26508
252,2.504066228866577,-7.006168,5.831696,3.353584
253,2.51401948928833,-7.065968,5.771896,3.262688
254,2.52482533454895,-6.905704,5.81256,3.279432
255,2.53410267829895,-6.814808,5.829304,3.274648
256,2.5441079139709473,-6.790888,5.793424,3.238768
257,2.5547051429748535,-6.76936,5.783856,3.25312
258,2.5641207695007324,-6.711952,5.850832,3.250728
259,2.5741004943847656,-6.719128,5.88432,3.31292
260,2.5847833156585693,-6.831552,5.901064,3.274648
261,2.5940191745758057,-6.826768,5.84844,3.24116
262,2.603870391845703,-6.798064,5.810168,3.188536
263,2.6148321628570557,-6.872216,5.786248,3.123952
264,2.62414813041687,-6.843512,5.805384,3.214848
265,2.634024143218994,-6.891352,5.89628,3.298568
266,2.6445891857147217,-6.836336,5.927376,3.38468
267,2.6541240215301514,-6.80524,5.963256,3.410992
268,2.6642630100250244,-6.731088,5.89628,3.171792
269,2.67482328414917,-6.810024,5.846048,3.334448
270,2.6841039657592773,-6.85308,5.767112,3.159832
271,2.6941134929656982,-6.886568,5.76472,3.238768
272,2.704864501953125,-6.893744,5.829304,3.210064
273,2.714138984680176,-6.92484,5.841264,3.267472
274,2.724128484725952,-6.9368,5.82452,3.257904
275,2.7348484992980957,-6.879392,5.838872,3.339232
276,2.7441587448120117,-6.967896,5.87236,3.33684
277,2.754140853881836,-6.872216,5.88432,3.38468
278,2.764847993850708,-6.910488,5.98,3.296176
279,2.77398681640625,-6.877,5.898672,3.334448
280,2.7841174602508545,-6.800456,5.877144,3.358368
281,2.7945916652679443,-6.84112,5.960864,3.291392
282,2.804136037826538,-6.814808,5.898672,3.20528
283,2.8140881061553955,-6.85308,5.889104,3.174184
284,2.8246967792510986,-6.872216,5.841264,3.382288
285,2.834010362625122,-6.800456,5.855616,3.281824
286,2.844101667404175,-6.788496,5.88432,3.339232
287,2.8548238277435303,-6.790888,5.81256,3.389464
288,2.864144802093506,-6.76936,5.831696,3.377504
289,2.874091625213623,-6.764576,5.779072,3.344016
290,2.8846635818481445,-6.872216,5.795816,3.238768
291,2.8941142559051514,-6.905704,5.805384,3.24116
292,2.904080867767334,-6.877,5.798208,3.286608
293,2.9148130416870117,-6.92484,5.817344,3.21724
294,2.9239466190338135,-6.955936,5.846048,3.200496
295,2.934133529663086,-6.915272,5.84844,3.355976
296,2.9446189403533936,-6.929624,5.781464,3.293784
297,2.9541053771972656,-6.94876,5.76472,3.358368
298,2.9641034603118896,-6.991816,5.69296,3.42056
299,2.9746406078338623,-6.967896,5.719272,3.430128
300,2.984095573425293,-6.90092,5.738408,3.430128
301,2.9940340518951416,-6.917664,5.798208,3.32488
302,3.0045502185821533,-6.920056,5.814952,3.33684
303,3.013988971710205,-6.881784,5.855616,3.430128
304,3.024110794067383,-6.85308,5.762328,3.406208
305,3.0346388816833496,-6.903312,5.78864,3.27704
306,3.0441088676452637,-6.872216,5.700136,3.379896
307,3.0539815425872803,-6.88896,5.671432,3.317704
308,3.064805030822754,-6.943976,5.793424,3.308136
309,3.0739941596984863,-6.819592,5.781464,3.289
310,3.0839502811431885,-6.8172,5.81256,3.37272
311,3.094846487045288,-6.711952,5.831696,3.365544
312,3.1041033267974854,-6.843512,5.810168,3.36076
313,3.114029884338379,-6.877,5.771896,3.31292
314,3.1247923374176025,-6.927232,5.738408,3.30096
315,3.1340291500091553,-6.917664,5.695352,3.24116
316,3.1441211700439453,-6.850688,5.676216,3.250728
317,3.154676675796509,-6.788496,5.709704,3.308136
318,3.1641018390655518,-6.76936,5.685784,3.442088
319,3.174037456512451,-6.778928,5.757544,3.298568
320,3.184842109680176,-6.836336,5.745584,3.382288
321,3.194096565246582,-6.915272,5.77668,3.466008
322,3.2040936946868896,-6.977464,5.771896,3.513848
323,3.2148239612579346,-6.975072,5.726448,3.44448
324,3.224083662033081,-6.915272,5.673824,3.394248
325,3.2341110706329346,-6.826768,5.709704,3.36076
326,3.2445266246795654,-6.910488,5.700136,3.289
327,3.2542166709899902,-6.860256,5.745584,3.370328
328,3.2638192176818848,-6.884176,5.791032,3.422952
329,3.274859666824341,-6.97268,5.750368,3.367936
330,3.283909320831299,-6.929624,5.731232,3.485144
331,3.2940659523010254,-6.953544,5.688176,3.39664
332,3.3048150539398193,-6.879392,5.736016,3.334448
333,3.3140361309051514,-6.874608,5.733624,3.351192
334,3.32401180267334,-6.917664,5.77668,3.413384
335,3.334827184677124,-6.905704,5.738408,3.458832
336,3.3440604209899902,-6.955936,5.688176,3.458832
337,3.354093313217163,-6.910488,5.70492,3.387072
338,3.364636182785034,-6.922448,5.72884,3.358368
339,3.373924732208252,-6.898528,5.721664,3.377504
340,3.384047031402588,-6.908096,5.678608,3.454048
341,3.394805908203125,-6.8172,5.681,3.387072
342,3.4039292335510254,-6.836336,5.649904,3.437304
343,3.414003610610962,-6.790888,5.661864,3.317704
344,3.42466402053833,-6.874608,5.75276,3.4086
345,3.4340808391571045,-6.855472,5.719272,3.418168
346,3.4440767765045166,-6.862648,5.757544,3.446872
347,3.454785108566284,-6.908096,5.731232,3.394248
348,3.4640700817108154,-6.905704,5.714488,3.506672
349,3.473917007446289,-6.896136,5.750368,3.466008
350,3.4847233295440674,-6.877,5.786248,3.406208
351,3.494081974029541,-6.845904,5.81256,3.454048
352,3.504098415374756,-6.824376,5.767112,3.391856
353,3.514843463897705,-6.716736,5.70492,3.346408
354,3.524099588394165,-6.72152,5.709704,3.415776
355,3.5340869426727295,-6.74544,5.618808,3.437304
356,3.544802188873291,-6.814808,5.685784,3.497104
357,3.554098129272461,-6.788496,5.714488,3.475576
358,3.563957691192627,-6.860256,5.661864,3.475576
359,3.574782371520996,-6.92484,5.697744,3.463616
360,3.5840084552764893,-6.991816,5.683392,3.454048
361,3.5940933227539062,-6.898528,5.76472,3.461224
362,3.6046245098114014,-6.920056,5.671432,3.537768
363,3.6139235496520996,-6.891352,5.685784,3.573648
364,3.624075174331665,-6.862648,5.666648,3.542552
365,3.63464093208313,-6.877,5.666648,3.43252
366,3.6440541744232178,-6.855472,5.721664,3.470792
367,3.6540870666503906,-6.946368,5.7408,3.439696
368,3.6646621227264404,-6.94876,5.8006,3.391856
369,3.673936128616333,-6.920056,5.714488,3.489928
370,3.6840829849243164,-6.941584,5.60924,3.463616
371,3.694659948348999,-6.850688,5.566184,3.454048
372,3.7040855884552,-6.915272,5.570968,3.391856
373,3.7140767574310303,-7.030088,5.566184,3.50428
374,3.7247605323791504,-6.98464,5.714488,3.473184
375,3.7340686321258545,-6.910488,5.719272,3.44448
376,3.7440478801727295,-6.967896,5.738408,3.451656
377,3.75480055809021,-6.970288,5.719272,3.33684
378,3.7640492916107178,-6.934408,5.623592,3.44448
379,3.7740395069122314,-6.810024,5.582928,3.525808
380,3.784679412841797,-6.862648,5.652296,3.463616
381,3.7940800189971924,-6.833944,5.582928,3.449264
382,3.8040659427642822,-6.843512,5.640336,3.44448
383,3.8146426677703857,-6.862648,5.640336,3.39664
384,3.8240764141082764,-6.932016,5.664256,3.473184
385,3.8340728282928467,-7.00856,5.714488,3.399032
386,3.8447866439819336,-7.030088,5.700136,3.442088
387,3.8540725708007812,-6.975072,5.611632,3.4086
388,3.8640973567962646,-6.958328,5.63316,3.485144
389,3.87479305267334,-6.910488,5.623592,3.422952
390,3.8839669227600098,-6.88896,5.6212,3.377504
391,3.8941285610198975,-6.910488,5.556616,3.38468
392,3.904778003692627,-6.932016,5.66904,3.549728
393,3.9140799045562744,-6.939192,5.652296,3.45644
394,3.924088478088379,-6.881784,5.69296,3.477968
395,3.9346442222595215,-6.82916,5.604456,3.42056
396,3.944103240966797,-6.82916,5.673824,3.561688
397,3.9540953636169434,-6.821984,5.640336,3.461224
398,3.9648096561431885,-6.910488,5.611632,3.382288
399,3.974045991897583,-7.010952,5.66904,3.415776
400,3.984079360961914,-6.998992,5.635552,3.458832
401,3.9948034286499023,-6.953544,5.604456,3.437304
402,4.0040833950042725,-6.963112,5.65708,3.449264
403,4.014094829559326,-6.91288,5.640336,3.351192
404,4.0245115756988525,-6.879392,5.642728,3.461224
405,4.033958673477173,-6.884176,5.623592,3.494712
406,4.043990135192871,-6.891352,5.664256,3.549728
407,4.054788589477539,-6.886568,5.60924,3.413384
408,4.064085960388184,-6.84112,5.60924,3.382288
409,4.074084043502808,-6.90092,5.592496,3.387072
410,4.084646940231323,-6.860256,5.640336,3.470792
411,4.09408712387085,-6.86504,5.63316,3.49232
412,4.104124307632446,-6.917664,5.69296,3.442088
413,4.1146399974823,-6.953544,5.63316,3.449264
414,4.124067783355713,-7.065968,5.587712,3.470792
415,4.134092092514038,-7.013344,5.625984,3.497104
416,4.144801616668701,-7.030088,5.647512,3.566472
417,4.154075384140015,-7.039656,5.580536,3.49232
418,4.164053678512573,-6.98464,5.592496,3.511456
419,4.174829006195068,-6.879392,5.580536,3.513848
420,4.183899641036987,-6.94876,5.57336,3.470792
421,4.193960189819336,-6.967896,5.709704,3.322488
422,4.204864740371704,-6.934408,5.697744,3.44448
423,4.213860273361206,-6.998992,5.666648,3.363152
424,4.224083423614502,-6.929624,5.640336,3.320096
425,4.234692335128784,-6.939192,5.697744,3.45644
426,4.244045972824097,-6.898528,5.570968,3.399032
427,4.25409460067749,-6.893744,5.556616,3.449264
428,4.264684438705444,-6.867432,5.58532,3.439696
429,4.274079322814941,-6.867432,5.614024,3.494712
430,4.283972263336182,-6.898528,5.671432,3.513848
431,4.294710636138916,-6.994208,5.683392,3.549728
432,4.304075479507446,-7.099456,5.66904,3.50428
433,4.3140928745269775,-7.037264,5.6212,3.525808
434,4.32480263710022,-7.089888,5.578144,3.5282
435,4.334082126617432,-7.077928,5.52552,3.578432
436,4.344084978103638,-7.049224,5.511168,3.43252
437,4.354792833328247,-6.998992,5.506384,3.482752
438,4.363954067230225,-6.977464,5.640336,3.521024
439,4.374100208282471,-6.915272,5.695352,3.470792
440,4.384804010391235,-6.953544,5.69296,3.50428
441,4.3940935134887695,-6.917664,5.63316,3.5282
442,4.404081106185913,-7.00856,5.635552,3.604744
443,4.414804697036743,-7.00856,5.635552,3.475576
444,4.424086809158325,-7.046832,5.628376,3.51624
445,4.434075117111206,-7.0564,5.697744,3.497104
446,4.444034814834595,-7.022912,5.695352,3.470792
447,4.454081773757935,-6.963112,5.604456,3.442088
448,4.464074373245239,-6.97268,5.5614,3.451656
449,4.474815845489502,-6.955936,5.484856,3.5282
450,4.484077215194702,-6.896136,5.532696,3.549728
451,4.494028568267822,-6.879392,5.568576,3.50428
452,4.504086494445801,-6.951152,5.590104,3.501888
453,4.5141003131866455,-6.946368,5.625984,3.506672
454,4.524006605148315,-6.903312,5.618808,3.568864
455,4.534077882766724,-6.91288,5.5614,3.554512
456,4.544081687927246,-6.831552,5.618808,3.45644
457,4.55406641960144,-6.879392,5.570968,3.530592
458,4.564822435379028,-6.879392,5.578144,3.595176
459,4.574094533920288,-6.881784,5.580536,3.530592
460,4.584095239639282,-6.922448,5.592496,3.566472
461,4.594632625579834,-6.932016,5.5614,3.49232
462,4.604015350341797,-7.015736,5.568576,3.509064
463,4.613999128341675,-6.982248,5.520736,3.602352
464,4.624855279922485,-7.02052,5.542264,3.588
465,4.634089469909668,-7.00856,5.458544,3.525808
466,4.644044399261475,-7.03248,5.427448,3.549728
467,4.654073476791382,-7.051616,5.508776,3.654976
468,4.664098262786865,-7.058792,5.616416,3.607136
469,4.674088478088379,-6.963112,5.554224,3.609528
470,4.684873104095459,-7.00856,5.578144,3.709992
471,4.6948535442352295,-6.965504,5.527912,3.619096
472,4.704102516174316,-6.94876,5.47768,3.561688
473,4.714796543121338,-6.917664,5.547048,3.542552
474,4.72408652305603,-6.98464,5.468112,3.666936
475,4.733987092971802,-6.994208,5.53748,3.518632
476,4.744740962982178,-7.058792,5.57336,3.535376
477,4.7539989948272705,-6.963112,5.520736,3.666936
478,4.763993263244629,-6.982248,5.575752,3.61192
479,4.774764776229858,-7.015736,5.547048,3.59996
480,4.784058094024658,-6.967896,5.559008,3.693248
481,4.794077396392822,-6.989424,5.559008,3.65976
482,4.804767370223999,-6.932016,5.46572,3.628664
483,4.814690828323364,-6.855472,5.503992,3.631056
484,4.824069499969482,-6.88896,5.511168,3.607136
485,4.834682941436768,-6.943976,5.532696,3.726736
486,4.843989133834839,-6.953544,5.59728,3.669328
487,4.854000806808472,-7.030088,5.527912,3.640624
488,4.864818811416626,-6.910488,5.482464,3.664544
489,4.874122858047485,-6.898528,5.492032,3.676504
490,4.884096384048462,-6.920056,5.58532,3.705208
491,4.894676208496094,-6.953544,5.614024,3.583216
492,4.904110908508301,-6.903312,5.590104,3.55212
493,4.914118766784668,-6.90092,5.570968,3.65976
494,4.9248270988464355,-6.90092,5.520736,3.700424
495,4.93412184715271,-6.869824,5.539872,3.75544
496,4.9441077709198,-6.838728,5.530304,3.724344
497,4.954729080200195,-6.838728,5.499208,3.640624
498,4.964119911193848,-6.893744,5.515952,3.69564
499,4.973947048187256,-6.903312,5.480072,3.561688
500,4.984683513641357,-6.910488,5.52552,3.614312
501,4.9940102100372314,-6.941584,5.556616,3.626272
502,5.0039825439453125,-7.001384,5.53748,3.721952
503,5.014632701873779,-6.953544,5.556616,3.712384
504,5.023904800415039,-6.905704,5.420272,3.595176
505,5.033904552459717,-6.891352,5.329376,3.57604
506,5.044677972793579,-6.877,5.372432,3.688464
507,5.054027795791626,-6.98464,5.458544,3.666936
508,5.064017057418823,-6.910488,5.566184,3.678896
509,5.0747458934783936,-6.998992,5.647512,3.681288
510,5.084012269973755,-7.027696,5.542264,3.698032
511,5.094009160995483,-6.967896,5.475288,3.676504
512,5.104454040527344,-6.908096,5.408312,3.67172
513,5.1138856410980225,-6.869824,5.382,3.714776
514,5.124006509780884,-6.92484,5.499208,3.750656
515,5.134591579437256,-6.869824,5.494424,3.757832
516,5.143922805786133,-6.90092,5.6212,3.729128
517,5.154057741165161,-6.953544,5.649904,3.724344
518,5.164877414703369,-7.00856,5.542264,3.73152
519,5.174031019210815,-7.006168,5.499208,3.68368
520,5.184034109115601,-6.991816,5.508776,3.741088
521,5.194610118865967,-6.975072,5.420272,3.7076
522,5.204015731811523,-6.908096,5.41788,3.786536
523,5.214041709899902,-6.850688,5.446584,3.760224
524,5.224808692932129,-6.905704,5.432232,3.80328
525,5.234071493148804,-6.94876,5.484856,3.820024
526,5.244000196456909,-6.934408,5.52552,3.788928
527,5.254455804824829,-7.042048,5.5016,3.781752
528,5.264029502868652,-6.967896,5.492032,3.717168
529,5.27405047416687,-6.96072,5.518344,3.79132
530,5.284670352935791,-6.987032,5.494424,3.738696
531,5.2940919399261475,-6.953544,5.527912,3.841552
532,5.304082632064819,-6.958328,5.518344,3.834376
533,5.314828634262085,-6.979856,5.47768,3.85112
534,5.323976993560791,-6.958328,5.523128,3.891784
535,5.334104776382446,-6.967896,5.542264,3.891784
536,5.344582557678223,-7.037264,5.434624,3.85112
537,5.354029893875122,-7.037264,5.51356,3.858296
538,5.364036321640015,-7.039656,5.463328,3.8272
539,5.374776124954224,-7.049224,5.437016,3.786536
540,5.384032964706421,-6.987032,5.47768,3.831984
541,5.3940043449401855,-6.908096,5.48964,3.853512
542,5.404747724533081,-6.898528,5.53748,3.86308
543,5.413903713226318,-6.91288,5.506384,3.85112
544,5.424269676208496,-6.943976,5.420272,3.836768
545,5.434798955917358,-6.946368,5.463328,3.74348
546,5.443941831588745,-6.879392,5.506384,3.81524
547,5.4539220333099365,-6.85308,5.432232,3.872648
548,5.464773654937744,-6.860256,5.499208,3.949192
549,5.474011421203613,-6.824376,5.456152,3.975504
550,5.483906269073486,-6.910488,5.386784,4.056832
551,5.494778871536255,-6.920056,5.39396,3.92288
552,5.504021883010864,-6.953544,5.377216,3.798496
553,5.513997554779053,-6.98464,5.355688,3.805672
554,5.5247414112091064,-6.994208,5.420272,3.872648
555,5.534020900726318,-6.843512,5.463328,3.853512
556,5.544349431991577,-6.845904,5.456152,3.831984
557,5.55481743812561,-6.807632,5.542264,3.918096
558,5.564006328582764,-6.714344,5.468112,3.9468
559,5.57403564453125,-6.78132,5.427448,3.908528
560,5.584762811660767,-6.85308,5.413096,3.867864
561,5.594020843505859,-6.833944,5.35808,3.836768
562,5.6040167808532715,-6.879392,5.415488,3.925272
563,5.614591121673584,-6.891352,5.377216,3.930056
564,5.62401270866394,-6.845904,5.391568,3.853512
565,5.633901119232178,-6.92484,5.34612,3.891784
566,5.644791126251221,-6.848296,5.372432,3.870256
567,5.65400767326355,-6.908096,5.410704,3.798496
568,5.6640355587005615,-6.86504,5.47768,3.781752
569,5.674819231033325,-6.886568,5.472896,3.867864
570,5.684025764465332,-6.920056,5.468112,3.867864
571,5.694014310836792,-6.862648,5.40592,3.944408
572,5.7048180103302,-6.843512,5.427448,3.953976
573,5.714012384414673,-6.855472,5.382,4.028128
574,5.7238945960998535,-6.85308,5.39396,4.116632
575,5.734745979309082,-6.905704,5.34612,3.961152
576,5.744347095489502,-6.953544,5.384392,3.956368
577,5.754022121429443,-6.9966,5.372432,3.891784
578,5.764758110046387,-6.9966,5.403528,3.903744
579,5.77403712272644,-6.98464,5.451368,3.908528
580,5.783998966217041,-6.989424,5.41788,3.963544
581,5.794901371002197,-6.943976,5.427448,4.037696
582,5.80391001701355,-7.001384,5.326984,4.049656
583,5.814010858535767,-6.989424,5.315024,3.992248
584,5.824544429779053,-7.051616,5.243264,4.0066
585,5.834001779556274,-7.042048,5.398744,3.97072
586,5.844099760055542,-7.089888,5.456152,3.896568
587,5.854803085327148,-7.018128,5.432232,4.10228
588,5.864096403121948,-6.967896,5.379608,3.999424
589,5.874077081680298,-6.855472,5.326984,3.932448
590,5.884830713272095,-6.802848,5.305456,3.999424
591,5.894096851348877,-6.848296,5.312632,4.013776
592,5.904072999954224,-6.879392,5.382,3.973112
593,5.914814710617065,-6.939192,5.374824,3.973112
594,5.924098968505859,-6.941584,5.437016,3.896568
595,5.934066295623779,-6.989424,5.460936,3.930056
596,5.944426536560059,-6.975072,5.425056,3.882216
597,5.953997373580933,-6.934408,5.432232,4.040088
598,5.9639811515808105,-6.91288,5.386784,4.056832
599,5.974794149398804,-6.872216,5.307848,4.064008
600,5.984103441238403,-6.843512,5.248048,4.10228
601,5.99401068687439,-6.862648,5.293496,4.068792
602,6.004673004150391,-6.905704,5.295888,4.0664
603,6.0139923095703125,-6.910488,5.341336,4.059224
604,6.024254560470581,-6.989424,5.338944,4.085536
605,6.034635543823242,-6.92484,5.329376,4.071184
606,6.044070482254028,-6.958328,5.315024,4.032912
607,6.053969621658325,-7.015736,5.319808,4.004208
608,6.0646631717681885,-6.946368,5.303064,4.092712
609,6.074081182479858,-6.958328,5.367648,4.09032
610,6.08407998085022,-6.982248,5.336552,4.142944
611,6.094799518585205,-6.98464,5.291104,4.092712
612,6.104105234146118,-6.886568,5.2624,4.123808
613,6.11400842666626,-6.891352,5.295888,4.064008
614,6.124805450439453,-6.78132,5.365256,4.068792
615,6.134087324142456,-6.860256,5.29828,4.071184
616,6.1440746784210205,-6.879392,5.348512,4.188392
617,6.1549646854400635,-6.8172,5.329376,4.083144
618,6.164081335067749,-6.910488,5.23848,4.004208
619,6.174065589904785,-6.932016,5.271968,4.071184
620,6.184661388397217,-6.927232,5.291104,4.154904
621,6.194038391113281,-6.915272,5.291104,4.028128
622,6.204092025756836,-6.910488,5.34612,4.119024
623,6.214810609817505,-6.946368,5.303064,4.157296
624,6.22408390045166,-6.951152,5.293496,4.15012
625,6.234081029891968,-6.917664,5.317416,4.157296
626,6.244810104370117,-6.857864,5.204992,4.13816
627,6.254105567932129,-6.879392,5.255224,4.157296
628,6.264072895050049,-6.893744,5.2624,4.15012
629,6.27480673789978,-6.881784,5.216952,4.22188
630,6.283981084823608,-6.86504,5.255224,4.272112
631,6.294084310531616,-6.867432,5.312632,4.178824
632,6.304802179336548,-6.872216,5.271968,4.176432
633,6.314091682434082,-6.932016,5.291104,4.152512
634,6.324068784713745,-6.941584,5.23848,4.217096
635,6.33466649055481,-6.886568,5.317416,4.272112
636,6.34405779838562,-6.896136,5.324592,4.31756
637,6.354084730148315,-6.881784,5.281536,4.212312
638,6.364942789077759,-6.84112,5.283928,4.286464
639,6.374059438705444,-6.819592,5.200208,4.334304
640,6.384012699127197,-6.857864,5.25044,4.236232
641,6.3948588371276855,-6.881784,5.312632,4.336696
642,6.4040586948394775,-6.941584,5.315024,4.272112
643,6.414025068283081,-6.860256,5.248048,4.346264
644,6.4248127937316895,-6.910488,5.233696,4.348656
645,6.433937072753906,-6.929624,5.116488,4.248192
646,6.443957328796387,-6.881784,5.149976,4.2458
647,6.454798221588135,-6.884176,5.188248,4.310384
648,6.464091062545776,-6.862648,5.276752,4.372576
649,6.474061489105225,-6.908096,5.264792,4.355832
650,6.4848034381866455,-6.929624,5.221736,4.274504
651,6.494081735610962,-6.910488,5.181072,4.351048
652,6.504119157791138,-6.86504,5.152368,4.286464
653,6.514744758605957,-6.845904,5.176288,4.238624
654,6.524096488952637,-6.843512,5.331768,4.286464
655,6.534058094024658,-6.867432,5.317416,4.307992
656,6.544659852981567,-6.910488,5.336552,4.31756
657,6.554068565368652,-6.88896,5.293496,4.250584
658,6.564020156860352,-6.850688,5.231304,4.406064
659,6.574068546295166,-6.814808,5.185856,4.34148
660,6.5841145515441895,-6.774144,5.10692,4.241016
661,6.5940821170806885,-6.711952,5.135624,4.205136
662,6.6048665046691895,-6.731088,5.145192,4.358224
663,6.613998174667358,-6.843512,5.195424,4.348656
664,6.623890399932861,-6.869824,5.255224,4.355832
665,6.634703636169434,-6.86504,5.243264,4.274504
666,6.644123554229736,-6.85308,5.228912,4.226664
667,6.654080390930176,-6.843512,5.212168,4.391712
668,6.664706707000732,-6.941584,5.224128,4.327128
669,6.6740429401397705,-6.915272,5.097352,4.312776
670,6.68416166305542,-6.877,5.145192,4.37736
671,6.69482946395874,-6.862648,5.2026,4.451512
672,6.704071521759033,-6.891352,5.185856,4.422808
673,6.714453220367432,-6.92484,5.13084,4.480216
674,6.724851131439209,-6.881784,5.109312,4.537624
675,6.734093904495239,-6.838728,5.126056,4.549584
676,6.7441322803497314,-6.867432,5.078216,4.59264
677,6.754859924316406,-6.76936,5.097352,4.618952
678,6.764012813568115,-6.826768,5.16672,4.523272
679,6.774107933044434,-6.795672,5.233696,4.46108
680,6.784854412078857,-6.872216,5.188248,4.465864
681,6.794171571731567,-6.903312,5.21456,4.468256
682,6.804105043411255,-6.86504,5.171504,4.458688
683,6.814088821411133,-6.810024,5.13084,4.434768
684,6.824115753173828,-6.9368,5.085392,4.470648
685,6.834077835083008,-6.774144,5.087784,4.46108
686,6.8448450565338135,-6.699992,5.138016,4.47304
687,6.854867458343506,-6.735872,5.19064,4.585464
688,6.864088296890259,-6.704776,5.209776,4.599816
689,6.874857664108276,-6.70956,5.121272,4.511312
690,6.884075164794922,-6.771752,5.145192,4.513704
691,6.894462823867798,-6.771752,5.185856,4.463472
692,6.9048707485198975,-6.750224,5.16672,4.386928
693,6.914109945297241,-6.802848,5.149976,4.537624
694,6.9240405559539795,-6.790888,5.152368,4.525664
695,6.9339659214019775,-6.874608,5.116488,4.61656
696,6.943920135498047,-6.82916,5.10692,4.516096
697,6.95398473739624,-6.857864,5.16672,4.585464
698,6.964705228805542,-6.814808,5.104528,4.67636
699,6.974123239517212,-6.831552,5.09496,4.537624
700,6.984097003936768,-6.934408,5.114096,4.597424
701,6.994075775146484,-6.90092,5.111704,4.587856
702,7.004080057144165,-6.910488,5.097352,4.70028
703,7.01411771774292,-6.970288,5.116488,4.714632
704,7.024872064590454,-6.848296,5.147584,4.77204
705,7.034173250198364,-6.795672,5.16672,4.791176
706,7.044110536575317,-6.819592,5.21456,4.841408
707,7.054709434509277,-6.79328,5.138016,4.870112
708,7.064117908477783,-6.867432,5.063864,4.848584
709,7.074473857879639,-6.821984,5.001672,4.657224
710,7.084820508956909,-6.78132,5.061472,4.650048
711,7.094738721847534,-6.831552,5.03516,4.662008
712,7.1041178703308105,-6.812416,5.078216,4.71224
713,7.114603757858276,-6.76936,5.123664,4.659616
714,7.123947620391846,-6.79328,5.176288,4.781608
715,7.133965969085693,-6.76936,5.140408,4.733768
716,7.144504547119141,-6.707168,5.013632,4.73616
717,7.153946876525879,-6.755008,4.982536,4.650048
718,7.164314031600952,-6.690424,5.085392,4.642872
719,7.174821615219116,-6.72152,5.080608,4.611776
720,7.184067010879517,-6.726304,5.083,4.6644
721,7.194095134735107,-6.688032,5.097352,4.693104
722,7.204655885696411,-6.695208,5.085392,4.76008
723,7.214045286178589,-6.644976,4.99928,4.719416
724,7.223944902420044,-6.644976,5.04712,4.812704
725,7.2346649169921875,-6.611488,5.042336,4.731376
726,7.243945837020874,-6.704776,5.027984,4.822272
727,7.254342555999756,-6.70956,5.006456,4.784
728,7.264453649520874,-6.683248,4.93948,4.877288
729,7.2739715576171875,-6.73348,5.025592,4.860544
730,7.283982753753662,-6.82916,5.054296,4.83184
731,7.294660329818726,-6.731088,5.027984,4.824664
732,7.304055690765381,-6.690424,4.9634,4.894032
733,7.314039945602417,-6.714344,5.0232,4.874896
734,7.32480525970459,-6.714344,5.07104,4.76008
735,7.333987474441528,-6.774144,5.008848,4.8438
736,7.344067096710205,-6.755008,5.025592,4.889248
737,7.35476279258728,-6.628232,5.013632,4.932304
738,7.3648459911346436,-6.654544,4.961008,4.86772
739,7.374066591262817,-6.585176,5.001672,4.989712
740,7.384852886199951,-6.496672,4.99928,4.815096
741,7.394084692001343,-6.55408,5.03516,4.870112
742,7.403968334197998,-6.56604,5.07104,4.846192
743,7.41485333442688,-6.585176,4.968184,4.841408
744,7.424115896224976,-6.573216,4.977752,4.8438
745,7.434012413024902,-6.630624,4.949048,4.815096
746,7.444701910018921,-6.652152,5.075824,4.929912
747,7.454113960266113,-6.647368,4.9634,5.001672
748,7.464107990264893,-6.664112,4.968184,5.051904
749,7.47482442855835,-6.582784,4.920344,4.953832
750,7.484108924865723,-6.633016,4.9036,4.860544
751,7.494091272354126,-6.621056,4.996888,4.944264
752,7.504749774932861,-6.604312,5.004064,5.006456
753,7.51407790184021,-6.6378,4.953832,5.05908
754,7.5240395069122314,-6.62584,4.977752,5.068648
755,7.534812927246094,-6.578,4.961008,5.006456
756,7.544111013412476,-6.668896,4.922736,5.039944
757,7.5543200969696045,-6.680856,4.93948,5.07104
758,7.5648932456970215,-6.752616,4.972968,5.097352
759,7.574122667312622,-6.702384,4.972968,5.123664
760,7.584099769592285,-6.6976,4.992104,5.133232
761,7.5948474407196045,-6.66172,4.949048,5.061472
762,7.604097366333008,-6.67368,4.972968,5.056688
763,7.614069700241089,-6.671288,5.030376,5.025592
764,7.624850749969482,-6.628232,4.929912,5.195424
765,7.634106874465942,-6.659328,4.946656,5.159544
766,7.64401650428772,-6.678464,4.925128,5.09496
767,7.654667377471924,-6.64976,4.86772,5.1428
768,7.664090633392334,-6.652152,4.91556,5.087784
769,7.674021244049072,-6.633016,4.9036,4.956224
770,7.684820652008057,-6.678464,4.9036,5.018416
771,7.694100618362427,-6.640192,4.958616,5.157152
772,7.704078912734985,-6.587568,4.920344,5.085392
773,7.714855909347534,-6.640192,4.824664,5.073432
774,7.723993539810181,-6.513416,4.905992,5.049512
775,7.734103441238403,-6.573216,4.922736,5.016024
776,7.744839906692505,-6.527768,4.949048,5.080608
777,7.753906965255737,-6.56604,4.896424,5.111704
778,7.764080047607422,-6.6378,4.913168,5.016024
779,7.774803638458252,-6.623448,4.874896,5.09496
780,7.7840895652771,-6.537336,4.81988,5.037552
781,7.794044733047485,-6.582784,4.815096,5.111704
782,7.804851531982422,-6.561256,4.901208,5.042336
783,7.8139870166778564,-6.585176,4.917952,5.16672
784,7.823963403701782,-6.592352,4.908384,5.114096
785,7.834990501403809,-6.599528,4.932304,5.087784
786,7.8440470695495605,-6.656936,4.848584,5.121272
787,7.85413384437561,-6.664112,4.85576,5.123664
788,7.8647589683532715,-6.683248,4.870112,5.169112
789,7.873986482620239,-6.594744,4.874896,5.114096
790,7.884017705917358,-6.609096,4.894032,5.13084
791,7.894830226898193,-6.666504,4.87968,5.109312
792,7.904113531112671,-6.592352,4.853368,5.164328
793,7.914096355438232,-6.616272,4.872504,5.200208
794,7.924827337265015,-6.604312,4.822272,5.114096
795,7.934021234512329,-6.630624,4.858152,5.197816
796,7.944097518920898,-6.680856,4.92752,5.216952
797,7.9546959400177,-6.594744,4.884464,5.102136
798,7.964070081710815,-6.66172,4.884464,5.245656
799,7.974136590957642,-6.680856,4.841408,5.157152
800,7.984848260879517,-6.668896,4.898816,5.257616
801,7.994096517562866,-6.609096,4.841408,5.291104
802,8.004089117050171,-6.67368,4.817488,5.360472
803,8.014689207077026,-6.728696,4.781608,5.413096
804,8.024255752563477,-6.915272,4.848584,5.353296
805,8.033997774124146,-6.886568,4.817488,5.257616
806,8.044910669326782,-6.831552,4.877288,5.37004
807,8.054102897644043,-6.836336,4.815096,5.260008
808,8.064115524291992,-6.824376,4.815096,5.224128
809,8.074869632720947,-6.728696,4.812704,5.209776
810,8.08408260345459,-6.585176,4.910776,5.188248
811,8.09406304359436,-6.609096,4.860544,5.288712
812,8.104621887207031,-6.49428,4.917952,5.25044
813,8.113993406295776,-6.4584,4.872504,5.288712
814,8.124308824539185,-6.4584,4.805528,5.145192
815,8.134832620620728,-6.534944,4.848584,5.17868
816,8.14402461051941,-6.403384,4.829448,5.233696
817,8.154045343399048,-6.573216,4.762472,5.22652
818,8.164644479751587,-6.460792,4.805528,5.128448
819,8.174055337905884,-6.54212,4.800744,5.212168
820,8.184053897857666,-6.537336,4.779216,5.236088
821,8.194655895233154,-6.592352,4.862936,5.13084
822,8.20396375656128,-6.56604,4.800744,5.204992
823,8.21406602859497,-6.556472,4.726592,5.121272
824,8.224801540374756,-6.525376,4.762472,5.27436
825,8.234227895736694,-6.551688,4.743336,5.303064
826,8.244105100631714,-6.5182,4.752904,5.126056
827,8.254811763763428,-6.448832,4.812704,5.212168
828,8.264111518859863,-6.546904,4.779216,5.21456
829,8.274085760116577,-6.573216,4.812704,5.305456
830,8.284797430038452,-6.537336,4.752904,5.336552
831,8.294134140014648,-6.503848,4.793568,5.365256
832,8.304087162017822,-6.604312,4.697888,5.338944
833,8.314800500869751,-6.549296,4.717024,5.300672
834,8.324090719223022,-6.585176,4.697888,5.257616
835,8.334092140197754,-6.60192,4.702672,5.25044
836,8.344850778579712,-6.604312,4.803136,5.221736
837,8.354108095169067,-6.563648,4.79596,5.372432
838,8.364022016525269,-6.604312,4.779216,5.458544
839,8.374837875366211,-6.563648,4.752904,5.362864
840,8.38412094116211,-6.635408,4.673968,5.379608
841,8.394089460372925,-6.652152,4.707456,5.331768
842,8.404773950576782,-6.585176,4.755296,5.326984
843,8.4139883518219,-6.55408,4.721808,5.463328
844,8.423980474472046,-6.573216,4.800744,5.33416
845,8.43482518196106,-6.597136,4.776824,5.35808
846,8.444101572036743,-6.575608,4.752904,5.410704
847,8.454082489013672,-6.618664,4.776824,5.4418
848,8.464668035507202,-6.556472,4.77204,5.367648
849,8.474043130874634,-6.592352,4.714632,5.425056
850,8.48409628868103,-6.54212,4.714632,5.372432
851,8.494668245315552,-6.54212,4.633304,5.315024
852,8.504101753234863,-6.532552,4.721808,5.329376
853,8.514087438583374,-6.508632,4.738552,5.384392
854,8.524720668792725,-6.570824,4.717024,5.451368
855,8.534017086029053,-6.61388,4.726592,5.348512
856,8.544106245040894,-6.654544,4.662008,5.410704
857,8.554837703704834,-6.597136,4.693104,5.33416
858,8.564085483551025,-6.640192,4.657224,5.362864
859,8.574113130569458,-6.58996,4.719416,5.386784
860,8.584830284118652,-6.585176,4.755296,5.40592
861,8.594111919403076,-6.58996,4.740944,5.456152
862,8.604095458984375,-6.599528,4.650048,5.425056
863,8.614807367324829,-6.549296,4.662008,5.47768
864,8.624102592468262,-6.609096,4.666792,5.492032
865,8.634108066558838,-6.55408,4.683536,5.425056
866,8.644820213317871,-6.54212,4.731376,5.432232
867,8.654102563858032,-6.54212,4.70028,5.520736
868,8.6640145778656,-6.544512,4.750512,5.482464
869,8.674701452255249,-6.53016,4.630912,5.458544
870,8.683992862701416,-6.527768,4.635696,5.530304
871,8.694106578826904,-6.56604,4.654832,5.487248
872,8.704085350036621,-6.604312,4.67636,5.451368
873,8.71409273147583,-6.659328,4.690712,5.492032
874,8.723973751068115,-6.53016,4.614168,5.53748
875,8.734866380691528,-6.716736,4.683536,5.568576
876,8.744105100631714,-6.568432,4.70028,5.578144
877,8.7540922164917,-6.580392,4.685928,5.568576
878,8.764817237854004,-6.580392,4.602208,5.542264
879,8.774065017700195,-6.54212,4.571112,5.530304
880,8.784063816070557,-6.594744,4.56872,5.654688
881,8.794692754745483,-6.599528,4.587856,5.511168
882,8.804111003875732,-6.62584,4.64048,5.599672
883,8.814008235931396,-6.611488,4.6046,5.66904
884,8.824684143066406,-6.585176,4.64048,5.714488
885,8.83395528793335,-6.515808,4.602208,5.578144
886,8.844044923782349,-6.585176,4.609384,5.556616
887,8.854692459106445,-6.561256,4.650048,5.623592
888,8.864114761352539,-6.594744,4.683536,5.570968
889,8.874091625213623,-6.47036,4.721808,5.611632
890,8.884816884994507,-6.4584,4.671576,5.57336
891,8.894136428833008,-6.439264,4.707456,5.64512
892,8.904181480407715,-6.379464,4.642872,5.575752
893,8.91484808921814,-6.372288,4.642872,5.652296
894,8.9248685836792,-6.355544,4.657224,5.463328
895,8.934123277664185,-6.379464,4.638088,5.496816
896,8.944754838943481,-6.381856,4.690712,5.408312
897,8.954078197479248,-6.319664,4.769648,5.374824
898,8.964181661605835,-6.283784,4.609384,5.544656
899,8.974872350692749,-6.149832,4.642872,5.666648
900,8.98412823677063,-6.262256,4.614168,5.736016
901,8.994101285934448,-6.176144,4.537624,5.671432
902,9.004889726638794,-6.228768,4.480216,5.582928
903,9.014121294021606,-6.262256,4.55676,5.614024
904,9.023974895477295,-6.324448,4.571112,5.547048
905,9.034785270690918,-6.465576,4.702672,5.642728
906,9.044175386428833,-6.5182,4.690712,5.731232
907,9.054119110107422,-6.522984,4.621344,5.810168
908,9.064732789993286,-6.489496,4.494568,5.8006
909,9.07402515411377,-6.463184,4.465864,5.8604
910,9.084153175354004,-6.32684,4.415632,5.877144
911,9.09408712387085,-6.400992,4.511312,5.841264
912,9.10494089126587,-6.475144,4.554368,6.035016
913,9.114071369171143,-6.527768,4.621344,5.946512
914,9.124766111373901,-6.664112,4.6644,5.99196
915,9.13496470451355,-6.621056,4.595032,6.01588
916,9.144086122512817,-6.578,4.590248,6.049368
917,9.154917478561401,-6.501456,4.50892,5.98
918,9.16398572921753,-6.47036,4.525664,5.905848
919,9.174103736877441,-6.408168,4.516096,5.963256
920,9.184761047363281,-6.424912,4.504136,5.910632
921,9.194098949432373,-6.432088,4.595032,5.905848
922,9.204143762588501,-6.367504,4.575896,5.879536
923,9.214878559112549,-6.372288,4.611776,5.83648
924,9.224143743515015,-6.32684,4.561544,5.905848
925,9.234009981155396,-6.403384,4.559152,5.874752
926,9.24411416053772,-6.355544,4.53284,5.879536
927,9.254083395004272,-6.408168,4.52088,5.829304
928,9.26414179801941,-6.365112,4.465864,5.822128
929,9.274076700210571,-6.345976,4.504136,5.874752
930,9.284149169921875,-6.336408,4.525664,5.814952
931,9.294129610061646,-6.295744,4.540016,5.850832
932,9.304886817932129,-6.341192,4.530448,5.996744
933,9.314087629318237,-6.312488,4.52088,5.877144
934,9.324049472808838,-6.245512,4.403672,5.889104
935,9.334788799285889,-6.238336,4.420416,5.891496
936,9.344995021820068,-6.24312,4.410848,5.936944
937,9.35407042503357,-6.235944,4.422808,5.879536
938,9.364867925643921,-6.23116,4.420416,5.982392
939,9.374916315078735,-6.235944,4.463472,5.996744
940,9.384155035018921,-6.334016,4.501744,6.101992
941,9.394894361495972,-6.3986,4.451512,5.999136
942,9.404881954193115,-6.400992,4.47304,6.020664
943,9.414161920547485,-6.343584,4.418024,5.975216
944,9.424856901168823,-6.348368,4.470648,6.049368
945,9.434185028076172,-6.264648,4.432376,6.044584
946,9.444199323654175,-6.26704,4.406064,6.035016
947,9.45472526550293,-6.235944,4.382144,5.98
948,9.464123487472534,-6.18332,4.46108,6.032624
949,9.474185705184937,-6.209632,4.463472,6.07568
950,9.484943389892578,-6.1594,4.475432,6.046976
951,9.494122743606567,-6.185712,4.465864,6.19528
952,9.504212141036987,-6.180928,4.456296,6.109168
953,9.514884948730469,-6.188104,4.384536,6.023056
954,9.524176359176636,-6.269432,4.422808,6.080464
955,9.534177303314209,-6.264648,4.386928,6.106776
956,9.544875144958496,-6.324448,4.489784,6.259864
957,9.554210662841797,-6.300528,4.53284,6.214416
958,9.56418490409851,-6.233552,4.410848,6.25508
959,9.574867725372314,-6.283784,4.370184,6.128304
960,9.58417820930481,-6.216808,4.324736,6.23116
961,9.594188451766968,-6.228768,4.279288,6.226376
962,9.6048743724823,-6.168968,4.372576,6.271824
963,9.614205837249756,-6.19528,4.351048,6.23116
964,9.624085664749146,-6.25508,4.391712,6.142656
965,9.634781122207642,-6.276608,4.41324,6.188104
966,9.64402961730957,-6.345976,4.444336,6.14744
967,9.654095649719238,-6.357936,4.482608,6.168968
968,9.664756774902344,-6.286176,4.43716,6.31488
969,9.674096584320068,-6.259864,4.355832,6.204848
970,9.68418264389038,-6.226376,4.37736,6.223984
971,9.69490122795105,-6.173752,4.386928,6.178536
972,9.704179286956787,-6.090032,4.300816,6.094816
973,9.7142014503479,-6.101992,4.31756,6.130696
974,9.724894285202026,-6.104384,4.355832,6.14744
975,9.734083652496338,-6.121128,4.374968,6.164184
976,9.744152784347534,-6.157008,4.324736,6.212024
977,9.754941940307617,-6.216808,4.331912,6.269432
978,9.764172315597534,-6.274216,4.334304,6.106776
979,9.774174451828003,-6.152224,4.274504,6.233552
980,9.78487253189087,-6.140264,4.296032,6.307704
981,9.794183015823364,-6.157008,4.336696,6.26704
982,9.804107666015625,-6.109168,4.300816,6.276608
983,9.814741611480713,-6.145048,4.34148,6.262256
984,9.824176549911499,-6.188104,4.370184,6.26704
985,9.833982944488525,-6.259864,4.382144,6.300528
986,9.84475326538086,-6.233552,4.296032,6.305312
987,9.854098320007324,-6.271824,4.298424,6.408168
988,9.864172458648682,-6.216808,4.19796,6.331624
989,9.874855518341064,-6.252688,4.264936,6.3986
990,9.88413381576538,-6.26704,4.2458,6.336408
991,9.894171714782715,-6.247904,4.255368,6.274216
992,9.904130935668945,-6.269432,4.241016,6.298136
993,9.914103746414185,-6.200064,4.264936,6.3388
994,9.924174785614014,-6.13548,4.255368,6.377072
995,9.934871196746826,-6.094816,4.34148,6.405776
996,9.944183826446533,-6.104384,4.241016,6.334016
997,9.954093933105469,-6.145048,4.200352,6.250296
998,9.964760065078735,-6.18332,4.20992,6.216808
999,9.97420859336853,-6.200064,4.186,6.369896
1000,9.984186172485352,-6.20724,4.19796,6.274216
1001,9.994096517562866,-6.216808,4.188392,6.341192
1002,10.004164695739746,-6.216808,4.200352,6.37468
1003,10.014184713363647,-6.11156,4.2458,6.329232
1004,10.024887800216675,-6.164184,4.097496,6.427304
1005,10.034173727035522,-6.118736,4.130984,6.4584
1006,10.044190168380737,-6.125912,4.15012,6.465576
1007,10.05489444732666,-6.166576,4.11424,6.3986
1008,10.064149856567383,-6.145048,4.075968,6.367504
1009,10.074172019958496,-6.1594,4.195568,6.429696
1010,10.084873676300049,-6.066112,4.238624,6.324448
1011,10.094178676605225,-6.08764,4.20992,6.427304
1012,10.104209661483765,-6.106776,4.183608,6.415344
1013,10.11477518081665,-6.226376,4.052048,6.42252
1014,10.124102592468262,-6.233552,4.087928,6.448832
1015,10.134188413619995,-6.269432,4.099888,6.448832
1016,10.144855260848999,-6.185712,4.107064,6.403384
1017,10.154458999633789,-6.204848,4.159688,6.487104
1018,10.164215803146362,-6.154616,4.176432,6.439264
1019,10.174736261367798,-6.0996,4.13816,6.597136
1020,10.184166669845581,-6.05176,4.04248,6.549296
1021,10.194120407104492,-6.137872,4.044872,6.479928
1022,10.204729318618774,-6.037408,4.068792,6.563648
1023,10.214131832122803,-6.094816,4.159688,6.50624
1024,10.224061727523804,-6.106776,4.190784,6.61388
1025,10.234795331954956,-6.164184,4.109456,6.573216
1026,10.244170665740967,-6.149832,4.044872,6.594744
1027,10.254089593887329,-6.283784,4.064008,6.573216
1028,10.264743566513062,-6.17136,4.068792,6.544512
1029,10.274044036865234,-6.235944,4.03052,6.659328
1030,10.284057855606079,-6.140264,4.044872,6.707168
1031,10.294766664505005,-6.11156,4.04248,6.644976
1032,10.30414605140686,-6.085248,4.028128,6.688032
1033,10.314138174057007,-6.085248,4.028128,6.690424
1034,10.324734449386597,-6.066112,4.037696,6.707168
1035,10.334014177322388,-6.008704,3.97072,6.652152
1036,10.344135046005249,-5.953688,3.97072,6.656936
1037,10.354854583740234,-6.054152,3.977896,6.585176
1038,10.364068031311035,-5.984784,4.061616,6.695208
1039,10.374130725860596,-5.987176,4.095104,6.6976
1040,10.384884119033813,-6.013488,4.059224,6.735872
1041,10.394137859344482,-5.939336,4.052048,6.716736
1042,10.404174089431763,-5.98,4.011384,6.587568
1043,10.414743423461914,-5.970432,4.09032,6.671288
1044,10.424169301986694,-5.886712,4.109456,6.642584
1045,10.4340500831604,-5.893888,4.080752,6.64976
1046,10.44481348991394,-5.802992,4.040088,6.714344
1047,10.454140186309814,-5.891496,3.987464,6.747832
1048,10.464008092880249,-5.807776,3.973112,6.711952
1049,10.474709510803223,-5.767112,3.927664,6.67368
1050,10.484124660491943,-5.731232,3.975504,6.688032
1051,10.494133234024048,-5.731232,4.011384,6.68564
1052,10.504844427108765,-5.843656,3.99464,6.7574
1053,10.514139175415039,-5.958472,3.9468,6.826768
1054,10.524114608764648,-5.946512,4.001816,6.824376
1055,10.534908533096313,-6.013488,3.97072,6.86504
1056,10.54413652420044,-5.90824,3.961152,6.800456
1057,10.553978204727173,-5.936944,3.927664,6.76936
1058,10.564832925796509,-5.946512,3.985072,6.723912
1059,10.574110269546509,-5.841264,3.891784,6.85308
1060,10.584128618240356,-5.910632,3.901352,6.893744
1061,10.594876527786255,-5.901064,3.932448,6.970288
1062,10.604048490524292,-5.95608,3.977896,6.927232
1063,10.614142894744873,-5.934552,3.891784,6.979856
1064,10.62460708618164,-5.924984,3.901352,6.994208
1065,10.634007215499878,-5.965648,3.877432,7.025304
1066,10.644122123718262,-5.972824,3.872648,7.054008
1067,10.654855966567993,-5.965648,3.786536,7.025304
1068,10.664408683776855,-6.02784,3.829592,6.85308
1069,10.674170732498169,-5.941728,3.872648,6.80524
1070,10.684866666793823,-5.924984,3.913312,6.963112
1071,10.694184064865112,-5.831696,3.843944,6.991816
1072,10.704163551330566,-5.867576,3.894176,6.987032
1073,10.714856624603271,-5.89628,3.776968,6.998992
1074,10.724148035049438,-5.93216,3.688464,6.88896
1075,10.734134197235107,-5.898672,3.733912,6.886568
1076,10.744136810302734,-5.865184,3.760224,6.915272
1077,10.753994941711426,-5.893888,3.81524,6.939192
1078,10.764066934585571,-5.850832,3.841552,7.046832
1079,10.774855613708496,-5.858008,3.858296,7.082712
1080,10.784133195877075,-5.846048,3.887,7.144904
1081,10.794150590896606,-5.841264,3.7076,7.111416
1082,10.804868936538696,-5.805384,3.8272,7.00856
1083,10.814148902893066,-5.781464,3.808064,7.015736
1084,10.8240385055542,-5.745584,3.834376,7.149688
1085,10.834762811660767,-5.786248,3.7674,7.125768
1086,10.844148874282837,-5.843656,3.760224,7.10424
1087,10.854076623916626,-5.843656,3.750656,7.006168
1088,10.864721059799194,-5.83648,3.681288,6.987032
1089,10.874050855636597,-5.855616,3.714776,7.02052
1090,10.884130001068115,-5.805384,3.741088,7.226232
1091,10.894857168197632,-5.747976,3.776968,7.219056
1092,10.904133558273315,-5.750368,3.769792,7.176
1093,10.914024591445923,-5.791032,3.676504,7.046832
1094,10.92484164237976,-5.654688,3.676504,7.1162
1095,10.93405032157898,-5.654688,3.762616,7.15208
1096,10.944150447845459,-5.590104,3.676504,7.159256
1097,10.95484709739685,-5.65708,3.700424,7.087496
1098,10.96412467956543,-5.700136,3.700424,7.123376
1099,10.974038124084473,-5.78864,3.68368,7.06836
1100,10.984154224395752,-5.65708,3.705208,7.075536
1101,10.994277954101562,-5.630768,3.657368,7.173608
1102,11.004180908203125,-5.547048,3.75544,7.10424
1103,11.014839172363281,-5.475288,3.69564,7.087496
1104,11.024141788482666,-5.460936,3.738696,7.15208
1105,11.03421425819397,-5.5016,3.62388,7.262112
1106,11.044148921966553,-5.547048,3.676504,7.178392
1107,11.054165601730347,-5.618808,3.607136,7.18796
1108,11.064177513122559,-5.628376,3.518632,7.293208
1109,11.074751138687134,-5.69296,3.573648,7.137728
1110,11.083982467651367,-5.57336,3.554512,7.214272
1111,11.094136714935303,-5.527912,3.61192,7.314736
1112,11.10469675064087,-5.58532,3.652584,7.238192
1113,11.114134788513184,-5.642728,3.674112,7.314736
1114,11.124207735061646,-5.683392,3.568864,7.27168
1115,11.13413143157959,-5.70492,3.556904,7.309952
1116,11.14413571357727,-5.759936,3.547336,7.281248
1117,11.154131889343262,-5.736016,3.602352,7.226232
1118,11.164863586425781,-5.69296,3.621488,7.2358
1119,11.174129486083984,-5.721664,3.674112,7.264504
1120,11.184477806091309,-5.661864,3.626272,7.348224
1121,11.19416880607605,-5.721664,3.537768,7.329088
1122,11.204171657562256,-5.685784,3.561688,7.250152
1123,11.21416687965393,-5.640336,3.494712,7.329088
1124,11.224926471710205,-5.60924,3.525808,7.28364
1125,11.234076499938965,-5.532696,3.554512,7.324304
1126,11.243952512741089,-5.508776,3.547336,7.350616
1127,11.25464415550232,-5.523128,3.597568,7.288424
1128,11.263827800750732,-5.590104,3.530592,7.286032
1129,11.274304389953613,-5.635552,3.497104,7.27168
1130,11.284682512283325,-5.688176,3.525808,7.216664
1131,11.29378080368042,-5.635552,3.509064,7.19992
1132,11.303783893585205,-5.592496,3.544944,7.245368
1133,11.31476354598999,-5.566184,3.451656,7.25972
1134,11.324072122573853,-5.547048,3.485144,7.400848
1135,11.333982706069946,-5.614024,3.466008,7.398456
1136,11.344807624816895,-5.702528,3.470792,7.501312
1137,11.354138612747192,-5.8006,3.463616,7.501312
1138,11.364122867584229,-5.786248,3.499496,7.429552
1139,11.374904155731201,-5.793424,3.485144,7.396064
1140,11.383980751037598,-5.82452,3.482752,7.58264
1141,11.394103050231934,-5.745584,3.466008,7.465432
1142,11.404070377349854,-5.826912,3.446872,7.436728
1143,11.414100170135498,-5.87236,3.454048,7.388888
1144,11.42392635345459,-5.798208,3.497104,7.494136
1145,11.434884309768677,-5.681,3.49232,7.45108
1146,11.444765329360962,-5.647512,3.523416,7.42716
1147,11.454195261001587,-5.625984,3.51624,7.40324
1148,11.464775800704956,-5.649904,3.494712,7.424768
1149,11.474028825759888,-5.640336,3.42056,7.494136
1150,11.48421597480774,-5.57336,3.406208,7.429552
1151,11.494890689849854,-5.58532,3.475576,7.422376
1152,11.504976034164429,-5.594888,3.485144,7.52284
1153,11.51416802406311,-5.678608,3.554512,7.503704
1154,11.52493405342102,-5.637944,3.549728,7.585032
1155,11.534185647964478,-5.630768,3.585608,7.52284
1156,11.544252157211304,-5.58532,3.544944,7.573072
1157,11.554891347885132,-5.492032,3.482752,7.515664
1158,11.564892530441284,-5.556616,3.44448,7.506096
1159,11.574195623397827,-5.499208,3.425344,7.467824
1160,11.584748029708862,-5.602064,3.451656,7.508488
1161,11.594191312789917,-5.535088,3.427736,7.537192
1162,11.60447645187378,-5.499208,3.394248,7.475
1163,11.614944458007812,-5.559008,3.475576,7.530016
1164,11.624938249588013,-5.51356,3.454048,7.494136
1165,11.634135484695435,-5.503992,3.487536,7.475
1166,11.644887924194336,-5.487248,3.370328,7.496528
1167,11.654120206832886,-5.415488,3.375112,7.443904
1168,11.66411566734314,-5.460936,3.310528,7.48696
1169,11.674854516983032,-5.472896,3.33684,7.470216
1170,11.68494439125061,-5.472896,3.36076,7.482176
1171,11.694151878356934,-5.487248,3.458832,7.465432
1172,11.704879522323608,-5.535088,3.442088,7.446296
1173,11.714112758636475,-5.532696,3.32488,7.369752
1174,11.724086046218872,-5.518344,3.260296,7.453472
1175,11.734895706176758,-5.365256,3.33684,7.496528
1176,11.744204998016357,-5.350904,3.298568,7.45108
1177,11.754156351089478,-5.33416,3.308136,7.410416
1178,11.764870405197144,-5.350904,3.308136,7.34344
1179,11.774206638336182,-5.374824,3.31292,7.537192
1180,11.784383058547974,-5.360472,3.36076,7.422376
1181,11.794771194458008,-5.386784,3.370328,7.424768
1182,11.804164171218872,-5.367648,3.303352,7.405632
1183,11.813992261886597,-5.420272,3.281824,7.489352
1184,11.824737787246704,-5.353296,3.305744,7.479784
1185,11.834149360656738,-5.448976,3.257904,7.412808
1186,11.844186305999756,-5.295888,3.202888,7.477392
1187,11.854754209518433,-5.451368,3.257904,7.333872
1188,11.86418890953064,-5.396352,3.222024,7.563504
1189,11.874093055725098,-5.460936,3.298568,7.611344
1190,11.884882688522339,-5.444192,3.26508,7.628088
1191,11.89413571357727,-5.54944,3.257904,7.556328
1192,11.904206991195679,-5.59728,3.236376,7.649616
1193,11.914877653121948,-5.458544,3.198104,7.644832
1194,11.924197673797607,-5.535088,3.267472,7.561112
1195,11.93413496017456,-5.408312,3.245944,7.5946
1196,11.944897174835205,-5.382,3.279432,7.580248
1197,11.95416808128357,-5.422664,3.346408,7.573072
1198,11.964187145233154,-5.410704,3.310528,7.625696
1199,11.974909543991089,-5.523128,3.317704,7.730944
1200,11.984062671661377,-5.52552,3.303352,7.707024
1201,11.994157075881958,-5.480072,3.238768,7.656792
1202,12.004783630371094,-5.544656,3.200496,7.683104
1203,12.01418948173523,-5.51356,3.26508,7.73812
1204,12.024135828018188,-5.542264,3.260296,7.723768
1205,12.034790515899658,-5.46572,3.255512,7.7142
1206,12.044112205505371,-5.413096,3.37272,7.730944
1207,12.054107904434204,-5.46572,3.3488,7.790744
1208,12.06476092338562,-5.41788,3.27704,7.716592
1209,12.074249982833862,-5.446584,3.231592,7.604168
1210,12.084232330322266,-5.422664,3.238768,7.695064
1211,12.094921588897705,-5.45376,3.339232,7.585032
1212,12.1042001247406,-5.34612,3.315312,7.632872
1213,12.114140033721924,-5.269576,3.257904,7.644832
1214,12.123961925506592,-5.384392,3.267472,7.711808
1215,12.134139776229858,-5.283928,3.320096,7.721376
1216,12.144136667251587,-5.374824,3.358368,7.711808
1217,12.154745817184448,-5.396352,3.303352,7.70224
1218,12.164172172546387,-5.362864,3.32488,7.704632
1219,12.174059867858887,-5.403528,3.308136,7.778784
1220,12.18489146232605,-5.341336,3.250728,7.764432
1221,12.194089651107788,-5.319808,3.260296,7.692672
1222,12.204070568084717,-5.336552,3.289,7.671144
1223,12.214898586273193,-5.315024,3.30096,7.805096
1224,12.224206924438477,-5.365256,3.329664,7.766824
1225,12.234024047851562,-5.365256,3.3488,7.862504
1226,12.24474835395813,-5.319808,3.315312,7.800312
1227,12.254228115081787,-5.377216,3.327272,7.704632
1228,12.264191150665283,-5.343728,3.344016,7.716592
1229,12.274893999099731,-5.315024,3.305744,7.757256
1230,12.284222602844238,-5.338944,3.305744,7.850544
1231,12.294515609741211,-5.28632,3.26508,7.733336
1232,12.30486249923706,-5.312632,3.250728,7.793136
1233,12.314218997955322,-5.315024,3.202888,7.704632
1234,12.324238061904907,-5.2624,3.202888,7.673536
1235,12.334893226623535,-5.279144,3.231592,7.764432
1236,12.344229459762573,-5.25044,3.308136,7.790744
1237,12.354059219360352,-5.300672,3.30096,7.692672
1238,12.364744663238525,-5.367648,3.308136,7.687888
1239,12.374191761016846,-5.319808,3.26508,7.718984
1240,12.384272336959839,-5.19064,3.238768,7.764432
1241,12.394882917404175,-5.061472,3.202888,7.72616
1242,12.40417742729187,-4.941872,3.188536,7.568288
1243,12.414168357849121,-4.901208,3.245944,7.663968
1244,12.424870014190674,-4.834232,3.222024,7.716592
1245,12.434233665466309,-4.956224,3.422952,7.740512
1246,12.444056510925293,-5.008848,3.355976,7.898384
1247,12.454913854598999,-5.111704,3.308136,7.781176
1248,12.464227437973022,-5.056688,3.293784,7.76204
1249,12.474143743515015,-5.16672,3.33684,7.783568
1250,12.484757900238037,-5.23848,3.281824,7.740512
1251,12.494155406951904,-5.147584,3.33684,7.781176
1252,12.504210472106934,-5.267184,3.32488,7.793136
1253,12.514866828918457,-5.367648,3.341624,7.907952
1254,12.524092435836792,-5.487248,3.262688,7.922304
1255,12.534235000610352,-5.496816,3.238768,7.836192
1256,12.544886589050293,-5.456152,3.279432,7.757256
1257,12.554207563400269,-5.207384,3.20528,7.862504
1258,12.564216136932373,-5.054296,3.200496,7.912736
1259,12.574882745742798,-4.898816,3.296176,7.90556
1260,12.584234952926636,-4.882072,3.286608,7.86968
1261,12.594075918197632,-4.9634,3.291392,7.891208
1262,12.604597568511963,-5.0232,3.353584,7.812272
1263,12.614115476608276,-5.212168,3.332056,7.819448
1264,12.623953580856323,-5.291104,3.418168,7.819448
1265,12.634784936904907,-5.40592,3.449264,7.912736
1266,12.64415717124939,-5.29828,3.458832,7.948616
1267,12.65422248840332,-5.25044,3.410992,8.03712
1268,12.66489315032959,-5.260008,3.4086,7.8936
1269,12.674158096313477,-5.2026,3.296176,7.884032
1270,12.68409013748169,-5.109312,3.355976,7.80988
1271,12.694875478744507,-5.063864,3.36076,7.79792
1272,12.704145193099976,-5.083,3.344016,8.0132
1273,12.714216232299805,-5.03516,3.399032,7.886424
1274,12.724888801574707,-5.049512,3.446872,7.872072
1275,12.734129905700684,-5.073432,3.401424,7.850544
1276,12.744158267974854,-5.15476,3.387072,7.742904
1277,12.754849910736084,-5.123664,3.355976,7.704632
1278,12.764198780059814,-5.10692,3.332056,7.838584
1279,12.774167776107788,-5.092568,3.391856,7.774
1280,12.784878969192505,-5.171504,3.406208,7.850544
1281,12.794212102890015,-5.149976,3.413384,7.79792
1282,12.8042311668396,-5.219344,3.418168,7.840976
1283,12.814787864685059,-5.17868,3.379896,7.838584
1284,12.824223041534424,-5.149976,3.320096,7.867288
1285,12.834146499633789,-5.090176,3.32488,7.819448
1286,12.844786405563354,-5.10692,3.30096,7.879248
1287,12.854223012924194,-5.147584,3.329664,7.774
1288,12.864214897155762,-5.073432,3.33684,7.656792
1289,12.874895334243774,-5.109312,3.346408,7.7142
1290,12.884172201156616,-5.116488,3.42056,7.800312
1291,12.894227266311646,-5.164328,3.449264,7.78596
1292,12.90475869178772,-5.204992,3.430128,7.814664
1293,12.91421914100647,-5.181072,3.365544,7.91752
1294,12.924433469772339,-5.173896,3.3488,7.82184
1295,12.934789896011353,-5.087784,3.3488,7.874464
1296,12.944139003753662,-5.080608,3.36076,7.735728
1297,12.954196453094482,-5.092568,3.477968,7.860112
1298,12.964865922927856,-5.197816,3.410992,7.824232
1299,12.974164485931396,-5.2624,3.377504,7.90556
1300,12.984218120574951,-5.293496,3.410992,7.910344
1301,12.994711637496948,-5.336552,3.329664,7.807488
1302,13.00412106513977,-5.240872,3.418168,7.759648
1303,13.014184713363647,-5.209776,3.42056,7.740512
1304,13.024948120117188,-5.183464,3.499496,7.685496
1305,13.033998489379883,-5.207384,3.477968,7.709416
1306,13.044210433959961,-5.15476,3.43252,7.79792
1307,13.054892778396606,-5.257616,3.334448,7.824232
1308,13.06418251991272,-5.271968,3.329664,7.730944
1309,13.074250936508179,-5.23848,3.365544,7.72616
1310,13.084736585617065,-5.083,3.377504,7.707024
1311,13.094163656234741,-4.953832,3.45644,7.72616
1312,13.10411787033081,-4.946656,3.473184,7.740512
1313,13.114733695983887,-4.839016,3.413384,7.613736
1314,13.124106407165527,-4.9036,3.44448,7.656792
1315,13.134134769439697,-5.013632,3.45644,7.577856
1316,13.144863605499268,-5.044728,3.473184,7.489352
1317,13.15417742729187,-5.104528,3.518632,7.503704
1318,13.164081811904907,-4.99928,3.549728,7.635264
1319,13.174710273742676,-5.006456,3.609528,7.67832
1320,13.18418550491333,-4.92752,3.48036,7.699848
1321,13.194187641143799,-5.006456,3.377504,7.740512
1322,13.204868078231812,-5.013632,3.3488,7.613736
1323,13.214048624038696,-5.07104,3.346408,7.625696
1324,13.224461078643799,-5.092568,3.454048,7.5348
1325,13.234887599945068,-5.116488,3.554512,7.460648
1326,13.244164943695068,-5.078216,3.547336,7.5946
1327,13.254117250442505,-4.99928,3.609528,7.537192
1328,13.264205932617188,-5.0232,3.583216,7.587424
1329,13.2743980884552,-4.984928,3.494712,7.575464
1330,13.284181356430054,-5.008848,3.537768,7.494136
1331,13.294795036315918,-4.970576,3.49232,7.515664
1332,13.304111242294312,-5.04712,3.61192,7.424768
1333,13.314027070999146,-5.013632,3.681288,7.46304
1334,13.325041055679321,-5.001672,3.796104,7.482176
1335,13.334205389022827,-4.917952,3.817632,7.57068
1336,13.344170331954956,-4.937088,3.753048,7.587424
1337,13.354888439178467,-4.908384,3.702816,7.477392
1338,13.36417555809021,-4.839016,3.681288,7.549152
1339,13.374027490615845,-4.886856,3.712384,7.281248
1340,13.384844064712524,-4.908384,3.69564,7.262112
1341,13.394173383712769,-4.89164,3.769792,7.266896
1342,13.404148817062378,-4.862936,3.796104,7.190352
1343,13.414841175079346,-5.032768,3.85112,7.262112
1344,13.424210548400879,-5.042336,3.894176,7.245368
1345,13.434214115142822,-5.054296,3.927664,7.288424
1346,13.443992853164673,-4.970576,3.927664,7.27168
1347,13.454150915145874,-4.920344,3.932448,7.106632
1348,13.464224338531494,-4.98732,3.920488,7.049224
1349,13.475099325180054,-4.946656,3.87504,7.123376
1350,13.484794616699219,-4.982536,3.97072,7.132944
1351,13.494208574295044,-4.956224,3.913312,7.054008
1352,13.5048189163208,-5.056688,3.977896,6.958328
1353,13.514081001281738,-5.056688,4.013776,6.723912
1354,13.524054527282715,-5.10692,4.035304,6.611488
1355,13.534884929656982,-4.98732,3.99464,6.38664
1356,13.544175624847412,-5.004064,4.064008,6.456008
1357,13.554182529449463,-4.97536,4.130984,6.618664
1358,13.564884185791016,-4.989712,4.133376,6.609096
1359,13.574034690856934,-5.147584,4.130984,6.556472
1360,13.584144115447998,-5.281536,4.052048,6.29096
1361,13.594636917114258,-5.41788,4.044872,6.188104
1362,13.60488224029541,-5.54944,4.142944,6.044584
1363,13.614174604415894,-5.523128,4.164472,5.84844
1364,13.624815940856934,-5.432232,4.298424,6.025448
1365,13.634115219116211,-5.29828,4.46108,6.202456
1366,13.644079208374023,-5.216952,4.499352,6.128304
1367,13.654876708984375,-5.31024,4.463472,6.094816
1368,13.663960695266724,-5.391568,4.492176,6.006312
1369,13.674012660980225,-5.382,4.5448,5.9202
1370,13.68458604812622,-5.451368,4.561544,5.881928
1371,13.694912195205688,-5.51356,4.70028,5.771896
1372,13.704186201095581,-5.5614,4.860544,5.874752
1373,13.714911222457886,-5.611632,4.970576,6.008704
1374,13.724130630493164,-5.640336,4.982536,6.078072
1375,13.734192132949829,-5.83648,4.874896,6.058936
1376,13.744923830032349,-5.905848,4.79596,5.877144
1377,13.754243612289429,-6.02784,4.803136,5.786248
1378,13.76417589187622,-6.149832,4.932304,5.721664
1379,13.77474856376648,-6.152224,5.075824,5.738408
1380,13.78424859046936,-6.262256,5.157152,5.745584
1381,13.794173002243042,-6.157008,5.37004,5.767112
1382,13.804741621017456,-6.30292,5.463328,5.640336
1383,13.814125061035156,-6.357936,5.480072,5.63316
1384,13.824186563491821,-6.36272,5.480072,5.456152
1385,13.834882259368896,-6.367504,5.367648,5.382
1386,13.844173669815063,-6.345976,5.415488,5.33416
1387,13.854118585586548,-6.389032,5.499208,5.377216
1388,13.864863157272339,-6.295744,5.602064,5.312632
1389,13.874037265777588,-6.331624,5.64512,5.281536
1390,13.88416862487793,-6.310096,5.714488,5.22652
1391,13.894851922988892,-6.369896,5.747976,5.03516
1392,13.904172420501709,-6.26704,5.738408,5.013632
1393,13.91417670249939,-6.271824,5.77668,4.87968
1394,13.924871921539307,-6.226376,5.819736,4.74812
1395,13.934178113937378,-6.164184,5.867576,4.829448
1396,13.944177627563477,-6.1594,5.987176,4.76008
1397,13.954784870147705,-6.223984,6.080464,4.726592
1398,13.964110851287842,-6.23116,6.152224,4.599816
1399,13.97410774230957,-6.465576,6.149832,4.482608
1400,13.984882831573486,-6.41056,6.29096,4.432376
1401,13.99405026435852,-6.463184,6.377072,4.284072
1402,14.004227876663208,-6.345976,6.41056,4.20992
1403,14.014853954315186,-6.26704,6.441656,4.099888
1404,14.024248838424683,-6.145048,6.444048,4.133376
1405,14.034170627593994,-6.068504,6.43448,4.181216
1406,14.044719934463501,-6.025448,6.487104,4.133376
1407,14.054088115692139,-5.963256,6.544512,4.032912
1408,14.06411862373352,-5.996744,6.558864,4.020952
1409,14.07487154006958,-6.037408,6.644976,3.932448
1410,14.084165811538696,-6.104384,6.743048,3.913312
1411,14.09419322013855,-6.197672,6.843512,3.944408
1412,14.104734420776367,-6.152224,6.881784,4.013776
1413,14.114102363586426,-6.355544,6.953544,3.913312
1414,14.124090909957886,-6.479928,6.929624,3.86308
1415,14.134839534759521,-6.659328,6.90092,3.87504
1416,14.144229650497437,-6.704776,6.833944,3.913312
1417,14.154118776321411,-6.68564,6.704776,3.977896
1418,14.164867877960205,-6.58996,6.76936,3.796104
1419,14.174127578735352,-6.499064,6.74544,3.657368
1420,14.184187173843384,-6.391424,6.845904,3.62388
1421,14.19485878944397,-6.2192,6.94876,3.489928
1422,14.204206228256226,-6.223984,7.087496,3.38468
1423,14.21424674987793,-6.209632,7.118592,3.477968
1424,14.224884986877441,-6.152224,7.204704,3.511456
1425,14.234198331832886,-6.23116,7.168824,3.55212
1426,14.244239568710327,-6.348368,7.197528,3.4086
1427,14.25488567352295,-6.343584,7.085104,3.391856
1428,14.264479637145996,-6.405776,7.097064,3.260296
1429,14.274085998535156,-6.295744,7.061184,3.224416
1430,14.284738063812256,-6.247904,7.099456,3.059368
1431,14.294159650802612,-6.094816,7.154472,2.99
1432,14.304183959960938,-5.924984,7.183176,2.90628
1433,14.314888000488281,-5.898672,7.286032,2.982824
1434,14.324174165725708,-5.8006,7.360184,3.0498
1435,14.334245204925537,-5.805384,7.43912,3.104816
1436,14.344871997833252,-5.9202,7.37932,3.023488
1437,14.354156017303467,-5.874752,7.302776,2.767544
1438,14.364234209060669,-5.791032,7.226232,2.454192
1439,14.374851942062378,-5.712096,7.228624,2.516384
1440,14.384242296218872,-5.731232,7.40324,2.628808
1441,14.394227743148804,-5.795816,7.563504,2.592928
1442,14.404857158660889,-5.82452,7.683104,2.731664
1443,14.414625644683838,-5.750368,7.637656,2.767544
1444,14.424177169799805,-5.853224,7.611344,2.791464
1445,14.434799432754517,-5.819736,7.484568,2.669472
1446,14.443987607955933,-5.946512,7.520448,2.588144
1447,14.454496383666992,-5.874752,7.541976,2.530736
1448,14.464689254760742,-5.783856,7.508488,2.518776
1449,14.474178314208984,-5.77668,7.467824,2.542696
1450,14.484223365783691,-5.72884,7.5348,2.444624
1451,14.494815826416016,-5.640336,7.501312,2.494856
1452,14.504161596298218,-5.487248,7.431944,2.444624
1453,14.51424241065979,-5.367648,7.36736,2.394392
1454,14.524739503860474,-5.432232,7.350616,2.399176
1455,14.534897327423096,-5.520736,7.329088,2.267616
1456,14.544239282608032,-5.759936,7.297992,2.052336
1457,14.554708480834961,-5.963256,7.412808,2.002104
1458,14.564221382141113,-6.125912,7.441512,1.92556
1459,14.57422661781311,-6.35076,7.515664,1.904032
1460,14.584879875183105,-6.271824,7.520448,1.932736
1461,14.594187021255493,-6.101992,7.525232,2.061904
1462,14.604088306427002,-5.855616,7.561112,2.05712
1463,14.614757061004639,-5.594888,7.544368,2.028416
1464,14.624147891998291,-5.437016,7.568288,2.085824
1465,14.63405728340149,-5.248048,7.61852,2.124096
1466,14.644733190536499,-5.28632,7.644832,2.195856
1467,14.654231548309326,-5.379608,7.663968,2.107352
1468,14.66424298286438,-5.47768,7.673536,2.205424
1469,14.674860715866089,-5.602064,7.659184,2.042768
1470,14.68419098854065,-5.69296,7.661576,2.035592
1471,14.694207906723022,-5.81256,7.740512,2.004496
1472,14.704885721206665,-5.810168,7.699848,1.987752
1473,14.714236497879028,-5.805384,7.69028,1.92556
1474,14.724210500717163,-5.802992,7.601776,1.887288
1475,14.734869480133057,-5.664256,7.587424,1.978184
1476,14.744174003601074,-5.724056,7.551544,1.894464
1477,14.75419282913208,-5.69296,7.5348,1.918384
1478,14.765021562576294,-5.685784,7.60656,1.942304
1479,14.774146318435669,-5.707312,7.659184,2.059512
1480,14.784164905548096,-5.719272,7.704632,2.100176
1481,14.794718742370605,-5.690568,7.764432,2.028416
1482,14.804207563400269,-5.661864,7.668752,2.076256
1483,14.813998937606812,-5.702528,7.616128,1.935128
1484,14.82474136352539,-5.63316,7.580248,1.872936
1485,14.834187984466553,-5.57336,7.687888,1.923168
1486,14.844473600387573,-5.570968,7.668752,1.868152
1487,14.85470199584961,-5.53748,7.718984,1.777256
1488,14.864159345626831,-5.520736,7.64244,1.796392
1489,14.874167203903198,-5.451368,7.592208,1.777256
1490,14.884910345077515,-5.468112,7.551544,1.78204
1491,14.89451265335083,-5.40592,7.537192,1.86576
1492,14.904242515563965,-5.39396,7.513272,1.77008
1493,14.91486144065857,-5.382,7.553936,1.765296
1494,14.92408561706543,-5.338944,7.544368,1.774864
1495,14.934178829193115,-5.350904,7.61852,1.78204
1496,14.944581985473633,-5.365256,7.620912,1.765296
1497,14.95411992073059,-5.326984,7.61852,1.609816
1498,14.96419382095337,-5.329376,7.6544,1.631344
1499,14.974721670150757,-5.324592,7.716592,1.667224
1500,14.984200954437256,-5.312632,7.735728,1.633736
1501,14.994224309921265,-5.267184,7.718984,1.672008
