//Date Created 2022-12-09 13:07:45.377654
"//Units: sec, m/s/s"
Action,cutting
SampleRate,100.0
Frames#,Time,AccX,AccY,AccZ
1,3.5762786865234375e-06,-2.820168,8.891064,2.875184
2,0.007947683334350586,-2.896712,8.900632,2.815384
3,0.017948150634765625,-2.968472,8.926944,2.934984
4,0.028837203979492188,-2.999568,8.989136,2.863224
5,0.03797316551208496,-3.033056,9.0896,2.920632
6,0.04802274703979492,-2.99,9.00588,2.913456
7,0.05878806114196777,-2.89432,8.919768,2.963688
8,0.06819415092468262,-2.820168,8.87432,2.958904
9,0.07833719253540039,-2.784288,8.77864,2.949336
10,0.08904838562011719,-2.70296,8.843224,2.89432
11,0.09837484359741211,-2.710136,9.003488,2.891928
12,0.10840916633605957,-2.719704,9.132656,2.848872
13,0.11887431144714355,-2.736448,9.10156,2.772328
14,0.1284017562866211,-2.693392,9.008272,2.844088
15,0.13839411735534668,-2.772328,8.907808,2.95412
16,0.14895057678222656,-2.78668,8.843224,2.808208
17,0.15839767456054688,-2.741232,8.840832,2.920632
18,0.16842269897460938,-2.848872,8.869536,2.808208
19,0.17908596992492676,-2.84648,8.816912,2.956512
20,0.18842005729675293,-2.803424,8.845616,2.903888
21,0.1984548568725586,-2.848872,8.7906,2.985216
22,0.209075927734375,-2.84648,8.81452,2.927808
23,0.2184901237487793,-2.879968,8.857576,2.836912
24,0.2284839153289795,-2.903888,8.852792,2.9302
25,0.2388744354248047,-2.853656,8.895848,2.844088
26,0.24846363067626953,-2.836912,8.905416,2.848872
27,0.25839996337890625,-2.8704,8.95804,2.79864
28,0.2690427303314209,-2.872792,8.881496,2.908672
29,0.2785046100616455,-2.875184,8.905416,2.851264
30,0.28842878341674805,-2.920632,8.819304,2.8106
31,0.2989339828491211,-2.90628,8.924552,2.719704
32,0.3083946704864502,-2.951728,8.967608,2.844088
33,0.31850481033325195,-2.832128,8.953256,2.872792
34,0.32886600494384766,-2.760368,8.881496,2.901496
35,0.33850646018981934,-2.839304,8.871928,2.96608
36,0.3484663963317871,-2.8704,8.924552,2.853656
37,0.3583056926727295,-2.908672,8.869536,2.868008
38,0.3684241771697998,-2.908672,8.950864,2.868008
39,0.378368616104126,-3.009136,9.032192,2.748408
40,0.38906002044677734,-2.865616,8.960432,2.781896
41,0.3983876705169678,-2.951728,8.89824,2.875184
42,0.40833306312561035,-2.903888,8.857576,2.865616
43,0.4189622402191162,-2.879968,8.881496,2.90628
44,0.4284799098968506,-2.920632,8.924552,2.94216
45,0.4384934902191162,-2.875184,8.965216,3.059368
46,0.4490633010864258,-2.860832,8.92216,2.949336
47,0.4583864212036133,-2.90628,8.840832,2.968472
48,0.46833205223083496,-2.90628,8.788208,2.8106
49,0.47892141342163086,-2.901496,8.761896,2.891928
50,0.48842549324035645,-2.841696,8.654256,2.77472
51,0.49842381477355957,-2.899104,8.668608,2.688608
52,0.5090744495391846,-2.89432,8.64708,2.832128
53,0.518481969833374,-2.927808,8.64708,2.772328
54,0.5281600952148438,-2.889536,8.685352,2.848872
55,0.5384466648101807,-3.042624,8.673392,2.944552
56,0.5483949184417725,-3.0498,8.71884,2.937376
57,0.5583083629608154,-3.155048,8.709272,3.009136
58,0.5689647197723389,-3.12156,8.685352,2.982824
59,0.5783648490905762,-3.1096,8.726016,3.092856
60,0.5884730815887451,-3.02588,8.687744,3.071328
61,0.5984745025634766,-2.985216,8.692528,2.920632
62,0.6082987785339355,-2.994784,8.627944,2.987608
63,0.6184854507446289,-3.131128,8.7308,3.03784
64,0.6289517879486084,-3.171792,8.685352,3.042624
65,0.6384754180908203,-3.238768,8.69492,2.94216
66,0.6484096050262451,-3.164616,8.630336,3.01392
67,0.6590418815612793,-2.982824,8.697312,2.997176
68,0.6683435440063477,-2.820168,8.690136,3.021096
69,0.6784207820892334,-2.710136,8.687744,2.973256
70,0.6890313625335693,-2.616848,8.71884,2.746016
71,0.6984102725982666,-2.662296,8.678176,2.513992
72,0.7083439826965332,-2.875184,8.852792,2.626416
73,0.7190358638763428,-3.257904,9.025016,2.674256
74,0.7284140586853027,-3.614312,9.120696,2.90628
75,0.7384471893310547,-3.80328,9.075248,3.152656
76,0.7490754127502441,-4.025736,8.855184,3.281824
77,0.7581398487091064,-4.166864,8.556184,3.344016
78,0.7679917812347412,-4.339088,8.338512,3.401424
79,0.7787826061248779,-4.41324,8.166288,3.274648
80,0.7879934310913086,-4.551976,8.14476,3.231592
81,0.7980823516845703,-4.47304,8.08496,3.107208
82,0.808786153793335,-4.363008,8.08496,2.944552
83,0.8183822631835938,-4.2458,8.230872,2.975648
84,0.8281891345977783,-4.195568,8.238048,2.949336
85,0.8389089107513428,-4.217096,8.352864,2.812992
86,0.8483734130859375,-4.420416,8.47964,2.580968
87,0.8583724498748779,-4.34148,8.513128,2.5714
88,0.8689818382263184,-4.319952,8.436584,2.485288
89,0.8791284561157227,-4.171648,8.338512,2.43984
90,0.8883557319641113,-3.920488,8.154328,2.6312
91,0.8989560604095459,-3.69564,8.151936,2.83452
92,0.9081811904907227,-3.597568,8.211736,2.801032
93,0.9182305335998535,-3.61192,8.331336,2.781896
94,0.9289727210998535,-3.80328,8.572928,2.803424
95,0.9383130073547363,-4.171648,8.728408,2.700568
96,0.9483253955841064,-4.351048,8.833656,2.633592
97,0.9588243961334229,-4.406064,8.740368,2.67904
98,0.9683129787445068,-4.32952,8.537048,2.633592
99,0.9783463478088379,-4.300816,8.376784,2.863224
100,0.9889705181121826,-4.008992,8.281104,3.00196
101,0.9983360767364502,-3.81524,8.391136,3.212456
102,1.0083014965057373,-3.729128,8.565752,3.231592
103,1.0188486576080322,-3.686072,8.764288,3.315312
104,1.0283713340759277,-3.69564,9.008272,3.375112
105,1.038332462310791,-3.678896,9.034584,3.135912
106,1.0489883422851562,-3.645408,9.025016,3.033056
107,1.0582671165466309,-3.561688,8.914984,2.970864
108,1.0686111450195312,-3.475576,8.857576,2.96608
109,1.078810691833496,-3.245944,8.821696,2.82256
110,1.0883848667144775,-3.076112,8.613592,2.865616
111,1.0984206199645996,-2.934984,8.613592,3.040232
112,1.1090335845947266,-2.777112,8.568144,3.224416
113,1.1184055805206299,-2.686216,8.764288,3.298568
114,1.1282150745391846,-2.561832,8.77864,3.430128
115,1.1388592720031738,-2.59532,8.97,3.470792
116,1.148329496383667,-2.638376,9.032192,3.463616
117,1.1582505702972412,-2.55944,9.099168,3.571256
118,1.16892409324646,-2.322632,9.022624,3.59996
119,1.1783125400543213,-1.992536,8.965216,3.705208
120,1.1883814334869385,-1.569152,8.914984,3.59996
121,1.1990702152252197,-1.155336,8.83844,3.657368
122,1.208310604095459,-0.949624,8.948472,3.961152
123,1.2184040546417236,-0.882648,9.307272,4.671576
124,1.2284181118011475,-0.987896,9.888528,5.444192
125,1.2381501197814941,-0.68172,10.11816,4.89164
126,1.2482385635375977,-0.710424,10.127728,4.731376
127,1.2588613033294678,-1.3156,10.089456,4.79596
128,1.268507957458496,-1.987752,9.773712,4.810312
129,1.278538465499878,-2.336984,9.446008,4.93948
130,1.2890174388885498,-2.372864,9.359896,5.236088
131,1.2984211444854736,-1.779648,9.163752,4.398888
132,1.308440923690796,-1.439984,8.809736,3.454048
133,1.318873405456543,-1.533272,8.678176,3.530592
134,1.3284351825714111,-1.99732,8.82648,3.920488
135,1.3384153842926025,-2.72688,9.147008,4.453904
136,1.3489246368408203,-3.351192,9.13744,3.772184
137,1.358354091644287,-3.973112,8.905416,2.889536
138,1.3684167861938477,-4.147728,8.47964,2.600104
139,1.3789100646972656,-4.3056,8.173464,2.777112
140,1.3883774280548096,-4.530448,7.912736,2.8704
141,1.3984205722808838,-5.097352,7.580248,2.683824
142,1.4090688228607178,-5.807776,7.286032,2.621632
143,1.4184138774871826,-6.618664,7.015736,2.392
144,1.4283661842346191,-7.348224,6.62584,2.148016
145,1.4390358924865723,-7.723768,6.264648,2.107352
146,1.4484286308288574,-7.78596,6.035016,2.0332
147,1.4583442211151123,-7.625696,5.604456,1.631344
148,1.4689686298370361,-7.357792,5.398744,1.576328
149,1.4784212112426758,-6.850688,5.427448,1.798784
150,1.4883952140808105,-6.3986,5.70492,1.927952
151,1.498905897140503,-5.843656,6.106776,1.939912
152,1.5083279609680176,-5.338944,6.513416,2.234128
153,1.5183355808258057,-4.872504,6.955936,2.387216
154,1.5290400981903076,-4.609384,7.419984,2.686216
155,1.5383899211883545,-4.504136,7.843368,2.789072
156,1.5483803749084473,-4.477824,8.082568,2.970864
157,1.5589232444763184,-4.465864,8.137584,3.006744
158,1.5683891773223877,-4.494568,8.142368,3.054584
159,1.578364372253418,-4.499352,8.183032,3.267472
160,1.589048147201538,-4.418024,8.295456,3.619096
161,1.598379373550415,-4.418024,8.367216,3.762616
162,1.608292818069458,-4.465864,8.493992,3.848728
163,1.6190717220306396,-4.25776,8.702096,3.937232
164,1.628368854522705,-4.169256,8.812128,4.123808
165,1.6384508609771729,-3.951584,9.0298,4.212312
166,1.6488614082336426,-3.729128,9.166144,4.432376
167,1.6583662033081055,-3.45644,9.264216,4.513704
168,1.6686556339263916,-3.102424,9.25704,4.630912
169,1.679168939590454,-3.023488,9.242688,4.633304
170,1.6886658668518066,-2.899104,9.28096,4.752904
171,1.6983859539031982,-2.700568,9.23312,4.705064
172,1.7083935737609863,-2.454192,9.240296,4.657224
173,1.7181060314178467,-2.095392,9.343152,4.89164
174,1.728299617767334,-1.657656,9.453184,5.075824
175,1.7388513088226318,-1.274936,9.498632,5.11888
176,1.7482588291168213,-1.045304,9.713912,5.281536
177,1.7582097053527832,-0.846768,9.929192,5.283928
178,1.7688510417938232,-0.760656,10.005736,5.331768
179,1.7782623767852783,-0.75348,10.209056,5.413096
180,1.7882888317108154,-0.775008,10.23776,5.532696
181,1.7989721298217773,0.626704,9.697168,3.906136
182,1.8083064556121826,0.423384,10.362144,4.678752
183,1.8182427883148193,-0.688896,11.692096,7.125768
184,1.8290729522705078,-0.937664,11.919336,6.324448
185,1.838414192199707,-1.140984,11.005592,4.465864
186,1.8483684062957764,-1.169688,9.773712,4.049656
187,1.8590266704559326,-1.021384,8.792992,4.630912
188,1.8684134483337402,-0.98072,8.678176,5.982392
189,1.878455638885498,-1.121848,9.060896,5.972824
190,1.889031171798706,-1.669616,9.235512,4.559152
191,1.8984060287475586,-2.836912,9.170928,3.62388
192,1.9084241390228271,-3.669328,8.984352,3.308136
193,1.9188454151153564,-4.422808,8.824088,2.901496
194,1.9283344745635986,-5.231304,8.513128,2.473328
195,1.9383480548858643,-6.30292,7.991672,2.011672
196,1.9489872455596924,-7.72616,7.183176,1.624168
197,1.9586515426635742,-8.98196,6.513416,1.784432
198,1.968341588973999,-9.47232,5.948904,1.341912
199,1.9789812564849854,-9.455576,5.35808,0.87308
200,1.9883501529693604,-8.690136,4.810312,0.987896
201,1.998323678970337,-7.45108,4.475432,1.042912
202,2.008969783782959,-6.133088,4.599816,1.205568
203,2.01887845993042,-5.271968,5.004064,1.492608
204,2.0281755924224854,-4.719416,5.511168,1.717456
205,2.0388426780700684,-4.446728,6.130696,1.851408
206,2.0482888221740723,-4.264936,6.723912,2.109744
207,2.058382272720337,-4.16208,7.276464,2.250872
208,2.06903076171875,-4.133376,7.680712,2.525952
209,2.0783891677856445,-4.121416,7.919912,2.693392
210,2.0883944034576416,-4.195568,7.994064,2.968472
211,2.0990025997161865,-4.238624,8.10888,3.147872
212,2.108391046524048,-4.336696,8.094528,3.442088
213,2.118398904800415,-4.291248,8.187816,3.602352
214,2.128922462463379,-4.427592,8.269144,3.669328
215,2.138378858566284,-4.913168,8.50356,3.729128
216,2.1484453678131104,-5.343728,8.747544,4.011384
217,2.1589014530181885,-5.559008,8.840832,4.35344
218,2.16833233833313,-5.77668,8.812128,4.152512
219,2.1783554553985596,-5.913024,8.728408,4.26972
220,2.1889395713806152,-5.905848,8.692528,4.489784
221,2.1983988285064697,-5.781464,8.678176,4.860544
222,2.208418607711792,-5.403528,8.888672,5.020808
223,2.2190003395080566,-4.793568,9.051328,4.810312
224,2.228315591812134,-4.279288,9.16136,4.642872
225,2.2383663654327393,-3.619096,9.319232,4.585464
226,2.2488815784454346,-2.94216,9.563216,4.848584
227,2.2584218978881836,-2.162368,9.754576,5.056688
228,2.2684099674224854,-1.516528,9.83112,5.255224
229,2.2789149284362793,-0.827632,9.9866,5.396352
230,2.2883641719818115,-0.255944,10.113376,5.496816
231,2.2983736991882324,0.07176,10.036832,5.47768
232,2.3090193271636963,0.09568,9.917232,5.389176
233,2.3183746337890625,-0.019136,9.678032,5.090176
234,2.328361988067627,-0.110032,9.383816,4.970576
235,2.3388359546661377,-0.13156,9.273784,5.027984
236,2.348341226577759,-0.02392,9.23312,5.1428
237,2.358267068862915,0.320528,9.438832,5.037552
238,2.3689167499542236,0.404248,9.558432,4.996888
239,2.3783066272735596,0.653016,9.867,5.10692
240,2.3883402347564697,1.927952,9.441224,2.274792
241,2.3989243507385254,0.70564,9.55604,3.645408
242,2.408397674560547,0.014352,10.436296,6.168968
243,2.418391227722168,-0.983112,10.96732,6.145048
244,2.4290761947631836,-1.947088,10.960144,5.083
245,2.438452959060669,-2.592928,10.328656,3.99464
246,2.448321580886841,-2.889536,9.182888,3.781752
247,2.4590349197387695,-3.004352,8.206952,4.01856
248,2.4684031009674072,-3.6478,7.745296,3.920488
249,2.478407621383667,-4.827056,7.644832,3.317704
250,2.488405227661133,-6.415344,7.70224,2.6312
251,2.49841570854187,-8.04908,7.520448,2.004496
252,2.508401870727539,-9.192456,6.922448,1.657656
253,2.5187909603118896,-9.634976,6.161792,1.664832
254,2.5282857418060303,-9.333584,5.54944,1.789216
255,2.5382304191589355,-8.627944,5.09496,2.037984
256,2.549056053161621,-7.652008,4.93948,2.083432
257,2.558715581893921,-6.676072,5.135624,2.315456
258,2.5684118270874023,-5.90824,5.496816,2.396784
259,2.5788865089416504,-5.413096,5.989568,2.614456
260,2.5883655548095703,-4.980144,6.513416,2.815384
261,2.598407745361328,-4.784,7.054008,3.19332
262,2.60878586769104,-4.444336,7.353008,3.26508
263,2.6183996200561523,-4.5448,7.659184,3.482752
264,2.6284403800964355,-4.470648,7.850544,3.363152
265,2.6390488147735596,-4.3654,7.79792,3.279432
266,2.648391008377075,-4.396496,7.946224,3.57604
267,2.6584088802337646,-4.585464,8.16868,3.822416
268,2.669097661972046,-4.633304,8.30024,3.942016
269,2.6783485412597656,-4.547192,8.50356,3.97072
270,2.688403844833374,-4.441944,8.5514,4.028128
271,2.6990530490875244,-4.56872,8.685352,4.195568
272,2.708409547805786,-4.501744,8.592064,4.166864
273,2.7184183597564697,-4.611776,8.556184,4.23384
274,2.7284162044525146,-4.606992,8.520304,4.229056
275,2.7384161949157715,-4.489784,8.474856,4.286464
276,2.7484278678894043,-4.343872,8.472464,4.363008
277,2.7590129375457764,-4.04248,8.498776,4.537624
278,2.768411159515381,-3.822416,8.549008,4.49696
279,2.77839732170105,-3.466008,8.71884,4.571112
280,2.7889039516448975,-3.164616,8.82648,4.755296
281,2.7984085083007812,-2.853656,9.12548,4.841408
282,2.8083977699279785,-2.482896,9.333584,4.728984
283,2.819042444229126,-2.179112,9.40056,4.693104
284,2.828434944152832,-1.880112,9.446008,4.669184
285,2.8384056091308594,-1.669616,9.469928,4.889248
286,2.848723888397217,-1.344304,9.6876,5.389176
287,2.857962131500244,-0.959192,9.917232,5.810168
288,2.868191719055176,-0.727168,10.24972,6.023056
289,2.8790698051452637,-0.492752,10.510448,6.310096
290,2.88828182220459,-0.15548,10.438688,6.305312
291,2.8982934951782227,0.1196,10.206664,6.369896
292,2.908993721008301,0.70564,9.931584,6.367504
293,2.9182872772216797,1.317992,9.790456,6.152224
294,2.9282729625701904,1.796392,9.823944,6.310096
295,2.9382193088531494,2.877576,9.606272,3.650192
296,2.948213577270508,1.987752,9.582352,4.16208
297,2.9581427574157715,1.442376,10.163608,5.257616
298,2.9691107273101807,-0.385112,11.048648,5.578144
299,2.9782354831695557,-2.028416,11.519872,4.669184
300,2.9883840084075928,-3.473184,11.237616,3.554512
301,2.998929500579834,-4.563936,10.015304,3.023488
302,3.0083744525909424,-5.532696,8.828872,2.841696
303,3.0179316997528076,-6.520592,7.601776,2.614456
304,3.0287764072418213,-7.61852,6.6976,2.145624
305,3.0387933254241943,-8.926944,6.013488,1.717456
306,3.048203945159912,-9.838296,5.75276,1.509352
307,3.0587902069091797,-10.134904,5.48964,1.451944
308,3.0682358741760254,-9.733048,5.080608,1.796392
309,3.0782840251922607,-8.819304,4.695496,2.073864
310,3.0890116691589355,-7.707024,4.468256,2.36808
311,3.098296642303467,-6.61388,4.650048,2.628808
312,3.1082797050476074,-5.87236,5.085392,2.757976
313,3.119032621383667,-5.303064,5.72884,2.877576
314,3.1283061504364014,-4.872504,6.281392,3.02588
315,3.138327121734619,-4.55676,6.690424,3.140696
316,3.149007797241211,-4.324736,7.082712,3.198104
317,3.158278465270996,-4.28168,7.393672,3.291392
318,3.1683154106140137,-4.370184,7.728552,3.32488
319,3.179042100906372,-4.37736,8.128016,3.430128
320,3.188321113586426,-4.355832,8.546616,3.561688
321,3.198193311691284,-4.35344,8.749936,3.652584
322,3.2089741230010986,-4.267328,8.723624,3.676504
323,3.2182700634002686,-4.272112,8.620768,3.901352
324,3.2282767295837402,-4.13816,8.508344,4.15012
325,3.239058017730713,-4.025736,8.560968,4.2458
326,3.2480580806732178,-4.183608,8.651864,4.307992
327,3.2581028938293457,-4.241016,8.821696,4.394104
328,3.269310474395752,-4.157296,8.94608,4.41324
329,3.2781100273132324,-3.83916,9.099168,4.611776
330,3.2881577014923096,-3.48036,9.22116,4.839016
331,3.298964500427246,-3.152656,9.192456,4.80792
332,3.308336019515991,-2.875184,9.072856,4.755296
333,3.318284749984741,-2.712528,9.04176,4.6644
334,3.3282783031463623,-2.592928,8.938904,4.719416
335,3.3383114337921143,-2.327416,8.869536,4.595032
336,3.348325729370117,-2.109744,9.022624,4.623736
337,3.3589742183685303,-1.911208,9.290528,4.846192
338,3.368333101272583,-1.703104,9.5082,4.882072
339,3.378260374069214,-1.576328,9.522552,4.9634
340,3.38885760307312,-1.547624,9.285744,4.941872
341,3.3983311653137207,-1.416064,9.022624,4.769648
342,3.4083240032196045,-1.265368,9.010664,4.894032
343,3.4186222553253174,-1.026168,9.381424,5.379608
344,3.4283039569854736,-0.688896,9.742616,5.25044
345,3.4383082389831543,-0.566904,10.120552,5.133232
346,3.448319673538208,-0.40664,10.326264,5.338944
347,3.45833158493042,-0.232024,10.244936,5.499208
348,3.468315839767456,-0.110032,10.077496,5.953688
349,3.478886604309082,1.349088,9.73544,3.327272
350,3.4883127212524414,0.743912,9.414912,2.856048
351,3.49861478805542,0.327704,9.981816,4.654832
352,3.508312940597534,-0.200928,11.065392,5.420272
353,3.518322467803955,-0.971152,12.077208,5.374824
354,3.5282135009765625,-1.691144,12.03176,4.836624
355,3.5388407707214355,-1.794,11.113232,4.28168
356,3.5482733249664307,-1.932736,9.754576,4.085536
357,3.5582082271575928,-2.238912,8.697312,3.999424
358,3.569060802459717,-3.20528,8.123232,3.580824
359,3.578408718109131,-5.092568,7.716592,3.155048
360,3.5882890224456787,-7.197528,7.812272,3.30096
361,3.5989596843719482,-8.821696,7.769216,2.564224
362,3.6083617210388184,-9.766536,7.097064,2.076256
363,3.6183979511260986,-10.041616,6.073288,1.911208
364,3.6284451484680176,-9.857432,4.99928,1.856192
365,3.6384224891662598,-9.40056,4.547192,1.774864
366,3.648425817489624,-8.7308,4.575896,1.741376
367,3.659101724624634,-7.817056,4.944264,1.894464
368,3.669125556945801,-6.975072,5.496816,2.195856
369,3.678248882293701,-5.960864,6.032624,2.566616
370,3.689103364944458,-4.848584,6.599528,2.760368
371,3.6983747482299805,-4.073576,7.113808,2.88236
372,3.7083704471588135,-3.523416,7.611344,3.24116
373,3.7189953327178955,-3.267472,8.068216,3.38468
374,3.728419065475464,-3.176576,8.307416,3.272256
375,3.738379716873169,-3.626272,8.446152,3.255512
376,3.748911142349243,-3.9468,8.627944,3.44448
377,3.7584149837493896,-4.226664,8.699704,3.549728
378,3.7684109210968018,-4.164472,8.716448,3.597568
379,3.7789881229400635,-3.999424,8.632728,3.525808
380,3.788207769393921,-3.975504,8.606416,3.640624
381,3.79831600189209,-4.037696,8.601632,3.796104
382,3.8089962005615234,-4.140552,8.63512,3.930056
383,3.8183083534240723,-4.1262,8.627944,3.860688
384,3.8283090591430664,-4.207528,8.68296,4.047264
385,3.8389759063720703,-4.252976,8.857576,4.312776
386,3.8483126163482666,-4.3056,8.903024,4.4252
387,3.8583080768585205,-4.28168,8.960432,4.458688
388,3.869035482406616,-4.169256,9.048936,4.49696
389,3.8782901763916016,-3.99464,8.929336,4.554368
390,3.8883423805236816,-3.686072,8.903024,4.432376
391,3.8988616466522217,-3.422952,8.836048,4.178824
392,3.908317804336548,-3.162224,8.812128,3.98268
393,3.9183084964752197,-2.879968,8.761896,3.965936
394,3.9289960861206055,-2.700568,9.063288,4.068792
395,3.938310384750366,-2.566616,9.269,4.128592
396,3.948314666748047,-2.4518,9.419696,3.891784
397,3.9587199687957764,-2.358512,9.414912,3.858296
398,3.968311071395874,-2.214992,9.453184,3.750656
399,3.978304862976074,-2.05712,9.309664,3.86308
400,3.989021062850952,-1.71028,9.3886,4.059224
401,3.998331069946289,-1.370616,9.65172,4.595032
402,4.008301734924316,-0.90896,9.945936,4.788784
403,4.018850803375244,-0.590824,9.972248,4.858152
404,4.028306484222412,-0.20332,9.867,5.195424
405,4.038555860519409,0.188968,9.5082,5.22652
406,4.048793077468872,0.397072,9.276176,5.240872
407,4.057773590087891,0.583648,9.206808,5.413096
408,4.067750453948975,0.6578,9.199632,5.224128
409,4.079033613204956,0.547768,9.307272,4.846192
410,4.088287830352783,0.279864,9.477104,4.707456
411,4.098277807235718,-0.174616,9.608664,4.566328
412,4.109047889709473,-0.767832,9.797632,4.53284
413,4.118326425552368,-0.794144,9.66368,2.958904
414,4.128309726715088,-1.98536,9.374248,2.293928
415,4.138890027999878,-2.944552,9.48428,3.111992
416,4.1482861042022705,-4.071184,9.931584,3.367936
417,4.158217191696167,-5.511168,10.278424,3.57604
418,4.1690354347229,-6.221592,10.005736,3.681288
419,4.178369760513306,-6.154616,8.955648,3.257904
420,4.1882312297821045,-5.87236,7.647224,2.992392
421,4.198935270309448,-5.547048,6.690424,2.968472
422,4.208719253540039,-5.4418,6.281392,2.848872
423,4.21837306022644,-5.661864,6.424912,2.789072
424,4.2289299964904785,-6.097208,6.776536,2.729272
425,4.238379716873169,-6.424912,6.97268,2.793856
426,4.248367071151733,-6.54212,7.02052,2.801032
427,4.259063959121704,-6.465576,6.903312,2.908672
428,4.268373012542725,-6.305312,6.752616,3.045016
429,4.278400182723999,-6.020664,6.56604,3.0498
430,4.288813352584839,-5.724056,6.511024,3.030664
431,4.298276901245117,-5.518344,6.558864,3.016312
432,4.308370113372803,-5.33416,6.67368,3.155048
433,4.319092512130737,-5.326984,7.089888,3.25312
434,4.3283891677856445,-5.231304,7.455864,3.195712
435,4.338411569595337,-5.207384,7.82184,3.004352
436,4.348888158798218,-5.145192,8.00124,3.042624
437,4.358037710189819,-4.961008,8.027552,3.200496
438,4.368407487869263,-4.74812,8.046688,3.212456
439,4.378934621810913,-4.465864,8.070608,3.296176
440,4.388319492340088,-4.2458,8.178248,3.379896
441,4.3984596729278564,-4.217096,8.293064,3.131128
442,4.409124851226807,-4.145336,8.374392,3.284216
443,4.418067216873169,-3.937232,8.606416,3.5282
444,4.428090810775757,-3.729128,8.726016,3.633448
445,4.4388587474823,-3.595176,8.919768,3.738696
446,4.44833517074585,-3.614312,8.977176,3.757832
447,4.458171129226685,-3.721952,9.032192,3.877432
448,4.4691057205200195,-3.8272,9.001096,3.93484
449,4.47830057144165,-3.71956,9.013056,3.872648
450,4.488339900970459,-3.530592,9.068072,3.83916
451,4.4990339279174805,-3.38468,9.103952,3.882216
452,4.508185625076294,-3.064152,9.273784,4.0066
453,4.518393516540527,-2.719704,9.295312,4.140552
454,4.528908014297485,-2.274792,9.345544,4.264936
455,4.5380542278289795,-1.78204,9.48428,4.49696
456,4.547806978225708,-1.346696,9.673248,4.585464
457,4.558753728866577,-0.820456,9.780888,4.717024
458,4.568244218826294,-0.337272,10.099024,4.970576
459,4.578324317932129,-0.007176,10.510448,5.224128
460,4.589216232299805,0.330096,10.840544,5.109312
461,4.598318815231323,0.679328,10.797488,5.157152
462,4.608339309692383,0.913744,10.586992,5.126056
463,4.618746757507324,1.196,10.264072,5.149976
464,4.62837553024292,1.3156,9.924408,5.243264
465,4.638320684432983,1.750944,10.02248,4.862936
466,4.649048566818237,1.786824,9.649328,3.147872
467,4.658330917358398,0.935272,9.524944,3.332056
468,4.668332099914551,0.361192,9.931584,3.992248
469,4.678841829299927,-0.533416,10.606128,4.20992
470,4.688367605209351,-1.451944,11.046256,4.331912
471,4.6986894607543945,-1.815528,10.888384,4.439552
472,4.709052085876465,-1.908816,10.455432,4.554368
473,4.718323707580566,-2.210208,9.898096,4.468256
474,4.728321552276611,-2.83452,9.390992,4.035304
475,4.738901138305664,-4.0066,9.013056,3.650192
476,4.7482640743255615,-5.511168,8.649472,2.911064
477,4.75804591178894,-7.147296,8.367216,2.358512
478,4.768877267837524,-8.369608,7.716592,2.05712
479,4.778021335601807,-9.158968,6.91288,1.717456
480,4.7880284786224365,-9.493848,6.070896,1.66244
481,4.798891305923462,-9.307272,5.372432,1.624168
482,4.808278322219849,-8.726016,5.078216,1.664832
483,4.818290948867798,-7.948616,5.216952,2.026024
484,4.828989267349243,-7.08032,5.54944,2.346552
485,4.838340997695923,-6.286176,6.121128,2.612064
486,4.848345756530762,-5.492032,6.642584,2.851264
487,4.859050989151001,-5.008848,7.12816,3.155048
488,4.868346929550171,-4.549584,7.386496,3.305744
489,4.878328323364258,-4.343872,7.515664,3.195712
490,4.888287305831909,-4.394104,7.735728,3.317704
491,4.898311614990234,-4.379752,7.90556,3.224416
492,4.9083709716796875,-4.403672,8.075392,3.20528
493,4.918907165527344,-4.315168,8.178248,3.174184
494,4.928326368331909,-4.217096,8.355256,3.224416
495,4.938371419906616,-4.178824,8.59924,3.334448
496,4.949060678482056,-4.116632,8.678176,3.317704
497,4.958341121673584,-4.219488,8.74276,3.355976
498,4.968343019485474,-4.11424,8.733192,3.473184
499,4.979106187820435,-4.200352,8.759504,3.595176
500,4.9883317947387695,-4.28168,8.852792,3.63584
501,4.998364448547363,-4.186,8.836048,3.640624
502,5.008341312408447,-4.11424,8.967608,3.872648
503,5.018363952636719,-3.85112,9.003488,4.011384
504,5.028378009796143,-3.573648,9.166144,4.202744
505,5.0390684604644775,-3.178968,9.22116,4.236232
506,5.048200607299805,-2.891928,9.218768,4.300816
507,5.058324337005615,-2.542696,9.211592,4.37736
508,5.068358421325684,-2.186288,9.225944,4.410848
509,5.078352451324463,-1.939912,9.225944,4.477824
510,5.088329553604126,-1.643304,9.264216,4.609384
511,5.099090576171875,-1.521312,9.199632,4.762472
512,5.108173847198486,-1.401712,9.225944,4.657224
513,5.118355989456177,-1.425632,9.462752,4.537624
514,5.129084587097168,-1.51892,9.72348,4.487392
515,5.138340950012207,-1.485432,10.008128,4.673968
516,5.1483354568481445,-1.416064,10.024872,4.458688
517,5.159069538116455,-1.0764,9.979424,4.56872
518,5.168323755264282,-0.57408,9.931584,4.934696
519,5.178359031677246,0.078936,9.776104,5.21456
520,5.1890857219696045,0.782184,9.845472,5.518344
521,5.198352575302124,2.047552,9.637368,3.712384
522,5.2083213329315186,1.41128,9.536904,3.375112
523,5.219087839126587,0.631488,10.044008,4.817488
524,5.229107618331909,-0.45448,10.952968,5.16672
525,5.238332986831665,-1.60264,11.539008,5.451368
526,5.248910188674927,-2.095392,11.251968,5.389176
527,5.258333206176758,-2.107352,10.271248,4.984928
528,5.268351078033447,-1.676792,9.450792,4.501744
529,5.279042720794678,-1.337128,8.75472,4.291248
530,5.28910756111145,-1.485432,8.446152,3.848728
531,5.29834246635437,-2.36808,8.458112,3.293784
532,5.309097766876221,-3.822416,8.613592,3.056976
533,5.3190529346466064,-5.159544,8.991528,2.705352
534,5.328318119049072,-6.295744,8.986744,2.24848
535,5.338938474655151,-6.886568,8.338512,1.959048
536,5.348311185836792,-7.171216,7.097064,1.645696
537,5.358235836029053,-7.417592,6.008704,1.428024
538,5.368931770324707,-7.532408,5.39396,1.451944
539,5.3783581256866455,-7.45108,5.140408,1.487824
540,5.38834547996521,-7.396064,5.243264,1.789216
541,5.399054527282715,-7.202312,5.532696,2.00928
542,5.40836501121521,-6.824376,5.793424,2.346552
543,5.4182703495025635,-6.24312,6.092424,2.722096
544,5.428956747055054,-5.819736,6.436872,2.868008
545,5.439164638519287,-5.389176,6.826768,3.119168
546,5.448361873626709,-5.171504,7.099456,3.281824
547,5.458908319473267,-5.111704,7.410416,3.212456
548,5.468393802642822,-4.9634,7.592208,3.341624
549,5.478376865386963,-5.049512,7.814664,3.358368
550,5.489102840423584,-5.061472,7.867288,3.250728
551,5.498376369476318,-5.083,8.099312,3.332056
552,5.5083253383636475,-4.949048,8.32416,3.525808
553,5.518935203552246,-4.872504,8.618376,3.619096
554,5.528994083404541,-4.650048,8.82648,3.762616
555,5.538214206695557,-4.583072,8.895848,3.963544
556,5.548866271972656,-4.662008,8.989136,3.992248
557,5.5581324100494385,-4.61656,9.192456,4.243408
558,5.56830096244812,-4.255368,9.25704,4.590248
559,5.5790698528289795,-3.932448,9.259432,4.755296
560,5.589133024215698,-3.588,9.223552,4.647656
561,5.5983099937438965,-3.32488,9.235512,4.583072
562,5.608847379684448,-3.174184,9.390992,4.621344
563,5.6182942390441895,-3.03784,9.493848,4.76008
564,5.628176212310791,-2.70296,9.558432,4.79596
565,5.639185428619385,-2.191072,9.536904,4.702672
566,5.648361921310425,-1.640912,9.596704,4.786392
567,5.6583709716796875,-1.097928,9.611056,4.678752
568,5.669084072113037,-0.600392,9.575176,4.662008
569,5.678335428237915,-0.241592,9.512984,4.693104
570,5.688359260559082,0.090896,9.47232,4.786392
571,5.699095249176025,0.224848,9.572784,4.829448
572,5.708334922790527,0.212888,9.83112,4.9036
573,5.718364477157593,0.016744,10.11816,4.965792
574,5.7289557456970215,-0.14352,10.395632,4.932304
575,5.738385438919067,-0.150696,10.096632,4.606992
576,5.748398065567017,0.863512,9.9268,4.934696
577,5.758390188217163,0.999856,10.156432,4.762472
578,5.768383979797363,0.320528,10.472176,5.355688
579,5.778412818908691,-0.043056,10.11816,4.80792
580,5.789116859436035,-0.564512,9.572784,4.183608
581,5.798368692398071,-1.320384,9.170928,4.224272
582,5.808380603790283,-1.609816,9.147008,4.231448
583,5.819011211395264,-1.987752,9.091992,4.262544
584,5.82837700843811,-2.588144,8.991528,4.032912
585,5.83822774887085,-3.375112,8.953256,3.662152
586,5.849068880081177,-4.35344,8.781032,3.289
587,5.8583667278289795,-5.068648,8.757112,2.755584
588,5.868380784988403,-6.269432,8.759504,3.052192
589,5.878422021865845,-7.113808,8.675784,3.666936
590,5.88841438293457,-7.412808,7.97732,3.092856
591,5.898403167724609,-7.6544,6.86504,2.482896
592,5.908929824829102,-7.6544,5.951296,2.1528
593,5.918898820877075,-7.556328,5.439408,2.073864
594,5.928361415863037,-7.293208,5.353296,1.923168
595,5.938925504684448,-6.881784,5.618808,2.078648
596,5.948283910751343,-6.42252,6.11156,2.466152
597,5.958202362060547,-5.903456,6.671288,2.7508
598,5.969080209732056,-5.379608,7.015736,2.999568
599,5.978330850601196,-4.805528,7.173608,3.186144
600,5.988301038742065,-4.334304,7.245368,3.24116
601,5.9989306926727295,-4.190784,7.34344,3.518632
602,6.009120464324951,-4.121416,7.532408,3.293784
603,6.01827073097229,-4.224272,7.817056,3.195712
604,6.028068780899048,-4.549584,8.08496,3.36076
605,6.038352966308594,-4.745728,8.446152,3.561688
606,6.0483410358428955,-4.642872,8.637512,3.688464
607,6.058954477310181,-4.44912,8.680568,3.571256
608,6.0683300495147705,-4.296032,8.589672,3.633448
609,6.078344345092773,-4.025736,8.534656,3.693248
610,6.089108228683472,-4.016168,8.56336,3.989856
611,6.098351240158081,-4.03052,8.745152,4.336696
612,6.108349323272705,-4.212312,8.735584,4.202744
613,6.119110345840454,-4.286464,8.608808,4.260152
614,6.128683567047119,-4.142944,8.572928,4.214704
615,6.138286352157593,-3.867864,8.47964,4.276896
616,6.1489481925964355,-3.645408,8.589672,4.339088
617,6.158389568328857,-3.36076,8.630336,4.276896
618,6.168358564376831,-3.016312,8.864752,4.339088
619,6.179076671600342,-2.693392,9.07764,4.418024
620,6.188541412353516,-2.219776,9.223552,4.475432
621,6.198386907577515,-1.801176,9.242688,4.559152
622,6.209096193313599,-1.30364,9.199632,4.453904
623,6.2184906005859375,-0.722384,9.187672,4.370184
624,6.22832465171814,-0.363584,9.331192,4.382144
625,6.239120960235596,-0.282256,9.608664,4.537624
626,6.248287916183472,-0.361192,9.797632,4.690712
627,6.258383512496948,-0.564512,9.778496,4.65244
628,6.268985748291016,-0.856336,9.654112,4.800744
629,6.2783777713775635,-0.954408,9.57996,4.836624
630,6.2883641719818115,-1.176864,9.434048,4.800744
631,6.299111366271973,-0.973544,9.383816,4.542408
632,6.308370590209961,-0.361192,9.115912,3.1096
633,6.318380117416382,-0.818064,9.003488,3.15744
634,6.329011917114258,-1.21992,9.338368,3.985072
635,6.3382368087768555,-1.947088,9.833512,4.193176
636,6.348361015319824,-2.925416,10.182744,4.322344
637,6.358877658843994,-3.454048,9.991384,4.296032
638,6.368326425552368,-3.525808,9.23312,4.104672
639,6.37839150428772,-3.418168,8.32416,4.119024
640,6.389082193374634,-3.39664,7.563504,3.937232
641,6.39837384223938,-3.927664,7.08032,3.31292
642,6.408416748046875,-5.135624,6.998992,2.533128
643,6.419081211090088,-6.50624,6.975072,1.96144
644,6.428394317626953,-7.66636,6.967896,1.741376
645,6.4383544921875,-8.33612,6.678464,1.547624
646,6.449069261550903,-8.30024,6.341192,1.540448
647,6.458369493484497,-7.692672,6.018272,1.844232
648,6.468391418457031,-6.798064,5.948904,2.066688
649,6.4791154861450195,-5.84844,6.142656,2.49964
650,6.488357782363892,-5.197816,6.520592,2.753192
651,6.498407602310181,-4.733768,6.874608,2.83452
652,6.509111404418945,-4.468256,7.336264,3.176576
653,6.518331527709961,-4.23384,7.769216,3.45644
654,6.528339147567749,-4.047264,8.209344,3.638232
655,6.538766860961914,-4.040088,8.68296,3.930056
656,6.548280239105225,-3.953976,8.891064,3.944408
657,6.558181047439575,-4.020952,9.084816,4.07836
658,6.569129228591919,-4.085536,9.168536,4.128592
659,6.579017639160156,-4.214704,9.070464,4.104672
660,6.588291645050049,-4.303208,8.97,4.236232
661,6.598942279815674,-4.3056,8.912592,4.064008
662,6.608383655548096,-4.28168,8.974784,4.248192
663,6.618400573730469,-4.288856,8.962824,4.044872
664,6.629068613052368,-4.372576,8.893456,3.937232
665,6.6383912563323975,-4.23384,8.764288,3.85112
666,6.648370742797852,-3.980288,8.714056,4.092712
667,6.659135818481445,-3.640624,8.558576,4.145336
668,6.668370008468628,-3.174184,8.642296,4.16208
669,6.678368330001831,-2.856048,8.639904,4.01856
670,6.689105033874512,-2.597712,8.699704,3.999424
671,6.698395490646362,-2.425488,8.759504,3.836768
672,6.7083821296691895,-2.2126,8.749936,3.693248
673,6.719100713729858,-2.124096,8.745152,3.509064
674,6.72838568687439,-2.06908,8.76668,3.353584
675,6.738414525985718,-1.872936,8.828872,3.482752
676,6.74914026260376,-1.8538,8.883888,3.614312
677,6.758419513702393,-1.688752,8.919768,3.891784
678,6.767996072769165,-1.605032,8.989136,4.130984
679,6.779027700424194,-1.74616,9.240296,4.458688
680,6.7882609367370605,-1.796392,9.42448,4.635696
681,6.798358201980591,-1.906424,9.273784,4.573504
682,6.809076547622681,-0.999856,9.080032,4.504136
683,6.81834077835083,-0.365976,8.869536,3.422952
684,6.828316926956177,-0.803712,9.17332,4.626128
685,6.8390092849731445,-0.868296,9.5082,4.968184
686,6.848337411880493,-1.559584,9.833512,4.850976
687,6.858277797698975,-1.956656,10.27364,4.92752
688,6.8687803745269775,-2.054728,10.354968,4.599816
689,6.87802791595459,-2.028416,10.127728,4.41324
690,6.8882598876953125,-1.947088,9.601488,4.255368
691,6.8988988399505615,-1.944696,8.869536,3.985072
692,6.908303499221802,-2.46376,8.32416,3.619096
693,6.918359994888306,-3.222024,8.154328,3.233984
694,6.928932428359985,-4.229056,8.194992,2.891928
695,6.9383320808410645,-5.030376,8.199776,2.54748
696,6.948307275772095,-5.93216,8.139976,2.839304
697,6.958886384963989,-6.168968,7.984496,3.004352
698,6.968359470367432,-6.226376,7.362576,2.5714
699,6.978358745574951,-6.023056,6.678464,2.480504
700,6.988909482955933,-5.767112,6.154616,2.375256
701,6.998310565948486,-5.805384,6.066112,2.270008
702,7.008322238922119,-5.867576,6.240728,2.274792
703,7.018990755081177,-5.877144,6.587568,2.22456
704,7.028689861297607,-5.69296,6.874608,2.48768
705,7.038341283798218,-5.458544,7.202312,2.4518
706,7.049116373062134,-5.020808,7.329088,2.724488
707,7.058703422546387,-4.489784,7.467824,2.949336
708,7.068340301513672,-4.023344,7.60656,3.119168
709,7.07908034324646,-3.884608,7.802704,3.293784
710,7.088330984115601,-3.824808,7.986888,3.470792
711,7.098305702209473,-3.843944,8.163896,3.389464
712,7.109041690826416,-3.975504,8.305024,3.38468
713,7.11833930015564,-4.095104,8.477248,3.454048
714,7.128327131271362,-4.11424,8.565752,3.62388
715,7.138808012008667,-3.961152,8.58728,3.678896
716,7.148317337036133,-3.846336,8.666216,3.750656
717,7.158144474029541,-3.633448,8.7308,3.781752
718,7.168996334075928,-3.626272,8.737976,3.812848
719,7.178358316421509,-3.580824,8.74276,3.889392
720,7.188336133956909,-3.568864,8.833656,3.89896
721,7.198941469192505,-3.51624,8.864752,4.047264
722,7.208366394042969,-3.387072,8.965216,3.927664
723,7.218374252319336,-3.200496,9.051328,4.092712
724,7.229021072387695,-2.923024,9.082424,4.241016
725,7.23831582069397,-2.633592,9.247472,4.360616
726,7.24831223487854,-2.217384,9.290528,4.549584
727,7.259093999862671,-1.834664,9.42448,4.755296
728,7.2683632373809814,-1.521312,9.539296,4.566328
729,7.278369426727295,-1.370616,9.745008,4.858152
730,7.289116859436035,-1.17208,9.881352,4.882072
731,7.2983739376068115,-1.26776,10.113376,4.996888
732,7.308360815048218,-1.277328,10.32148,5.080608
733,7.3188464641571045,-1.262976,10.465,4.992104
734,7.3283631801605225,-1.4352,10.374104,4.894032
735,7.338263511657715,-1.540448,10.089456,4.8438
736,7.349138498306274,-0.779792,9.563216,4.372576
737,7.358386278152466,-0.03588,8.520304,2.868008
738,7.36835789680481,-0.138736,8.006024,2.999568
739,7.3789262771606445,-0.641056,8.549008,3.961152
740,7.388348817825317,-1.552408,9.539296,3.879824
741,7.398400545120239,-2.681432,10.469784,3.985072
742,7.409080505371094,-3.200496,10.613304,3.690856
743,7.418368577957153,-3.243552,10.048792,3.796104
744,7.428255081176758,-3.011528,9.060896,3.92288
745,7.439069986343384,-2.879968,7.927088,3.588
746,7.448272943496704,-3.394248,7.221448,3.284216
747,7.458357095718384,-4.095104,7.118592,2.89432
748,7.4691481590271,-5.037552,7.278856,2.34416
749,7.4783713817596436,-5.59728,7.429552,1.81792
750,7.488347053527832,-5.81256,7.40324,1.832272
751,7.498968839645386,-5.60924,7.233408,2.004496
752,7.508311033248901,-5.13084,6.88896,2.078648
753,7.518369436264038,-4.535232,6.702384,2.325024
754,7.529065132141113,-4.10228,6.819592,2.542696
755,7.538336753845215,-3.762616,7.073144,2.710136
756,7.548377990722656,-3.760224,7.2358,2.731664
757,7.559114694595337,-3.7674,7.472608,2.91824
758,7.568346977233887,-3.85112,7.697456,2.944552
759,7.578362464904785,-4.013776,7.967752,3.083288
760,7.5890467166900635,-4.083144,8.15672,3.238768
761,7.598365545272827,-4.04248,8.271536,3.289
762,7.608290910720825,-3.91092,8.4318,3.379896
763,7.619075775146484,-3.738696,8.489208,3.487536
764,7.628150939941406,-3.63584,8.558576,3.51624
765,7.6383702754974365,-3.702816,8.685352,3.588
766,7.649181842803955,-3.774576,8.75472,3.458832
767,7.658292293548584,-3.896568,8.709272,3.466008
768,7.668362140655518,-4.025736,8.656648,3.547336
769,7.679082155227661,-4.159688,8.64708,3.616704
770,7.689123868942261,-4.183608,8.737976,3.841552
771,7.698317050933838,-4.035304,8.687744,3.906136
772,7.709140777587891,-3.930056,8.470072,3.824808
773,7.719294786453247,-3.657368,8.525088,4.059224
774,7.728317737579346,-3.080896,8.714056,4.262544
775,7.73901104927063,-2.502032,9.087208,4.284072
776,7.748265504837036,-1.975792,9.541688,4.516096
777,7.758060693740845,-1.499784,9.895704,4.468256
778,7.7689597606658936,-0.98072,9.905272,4.432376
779,7.778278350830078,-0.605176,9.929192,4.4252
780,7.7883007526397705,-0.315744,9.857432,4.516096
781,7.798843860626221,0.440128,9.776104,4.678752
782,7.808297634124756,0.90896,9.955504,4.422808
783,7.818291425704956,0.413816,10.343008,4.537624
784,7.829076290130615,-0.612352,10.570248,4.523272
785,7.8383097648620605,-1.545232,10.706592,4.487392
786,7.848337411880493,-1.837056,10.352576,4.690712
787,7.8583314418792725,-1.468688,9.790456,4.152512
788,7.868340969085693,-1.038128,9.228336,4.035304
789,7.878313779830933,-0.7176,8.962824,3.997032
790,7.889096975326538,-0.916136,8.984352,3.9468
791,7.8983259201049805,-1.63852,9.166144,3.784144
792,7.90839695930481,-2.729272,9.34076,3.573648
793,7.918392658233643,-3.69564,9.276176,3.138304
794,7.9284069538116455,-4.319952,8.989136,2.676648
795,7.938343524932861,-4.563936,8.398312,2.58336
796,7.949127197265625,-4.793568,8.099312,3.439696
797,7.958368539810181,-4.941872,7.860112,3.55212
798,7.968398809432983,-5.085392,7.525232,3.030664
799,7.979046106338501,-5.2624,7.178392,2.755584
800,7.989144802093506,-5.362864,6.877,2.35612
801,7.998319864273071,-5.408312,6.855472,1.975792
802,8.009146928787231,-5.446584,6.943976,2.054728
803,8.018326997756958,-5.264792,7.161648,2.162368
804,8.028404951095581,-4.972968,7.30756,2.315456
805,8.03896951675415,-4.453904,7.465432,2.413528
806,8.048332452774048,-3.913312,7.539584,2.612064
807,8.058263778686523,-3.485144,7.620912,2.710136
808,8.069172620773315,-3.344016,7.730944,2.903888
809,8.078316688537598,-3.521024,7.848152,3.064152
810,8.088355779647827,-3.836768,8.087352,3.21724
811,8.099183559417725,-4.121416,8.250008,3.176576
812,8.108340501785278,-4.238624,8.472464,3.06176
813,8.118374586105347,-4.099888,8.558576,3.102424
814,8.129127502441406,-3.925272,8.699704,3.18136
815,8.138339042663574,-3.621488,8.773856,3.243552
816,8.14837098121643,-3.458832,8.752328,3.32488
817,8.159118890762329,-3.389464,8.5514,3.341624
818,8.168342113494873,-3.454048,8.4318,3.446872
819,8.178424596786499,-3.688464,8.472464,3.501888
820,8.189112424850464,-3.750656,8.53944,3.470792
821,8.198382139205933,-3.709992,8.651864,3.4684
822,8.208379030227661,-3.57604,8.764288,3.544944
823,8.219066381454468,-3.406208,8.888672,3.712384
824,8.228389739990234,-3.176576,8.960432,3.55212
825,8.238407611846924,-2.961296,9.032192,3.662152
826,8.248990774154663,-2.700568,9.12548,3.705208
827,8.258281707763672,-2.490072,9.247472,3.769792
828,8.268360137939453,-2.159976,9.271392,3.645408
829,8.278791904449463,-2.073864,9.405344,3.836768
830,8.288356304168701,-1.954264,9.467536,3.678896
831,8.298517227172852,-1.80596,9.37664,3.530592
832,8.309120178222656,-1.81792,9.383816,3.614312
833,8.31915807723999,-1.636128,9.381424,3.872648
834,8.328391790390015,-1.609816,9.457968,4.01856
835,8.338958740234375,-1.430416,9.630192,4.171648
836,8.34834909439087,-1.3156,9.728264,4.164472
837,8.358292818069458,-1.210352,9.709128,4.303208
838,8.36912989616394,-1.08836,9.692384,4.690712
839,8.378363609313965,-0.162656,9.419696,3.389464
840,8.3884117603302,-0.186576,9.271392,2.79864
841,8.39892578125,-0.629096,9.479496,3.81524
842,8.40850567817688,-1.356264,10.30952,4.547192
843,8.418369054794312,-2.217384,10.864464,4.657224
844,8.429129838943481,-2.879968,10.802272,4.740944
845,8.438443422317505,-2.884752,10.26168,4.62852
846,8.448409080505371,-2.573792,9.414912,4.238624
847,8.458868265151978,-2.313064,8.544224,3.848728
848,8.468384265899658,-2.46376,8.082568,3.56408
849,8.478383541107178,-3.19332,8.003632,3.344016
850,8.489113330841064,-4.214704,8.21652,3.176576
851,8.498361587524414,-5.145192,8.40788,2.40396
852,8.50840711593628,-5.781464,8.123232,2.109744
853,8.518873691558838,-5.805384,7.51088,1.992536
854,8.52839708328247,-5.446584,6.891352,1.947088
855,8.538379907608032,-4.970576,6.448832,1.954264
856,8.54894495010376,-4.638088,6.4584,1.774864
857,8.558581829071045,-4.561544,6.692816,1.856192
858,8.568733930587769,-4.626128,7.15208,2.078648
859,8.578967571258545,-4.549584,7.441512,2.267616
860,8.588730812072754,-4.358224,7.61852,2.480504
861,8.598401308059692,-4.128592,7.7142,2.729272
862,8.60906720161438,-3.717168,7.864896,2.91824
863,8.618457555770874,-3.489928,8.003632,3.212456
864,8.628371238708496,-3.344016,8.183032,3.219632
865,8.639125347137451,-3.353584,8.352864,3.219632
866,8.648403644561768,-3.389464,8.470072,3.262688
867,8.658351421356201,-3.365544,8.5514,3.238768
868,8.668954610824585,-3.394248,8.697312,3.308136
869,8.678398132324219,-3.32488,8.733192,3.231592
870,8.688369989395142,-3.434912,8.8504,3.231592
871,8.699188947677612,-3.485144,8.914984,3.222024
872,8.708377838134766,-3.518632,8.86236,3.315312
873,8.718400001525879,-3.650192,8.733192,3.3488
874,8.729146003723145,-3.81524,8.671,3.544944
875,8.73874545097351,-3.65976,8.620768,3.820024
876,8.748264789581299,-3.609528,8.580104,3.686072
877,8.758920907974243,-3.25312,8.642296,3.894176
878,8.768397331237793,-3.083288,8.845616,3.999424
879,8.778374195098877,-2.951728,9.082424,3.977896
880,8.789140701293945,-2.829736,9.312056,3.942016
881,8.798355340957642,-2.590536,9.465144,4.0066
882,8.808346033096313,-2.327416,9.414912,4.087928
883,8.81910252571106,-2.126488,9.312056,4.035304
884,8.828356742858887,-1.999712,9.154184,4.013776
885,8.838370084762573,-2.042768,9.060896,3.812848
886,8.849128484725952,-2.131272,9.120696,3.750656
887,8.858317136764526,-2.234128,9.0298,3.588
888,8.868416786193848,-2.270008,9.084816,3.525808
889,8.87919569015503,-2.234128,9.0896,3.559296
890,8.888394594192505,-2.408744,9.111128,3.566472
891,8.898417234420776,-2.32024,9.271392,3.7674
892,8.90899658203125,-2.162368,9.402952,4.020952
893,8.918082237243652,-1.78204,9.55604,4.135768
894,8.928255081176758,-0.877864,9.225944,2.827344
895,8.9382905960083,-0.846768,9.039368,2.975648
896,8.948214769363403,-1.432808,9.218768,3.968328
897,8.95812463760376,-2.28436,9.634976,4.236232
898,8.969053506851196,-3.281824,9.91484,4.363008
899,8.978384494781494,-3.654976,9.922016,4.547192
900,8.988272905349731,-3.537768,9.570392,4.46108
901,8.998987197875977,-3.0498,8.912592,4.083144
902,9.008219242095947,-2.466152,8.173464,3.846336
903,9.018341541290283,-2.267616,7.58264,3.662152
904,9.029109716415405,-2.686216,7.656792,3.33684
905,9.038375616073608,-3.59996,8.099312,3.135912
906,9.048388242721558,-4.525664,8.496384,2.772328
907,9.059006690979004,-4.92752,8.493992,2.317848
908,9.068377494812012,-5.085392,8.099312,2.138448
909,9.078357934951782,-4.841408,7.477392,1.860976
910,9.089133262634277,-4.444336,7.147296,2.097784
911,9.098710536956787,-4.073576,6.991816,2.181504
912,9.108388900756836,-4.025736,7.209488,2.093
913,9.119124412536621,-4.011384,7.635264,2.29632
914,9.128357172012329,-4.059224,7.967752,2.585752
915,9.138372898101807,-3.956368,8.226088,2.767544
916,9.149093627929688,-3.645408,8.1926,2.934984
917,9.158324718475342,-3.351192,8.257184,3.260296
918,9.1683189868927,-3.178968,8.2524,3.657368
919,9.179103136062622,-3.1096,8.233264,3.757832
920,9.18833589553833,-3.226808,8.30024,3.834376
921,9.19831657409668,-3.418168,8.453328,3.650192
922,9.20910906791687,-3.57604,8.584888,3.614312
923,9.218332767486572,-3.824808,8.76668,3.561688
924,9.228348731994629,-4.035304,8.721232,3.466008
925,9.238898277282715,-4.104672,8.733192,3.399032
926,9.248410701751709,-4.116632,8.560968,3.31292
927,9.258259534835815,-4.104672,8.372,3.255512
928,9.269081592559814,-4.116632,8.340904,3.291392
929,9.27838945388794,-4.097496,8.233264,3.422952
930,9.288382053375244,-4.01856,8.314592,3.353584
931,9.29918098449707,-3.855904,8.36004,3.406208
932,9.308433771133423,-3.590392,8.52748,3.621488
933,9.31844687461853,-3.415776,8.726016,3.621488
934,9.329017400741577,-3.14548,8.836048,3.69564
935,9.33837080001831,-2.934984,8.924552,3.678896
936,9.348410606384277,-2.793856,8.972392,3.841552
937,9.35900592803955,-2.48768,8.99392,3.788928
938,9.368424892425537,-2.325024,9.051328,3.867864
939,9.378421306610107,-2.181504,9.166144,3.93484
940,9.389038324356079,-1.860976,9.240296,4.186
941,9.398329734802246,-1.624168,9.481888,4.382144
942,9.408331632614136,-1.325168,9.73544,4.456296
943,9.419002294540405,-1.17208,9.917232,4.71224
944,9.428391218185425,0.026312,9.81916,3.748264
945,9.438393592834473,-0.081328,9.644544,3.281824
946,9.449016571044922,-0.880256,9.718696,4.190784
947,9.458415508270264,-1.389752,9.701952,3.74348
948,9.46838927268982,-2.138448,9.697168,3.942016
949,9.47912049293518,-2.05712,9.814376,4.578288
950,9.48839521408081,-1.750944,9.85504,4.752904
951,9.49839735031128,-1.461512,9.541688,4.468256
952,9.509017944335938,-1.3156,9.111128,4.121416
953,9.518304347991943,-1.564368,8.70688,3.841552
954,9.528089761734009,-2.265224,8.606416,3.525808
955,9.538917779922485,-3.188536,8.520304,2.89432
956,9.548267364501953,-4.128592,8.565752,2.90628
957,9.558211088180542,-4.642872,8.434192,2.73884
958,9.569065809249878,-4.81988,8.051472,2.461368
959,9.578332424163818,-4.786392,7.453472,2.609672
960,9.588355302810669,-4.513704,7.073144,2.7508
961,9.59898066520691,-4.394104,6.908096,2.652728
962,9.608343362808228,-4.319952,7.02052,2.5714
963,9.618359804153442,-4.501744,7.326696,2.755584
964,9.629001140594482,-4.662008,7.625696,2.91824
965,9.638353109359741,-4.714632,7.852936,3.004352
966,9.64837908744812,-4.606992,7.788352,3.033056
967,9.658880472183228,-4.370184,7.652008,3.190928
968,9.668368101119995,-4.109456,7.740512,3.427736
969,9.678361177444458,-3.932448,7.90556,3.616704
970,9.689146041870117,-3.848728,8.10888,3.59996
971,9.69834852218628,-3.867864,8.226088,3.509064
972,9.70834493637085,-3.83916,8.30024,3.518632
973,9.71892499923706,-3.762616,8.257184,3.626272
974,9.728347539901733,-3.628664,8.326552,3.645408
975,9.73869276046753,-3.458832,8.367216,3.470792
976,9.74898076057434,-3.497104,8.525088,3.489928
977,9.75836706161499,-3.580824,8.649472,3.365544
978,9.768364191055298,-3.626272,8.654256,3.461224
979,9.779176712036133,-3.640624,8.582496,3.497104
980,9.788347721099854,-3.664544,8.52748,3.379896
981,9.798336505889893,-3.678896,8.46768,3.50428
982,9.809122562408447,-3.499496,8.58728,3.57604
983,9.818334341049194,-3.262688,8.723624,3.738696
984,9.828352928161621,-3.08568,8.771464,3.808064
985,9.838331937789917,-2.939768,8.8504,3.643016
986,9.848680257797241,-2.789072,8.89824,3.678896
987,9.858489990234375,-2.549872,8.936512,3.664544
988,9.869104623794556,-2.301104,8.972392,3.745872
989,9.878104209899902,-2.112136,8.950864,3.721952
990,9.88833498954773,-1.849016,8.989136,3.753048
991,9.899072408676147,-1.676792,9.178104,3.776968
992,9.908338069915771,-1.593072,9.300096,3.949192
993,9.918222904205322,-1.53088,9.49624,4.315168
994,9.929100513458252,-1.487824,9.745008,4.717024
995,9.938395977020264,-1.418456,9.957896,4.850976
996,9.948362588882446,-1.408888,9.96268,4.922736
997,9.959191799163818,-1.396928,9.993776,4.846192
998,9.968392133712769,-1.260584,9.90288,4.685928
999,9.97845196723938,-0.68172,9.12548,3.757832
1000,9.989109992980957,-0.997464,8.788208,4.319952
1001,9.998388051986694,-1.428024,8.926944,5.09496
1002,10.00836968421936,-2.28436,9.223552,4.525664
1003,10.019148826599121,-3.224416,9.553648,4.140552
1004,10.0283842086792,-3.530592,9.524944,3.705208
1005,10.038409948348999,-3.401424,9.036976,3.63584
1006,10.048936367034912,-3.128736,8.36004,3.537768
1007,10.058262825012207,-2.860832,7.817056,3.482752
1008,10.068350553512573,-2.875184,7.48696,3.164616
1009,10.079113245010376,-3.363152,7.632872,3.135912
1010,10.088350772857666,-4.121416,8.053864,3.018704
1011,10.098365783691406,-4.733768,8.185424,2.480504
1012,10.109140157699585,-4.980144,7.915128,2.274792
1013,10.119205474853516,-4.621344,7.441512,2.26044
1014,10.128353595733643,-4.001816,7.006168,2.327416
1015,10.138974666595459,-3.346408,6.860256,2.411136
1016,10.148279428482056,-3.006744,6.991816,2.765152
1017,10.158442735671997,-2.899104,7.4152,2.939768
1018,10.169084072113037,-3.147872,7.927088,3.01392
1019,10.178364515304565,-3.461224,8.185424,3.150264
1020,10.188394546508789,-3.580824,8.350472,3.315312
1021,10.198876142501831,-3.714776,8.381568,3.506672
1022,10.208351850509644,-3.7674,8.39592,3.609528
1023,10.21839714050293,-3.664544,8.39592,3.822416
1024,10.228333473205566,-3.686072,8.470072,3.891784
1025,10.238359689712524,-3.61192,8.517912,3.977896
1026,10.248349905014038,-3.738696,8.525088,3.968328
1027,10.258903741836548,-3.824808,8.522696,3.903744
1028,10.268709659576416,-3.980288,8.498776,3.975504
1029,10.278391122817993,-4.183608,8.424624,3.9468
1030,10.289077758789062,-4.190784,8.32416,4.020952
1031,10.298561334609985,-4.205136,8.302632,3.920488
1032,10.308512210845947,-4.121416,8.281104,3.903744
1033,10.319029331207275,-3.942016,8.302632,3.877432
1034,10.328382730484009,-3.91092,8.293064,3.903744
1035,10.338529348373413,-3.903744,8.33612,3.81524
1036,10.349104881286621,-3.662152,8.446152,3.793712
1037,10.358505964279175,-3.55212,8.56336,3.79132
1038,10.368474245071411,-3.303352,8.637512,3.855904
1039,10.378995656967163,-3.159832,8.740368,3.93484
1040,10.388392448425293,-2.868008,8.81452,3.865472
1041,10.398477554321289,-2.707744,8.871928,3.74348
1042,10.409029006958008,-2.423096,8.965216,3.772184
1043,10.41852855682373,-2.3322,8.972392,3.894176
1044,10.428536891937256,-1.978184,9.008272,3.800888
1045,10.439036846160889,-1.827488,9.025016,3.841552
1046,10.448431968688965,-1.667224,9.015448,3.822416
1047,10.458476543426514,-1.573936,9.091992,3.889392
1048,10.468992710113525,-1.657656,9.111128,3.949192
1049,10.47882080078125,-1.616992,9.249864,3.887
1050,10.488794088363647,-1.679184,9.426872,4.49696
1051,10.499178171157837,-0.4784,9.276176,3.155048
1052,10.50843334197998,-0.959192,9.261824,3.38468
1053,10.518515348434448,-1.526096,9.467536,4.279288
1054,10.529045581817627,-2.22456,9.517768,3.63584
1055,10.539038896560669,-3.06176,9.575176,3.965936
1056,10.5483717918396,-3.245944,9.501024,4.284072
1057,10.559159517288208,-3.052192,9.22116,4.322344
1058,10.569206714630127,-2.875184,8.800168,3.95876
1059,10.578752994537354,-2.791464,8.398312,3.712384
1060,10.589174270629883,-2.982824,7.994064,3.530592
1061,10.598490715026855,-3.379896,7.948616,3.329664
1062,10.608457803726196,-3.894176,8.0132,3.023488
1063,10.619173765182495,-4.420416,8.029944,2.724488
1064,10.628467559814453,-4.8438,8.06104,3.071328
1065,10.6384916305542,-4.803136,7.96536,3.150264
1066,10.649028062820435,-4.606992,7.656792,2.887144
1067,10.658460140228271,-4.119024,7.396064,2.760368
1068,10.668389797210693,-3.700424,7.173608,2.592928
1069,10.67915654182434,-3.559296,7.166432,2.48768
1070,10.68842339515686,-3.68368,7.472608,2.518776
1071,10.698508501052856,-3.906136,7.879248,2.765152
1072,10.709142684936523,-4.087928,8.281104,3.12156
1073,10.719212532043457,-4.205136,8.388744,3.107208
1074,10.728404521942139,-4.09032,8.245224,3.116776
1075,10.739123821258545,-3.86308,8.111272,3.45644
1076,10.748367547988892,-3.499496,8.163896,3.67172
1077,10.75823426246643,-3.27704,8.319376,3.882216
1078,10.76897406578064,-3.178968,8.364824,3.762616
1079,10.778494596481323,-3.32488,8.5514,3.65976
1080,10.788405418395996,-3.590392,8.704488,3.788928
1081,10.799139738082886,-3.884608,8.807344,3.753048
1082,10.808379173278809,-4.159688,8.630336,3.607136
1083,10.818496227264404,-4.331912,8.505952,3.686072
1084,10.829041957855225,-4.37736,8.38396,3.705208
1085,10.838453769683838,-4.147728,8.357648,3.726736
1086,10.848436832427979,-4.023344,8.266752,3.561688
1087,10.858943939208984,-3.867864,8.3122,3.652584
1088,10.868398904800415,-3.729128,8.369608,3.753048
1089,10.878231048583984,-3.602352,8.522696,3.631056
1090,10.888934850692749,-3.537768,8.627944,3.69564
1091,10.898087501525879,-3.4684,8.675784,3.774576
1092,10.908406496047974,-3.281824,8.75472,3.834376
1093,10.91890549659729,-3.0498,8.773856,3.91092
1094,10.92838191986084,-2.803424,8.773856,3.930056
1095,10.938404560089111,-2.628808,8.883888,4.016168
1096,10.94916582107544,-2.456584,9.123088,4.040088
1097,10.958386182785034,-2.210208,9.3288,4.291248
1098,10.968445777893066,-1.892072,9.563216,4.542408
1099,10.979165077209473,-1.396928,9.654112,4.791176
1100,10.988442420959473,-1.191216,9.778496,4.85576
1101,10.998464584350586,-1.224704,9.867,5.984784
1102,11.008845567703247,0.45448,9.634976,4.38932
1103,11.018402814865112,-0.193752,9.625408,4.573504
1104,11.028332710266113,-1.32756,10.087064,5.886712
1105,11.038981676101685,-2.17672,10.33344,4.595032
1106,11.04841661453247,-3.32488,10.362144,4.32952
1107,11.058351516723633,-3.272256,10.144472,4.798352
1108,11.069080352783203,-2.48768,9.613448,4.518488
1109,11.07837963104248,-1.911208,8.941296,4.15012
1110,11.088378429412842,-1.396928,8.22848,3.903744
1111,11.099111080169678,-1.454336,7.656792,3.810456
1112,11.108367681503296,-1.994928,7.656792,3.255512
1113,11.118372440338135,-3.140696,7.836192,2.820168
1114,11.12914252281189,-4.348656,8.178248,3.164616
1115,11.138352394104004,-4.910776,8.261968,2.841696
1116,11.148407697677612,-5.173896,7.824232,2.784288
1117,11.15908145904541,-4.803136,7.28364,2.961296
1118,11.168385028839111,-4.358224,6.652152,2.652728
1119,11.178385257720947,-4.104672,6.274216,2.250872
1120,11.189086437225342,-3.927664,6.3986,2.174328
1121,11.198386907577515,-3.908528,6.884176,2.298712
1122,11.208243608474731,-3.753048,7.424768,2.5714
1123,11.219139575958252,-3.61192,7.675928,2.674256
1124,11.228376626968384,-3.164616,7.716592,2.944552
1125,11.238389492034912,-2.676648,7.718984,3.20528
1126,11.249110460281372,-2.468544,7.814664,3.442088
1127,11.258403301239014,-2.612064,8.015592,3.628664
1128,11.268389463424683,-2.946944,8.26436,3.834376
1129,11.279149293899536,-3.466008,8.417448,3.793712
1130,11.288420915603638,-3.79132,8.482032,3.796104
1131,11.298704862594604,-4.087928,8.58728,3.906136
1132,11.309107542037964,-4.080752,8.460504,3.85112
1133,11.318707466125488,-4.047264,8.32416,3.989856
1134,11.328392028808594,-4.008992,8.245224,3.973112
1135,11.339154243469238,-3.992248,8.24044,3.918096
1136,11.348391771316528,-3.977896,8.202168,3.91092
1137,11.358378887176514,-3.963544,8.183032,3.781752
1138,11.369086980819702,-3.989856,8.14476,3.846336
1139,11.378382444381714,-4.0664,8.173464,3.858296
1140,11.388389110565186,-4.085536,8.22848,3.908528
1141,11.398905992507935,-4.025736,8.309808,3.932448
1142,11.40855073928833,-3.901352,8.374392,3.992248
1143,11.418420791625977,-3.700424,8.474856,4.04248
1144,11.42893671989441,-3.437304,8.546616,4.20992
1145,11.438386917114258,-3.298568,8.644688,4.444336
1146,11.448690414428711,-2.994784,8.848008,4.719416
1147,11.459136724472046,-2.676648,9.036976,4.779216
1148,11.468353033065796,-2.301104,9.216376,4.841408
1149,11.478382110595703,-1.77008,9.371856,4.853368
1150,11.489140748977661,-1.176864,9.625408,4.87968
1151,11.498381853103638,-0.569296,9.90288,4.894032
1152,11.508383512496948,0.08372,10.194704,4.913168
1153,11.519049406051636,1.042912,10.54872,5.367648
1154,11.528342485427856,2.20064,10.266464,4.142944
1155,11.53835654258728,1.6146,10.3454,5.078216
1156,11.549124717712402,0.875472,10.47696,5.377216
1157,11.558374166488647,-0.330096,10.299952,4.606992
1158,11.568375587463379,-1.301248,10.276032,4.994496
1159,11.579083442687988,-1.368224,10.216232,5.054296
1160,11.588380098342896,-1.093144,9.867,4.705064
1161,11.59836745262146,-0.966368,9.407736,4.145336
1162,11.608839988708496,-1.071616,8.81452,4.061616
1163,11.618422269821167,-1.652872,8.462896,3.87504
1164,11.628700256347656,-2.66708,8.46768,3.442088
1165,11.639042615890503,-4.037696,8.560968,3.274648
1166,11.648390531539917,-5.10692,8.601632,3.174184
1167,11.658384561538696,-5.666648,8.403096,2.784288
1168,11.669128656387329,-5.822128,7.711808,2.612064
1169,11.678375482559204,-5.702528,6.920056,2.662296
1170,11.688356161117554,-5.508776,6.293352,2.485288
1171,11.699140787124634,-5.372432,6.07568,2.231736
1172,11.708406925201416,-5.527912,6.348368,2.313064
1173,11.718518257141113,-5.618808,6.85308,2.528344
1174,11.729103803634644,-5.709704,7.290816,2.827344
1175,11.738388299942017,-5.482464,7.460648,2.853656
1176,11.748385429382324,-5.032768,7.384104,3.15744
1177,11.758970975875854,-4.487392,7.348224,3.461224
1178,11.7683846950531,-4.05444,7.405632,3.652584
1179,11.778366804122925,-3.798496,7.563504,3.712384
1180,11.789146661758423,-3.7674,7.90556,3.753048
1181,11.798408269882202,-3.843944,8.22848,3.79132
1182,11.80824089050293,-3.846336,8.462896,3.633448
1183,11.819067478179932,-4.028128,8.632728,3.73152
1184,11.828352212905884,-3.987464,8.776248,3.836768
1185,11.838377952575684,-3.920488,8.704488,3.796104
1186,11.849111080169678,-3.894176,8.625552,3.7674
1187,11.858344554901123,-3.824808,8.608808,3.915704
1188,11.86825680732727,-3.963544,8.613592,3.92288
1189,11.878990888595581,-4.008992,8.618376,3.965936
1190,11.888367891311646,-3.927664,8.594456,4.008992
1191,11.898380279541016,-3.700424,8.68296,4.004208
1192,11.909153938293457,-3.566472,8.53944,4.083144
1193,11.918355941772461,-3.351192,8.601632,4.188392
1194,11.92841124534607,-3.13352,8.714056,4.322344
1195,11.939187288284302,-2.781896,8.831264,4.408456
1196,11.948399305343628,-2.468544,9.144616,4.394104
1197,11.958412885665894,-2.138448,9.276176,4.312776
1198,11.969157934188843,-1.875328,9.465144,4.255368
1199,11.978373050689697,-1.600248,9.611056,4.20992
1200,11.988365888595581,-1.325168,9.60388,4.231448
1201,11.998384714126587,-1.030952,9.644544,4.422808
1202,12.00821042060852,-0.688896,9.835904,4.626128
1203,12.018336534500122,-0.40664,9.977032,4.874896
1204,12.029100179672241,-0.260728,10.075104,4.79596
1205,12.03838324546814,-0.373152,9.965072,5.116488
1206,12.048399925231934,0.136344,9.644544,4.264936
1207,12.059094667434692,0.19136,9.25704,3.68368
1208,12.068410873413086,-0.299,9.084816,4.07836
1209,12.078452587127686,-0.92092,9.599096,4.707456
1210,12.088405132293701,-1.600248,10.221016,4.40128
1211,12.098446607589722,-2.054728,10.455432,4.391712
1212,12.108421802520752,-1.999712,10.192312,4.609384
1213,12.118218898773193,-1.616992,9.716304,4.606992
1214,12.128384590148926,-1.322776,8.97,4.372576
1215,12.138370752334595,-1.495,8.305024,4.032912
1216,12.149156332015991,-2.107352,7.972536,3.705208
1217,12.15838098526001,-3.250728,8.283496,3.705208
1218,12.168384075164795,-4.386928,8.472464,3.100032
1219,12.179183959960938,-5.410704,8.302632,2.5116
1220,12.188372135162354,-6.05176,7.82184,2.313064
1221,12.198371171951294,-6.295744,7.077928,2.183896
1222,12.208958625793457,-6.011096,6.491888,2.073864
1223,12.218415021896362,-5.563792,6.176144,1.90164
1224,12.228331565856934,-5.07104,6.357936,2.329808
1225,12.239128351211548,-4.693104,6.802848,2.72688
1226,12.248357057571411,-4.31756,7.264504,2.89432
1227,12.258416652679443,-4.047264,7.520448,3.08568
1228,12.268418550491333,-3.666936,7.656792,3.188536
1229,12.278463125228882,-3.437304,7.73812,3.413384
1230,12.28839111328125,-3.367936,7.764432,3.669328
1231,12.298915147781372,-3.375112,7.984496,3.87504
1232,12.308427333831787,-3.463616,8.185424,3.753048
1233,12.318440675735474,-3.559296,8.34808,3.729128
1234,12.329033613204956,-3.824808,8.520304,3.537768
1235,12.33854866027832,-4.059224,8.685352,3.681288
1236,12.348493099212646,-4.040088,8.68296,3.592784
1237,12.359190464019775,-3.944408,8.541832,3.530592
1238,12.368474006652832,-3.944408,8.38396,3.544944
1239,12.37855315208435,-3.915704,8.486816,3.712384
1240,12.389232158660889,-3.774576,8.458112,3.74348
1241,12.398491382598877,-3.681288,8.4916,3.621488
1242,12.40843677520752,-3.628664,8.505952,3.5282
1243,12.419132947921753,-3.638232,8.56336,3.616704
1244,12.42843747138977,-3.7674,8.69492,3.906136
1245,12.43833303451538,-3.616704,8.76668,4.05444
1246,12.449145078659058,-3.466008,8.836048,4.16208
1247,12.458403825759888,-3.317704,8.991528,4.176432
1248,12.468773603439331,-2.96608,9.044152,4.358224
1249,12.479195594787598,-2.597712,9.072856,4.296032
1250,12.488397121429443,-2.171936,9.187672,4.236232
1251,12.498503684997559,-1.851408,9.249864,4.286464
1252,12.509038925170898,-1.672008,9.338368,4.331912
1253,12.518402338027954,-1.528488,9.577568,4.355832
1254,12.528259754180908,-1.478256,9.740224,4.506528
1255,12.539164781570435,-1.298856,9.87896,4.599816
1256,12.548383474349976,-1.071616,9.823944,4.836624
1257,12.558748006820679,-0.727168,9.692384,4.803136
1258,12.569163799285889,-0.57408,9.608664,4.834232
1259,12.57841682434082,-0.279864,9.534512,4.9036
1260,12.58873724937439,0.578864,9.269,3.532984
1261,12.599016666412354,0.212888,9.213984,3.296176
1262,12.608415126800537,-0.440128,9.515376,4.384536
1263,12.618399381637573,-1.167296,10.067928,4.22188
1264,12.629220485687256,-2.059512,10.409984,4.130984
1265,12.639207601547241,-2.265224,10.409984,4.075968
1266,12.648438453674316,-2.119312,9.933976,4.10228
1267,12.659079790115356,-1.75812,9.321624,4.16208
1268,12.669220447540283,-1.437592,8.59924,3.973112
1269,12.678473234176636,-1.784432,8.137584,4.130984
1270,12.689169645309448,-2.413528,8.218912,4.145336
1271,12.698498249053955,-3.48036,8.537048,3.466008
1272,12.708500146865845,-4.731376,8.661432,3.009136
1273,12.719011545181274,-5.59728,8.2524,2.432664
1274,12.72924518585205,-6.2192,7.637656,2.136056
1275,12.738401174545288,-6.441656,6.967896,1.894464
1276,12.749189853668213,-6.4584,6.597136,2.10496
1277,12.758309602737427,-6.24312,6.49428,2.392
1278,12.768459558486938,-5.9202,6.630624,2.506816
1279,12.779194593429565,-5.582928,6.692816,2.688608
1280,12.788490295410156,-5.295888,6.857864,2.934984
1281,12.798494100570679,-4.846192,7.125768,3.14548
1282,12.809045314788818,-4.465864,7.27168,3.286608
1283,12.818610429763794,-4.238624,7.405632,3.449264
1284,12.828404903411865,-4.037696,7.663968,3.57604
1285,12.83899974822998,-4.040088,7.9534,3.643016
1286,12.848500967025757,-3.944408,8.206952,3.7674
1287,12.858305215835571,-4.128592,8.376784,3.693248
1288,12.869157791137695,-4.279288,8.594456,3.820024
1289,12.878472328186035,-4.205136,8.62316,3.678896
1290,12.888381719589233,-4.166864,8.558576,3.50428
1291,12.899123430252075,-4.07836,8.470072,3.65976
1292,12.9082670211792,-3.953976,8.472464,3.83916
1293,12.91808795928955,-3.848728,8.38396,3.846336
1294,12.92895221710205,-3.786536,8.381568,3.87504
1295,12.938374996185303,-3.858296,8.314592,3.953976
1296,12.94839859008789,-3.855904,8.273928,4.004208
1297,12.959086179733276,-3.87504,8.36004,4.11424
1298,12.968404531478882,-3.592784,8.429408,4.09032
1299,12.978342533111572,-3.257904,8.625552,4.140552
1300,12.989112377166748,-2.856048,8.93412,4.080752
1301,12.998458862304688,-2.418312,9.135048,4.068792
1302,13.008442163467407,-2.148016,9.278568,4.092712
1303,13.019180297851562,-1.700712,9.379032,4.190784
1304,13.028428792953491,-1.437592,9.30488,4.327128
1305,13.038495063781738,-1.258192,9.40056,4.441944
1306,13.049164772033691,-1.11228,9.393384,4.523272
1307,13.058512210845947,-1.04052,9.402952,4.705064
1308,13.068486452102661,-1.026168,9.486672,4.79596
1309,13.079160928726196,-1.152944,9.701952,4.810312
1310,13.088432550430298,-0.851552,9.828728,5.054296
1311,13.098461389541626,0.093288,9.393384,3.509064
1312,13.109106063842773,-0.399464,9.187672,3.566472
1313,13.118448734283447,-0.978328,9.290528,4.195568
1314,13.12868046760559,-1.528488,9.25704,3.45644
1315,13.138370752334595,-2.222168,9.297704,3.59996
1316,13.148483037948608,-2.018848,9.290528,3.717168
1317,13.158459424972534,-1.595464,9.211592,3.399032
1318,13.169142484664917,-1.29168,8.965216,3.188536
1319,13.17849063873291,-1.133808,8.65904,3.377504
1320,13.188404560089111,-1.485432,8.386352,3.633448
1321,13.19915246963501,-2.305888,8.367216,3.616704
1322,13.208476781845093,-3.4684,8.592064,3.485144
1323,13.218486547470093,-4.489784,8.63512,3.257904
1324,13.229140281677246,-5.267184,8.613592,2.999568
1325,13.238528728485107,-5.69296,8.410272,3.092856
1326,13.248472452163696,-5.685784,7.984496,3.401424
1327,13.25911259651184,-5.508776,7.446296,3.49232
1328,13.26845383644104,-5.209776,7.070752,3.511456
1329,13.278480291366577,-5.087784,6.867432,3.391856
1330,13.28914189338684,-5.291104,6.943976,3.116776
1331,13.298480987548828,-5.559008,7.085104,2.9302
1332,13.308440923690796,-5.575752,7.31952,2.889536
1333,13.319132328033447,-5.721664,7.553936,3.040232
1334,13.328754186630249,-5.590104,7.721376,3.245944
1335,13.338588237762451,-5.193032,7.852936,3.358368
1336,13.348976612091064,-4.791176,7.903168,3.439696
1337,13.35848593711853,-4.384536,8.073,3.614312
1338,13.368461608886719,-4.111848,8.151936,3.590392
1339,13.378964185714722,-3.925272,8.345688,3.650192
1340,13.388465642929077,-3.930056,8.510736,3.712384
1341,13.39833378791809,-3.786536,8.525088,3.547336
1342,13.4091477394104,-3.855904,8.510736,3.654976
1343,13.418407201766968,-3.889392,8.589672,3.85112
1344,13.4284827709198,-3.944408,8.668608,3.858296
1345,13.439149618148804,-3.867864,8.630336,3.784144
1346,13.448445796966553,-3.887,8.687744,3.8272
1347,13.45849871635437,-3.92288,8.685352,3.81524
1348,13.469154596328735,-4.07836,8.642296,3.872648
1349,13.478505611419678,-4.248192,8.51552,3.908528
1350,13.488415241241455,-4.23384,8.34808,3.75544
1351,13.499144077301025,-4.097496,8.202168,3.774576
1352,13.508327960968018,-3.87504,8.21652,3.769792
1353,13.518531560897827,-3.446872,8.32416,3.829592
1354,13.529232263565063,-2.934984,8.56336,3.793712
1355,13.538524627685547,-2.5116,8.938904,3.817632
1356,13.548404455184937,-2.112136,9.130264,3.860688
1357,13.559134483337402,-1.834664,9.235512,3.961152
1358,13.56847071647644,-1.600248,9.3886,4.11424
1359,13.578508615493774,-1.229488,9.553648,4.315168
1360,13.589115619659424,-0.913744,9.670856,4.427592
1361,13.598414421081543,-0.440128,9.637368,4.678752
1362,13.608428239822388,-0.255944,9.52016,4.518488
1363,13.6192786693573,0.09568,9.498632,4.707456
1364,13.628408670425415,0.614744,9.166144,3.554512
1365,13.638387680053711,-0.13156,9.027408,3.865472
1366,13.649012565612793,-0.629096,9.295312,4.195568
1367,13.658381223678589,-1.313208,9.55604,3.501888
1368,13.668445110321045,-1.9136,9.802416,3.463616
1369,13.679124593734741,-1.846624,9.670856,3.588
1370,13.688454866409302,-1.538056,9.367072,3.413384
1371,13.698509216308594,-1.16012,8.804952,3.188536
1372,13.709031581878662,-1.057264,8.209344,3.164616
1373,13.71824598312378,-1.406496,8.041904,3.068936
1374,13.728462934494019,-2.370472,8.171072,2.982824
1375,13.739119052886963,-3.626272,8.441368,2.925416
1376,13.748444318771362,-4.769648,8.68296,2.645552
1377,13.75848913192749,-5.666648,8.498776,2.549872
1378,13.769133806228638,-5.9202,8.113664,2.600104
1379,13.778493881225586,-5.774288,7.745296,2.96608
1380,13.788474559783936,-5.338944,7.441512,3.150264
1381,13.799124956130981,-5.126056,7.39128,3.389464
1382,13.808474063873291,-5.085392,7.419984,3.463616
1383,13.818467378616333,-5.224128,7.58264,3.320096
1384,13.829084634780884,-5.439408,7.752472,3.389464
1385,13.83870530128479,-5.762328,7.864896,3.44448
1386,13.848276376724243,-5.94412,7.876856,3.619096
1387,13.85904312133789,-5.8604,7.697456,3.87504
1388,13.868475914001465,-5.559008,7.601776,3.820024
1389,13.878544330596924,-5.293496,7.740512,3.920488
1390,13.889174461364746,-5.01124,7.864896,3.7076
1391,13.898542404174805,-4.872504,8.041904,3.698032
1392,13.908421993255615,-4.64048,8.065824,3.788928
1393,13.91895055770874,-4.3654,8.151936,3.6478
1394,13.928292512893677,-4.272112,8.271536,3.643016
1395,13.938163042068481,-4.109456,8.331336,3.554512
1396,13.949017763137817,-4.013776,8.410272,3.463616
1397,13.95824670791626,-4.10228,8.39592,3.387072
1398,13.96823239326477,-4.16208,8.58728,3.4684
1399,13.979077339172363,-4.09032,8.716448,3.645408
1400,13.988345861434937,-4.140552,8.848008,3.889392
1401,13.998366355895996,-4.013776,8.864752,3.855904
1402,14.00905728340149,-3.77936,8.716448,3.638232
1403,14.018383026123047,-3.559296,8.529872,3.674112
1404,14.02839469909668,-3.08568,8.41984,3.463616
1405,14.038757562637329,-2.71492,8.40788,3.537768
1406,14.048341274261475,-2.262832,8.556184,3.609528
1407,14.058141469955444,-1.813136,8.845616,3.79132
1408,14.069050550460815,-1.502176,9.216376,3.944408
1409,14.078399181365967,-1.191216,9.407736,3.889392
1410,14.088416576385498,-1.050088,9.469928,4.020952
1411,14.09908151626587,-0.736736,9.646936,4.193176
1412,14.108458280563354,-0.291824,9.802416,4.638088
1413,14.118455648422241,0.224848,9.933976,4.776824
1414,14.129094123840332,0.583648,10.05836,4.726592
1415,14.138731479644775,0.739128,10.039224,4.992104
1416,14.14841604232788,1.54284,9.608664,3.865472
1417,14.158974647521973,0.8372,9.30488,3.645408
1418,14.168458461761475,-0.232024,9.577568,4.685928
1419,14.178452253341675,-0.930488,9.871784,4.145336
1420,14.188981294631958,-1.822704,10.254504,4.121416
1421,14.19838285446167,-2.042768,10.419552,4.408456
1422,14.208427667617798,-1.648088,10.032048,4.128592
1423,14.218997955322266,-1.373008,9.453184,4.028128
1424,14.228317975997925,-1.468688,8.926944,3.798496
1425,14.2384512424469,-2.018848,8.517912,3.714776
1426,14.248988389968872,-3.116776,8.436584,3.55212
1427,14.258420705795288,-4.396496,8.450936,3.322488
1428,14.268349170684814,-5.702528,8.273928,2.975648
1429,14.279090642929077,-6.599528,7.855328,2.731664
1430,14.288409948348999,-6.929624,7.309952,2.592928
1431,14.298487901687622,-6.848296,6.582784,2.360904
1432,14.308986902236938,-6.420128,6.25508,2.442232
1433,14.318519115447998,-5.862792,6.286176,2.674256
1434,14.328463792800903,-5.496816,6.640192,2.741232
1435,14.33905553817749,-5.267184,7.025304,3.040232
1436,14.348468780517578,-5.114096,7.436728,3.245944
1437,14.358516693115234,-5.037552,7.668752,3.367936
1438,14.369052648544312,-4.846192,7.687888,3.652584
1439,14.378495454788208,-4.671576,7.735728,3.542552
1440,14.388407945632935,-4.444336,7.805096,3.640624
1441,14.399075746536255,-4.284072,7.85772,3.595176
1442,14.408458948135376,-4.128592,8.041904,3.810456
1443,14.418498754501343,-3.915704,8.159112,3.71956
1444,14.429046154022217,-3.896568,8.218912,3.654976
1445,14.438478469848633,-3.968328,8.333728,3.657368
1446,14.448724508285522,-4.15012,8.493992,3.74348
1447,14.458476305007935,-4.312776,8.568144,3.726736
1448,14.468470335006714,-4.286464,8.570536,3.772184
1449,14.478487014770508,-4.183608,8.458112,3.68368
1450,14.4891676902771,-3.987464,8.369608,3.80328
1451,14.498480319976807,-3.81524,8.331336,3.949192
1452,14.508423328399658,-3.757832,8.374392,3.810456
1453,14.518970012664795,-3.674112,8.434192,3.944408
1454,14.528424978256226,-3.628664,8.606416,3.83916
1455,14.538403272628784,-3.341624,8.671,3.877432
1456,14.548966407775879,-3.131128,8.87432,4.092712
1457,14.558384418487549,-2.743624,9.11352,4.181216
1458,14.56843090057373,-2.41592,9.309664,4.140552
1459,14.579113245010376,-2.119312,9.25704,4.28168
1460,14.588415384292603,-1.652872,9.254648,4.13816
1461,14.598519086837769,-1.332344,9.254648,4.238624
1462,14.608924865722656,-0.99268,9.359896,4.250584
1463,14.61919093132019,-0.865904,9.709128,4.504136
1464,14.6284339427948,-0.772616,10.077496,4.738552
1465,14.639153003692627,-0.614744,10.151648,4.733768
1466,14.648709297180176,-0.64584,10.055968,4.920344
1467,14.658456087112427,-0.052624,9.4484,3.86308
1468,14.669176816940308,0.009568,8.666216,3.178968
1469,14.678519487380981,-0.516672,8.71884,4.0664
1470,14.688366889953613,-0.971152,9.333584,4.422808
1471,14.699148893356323,-1.774864,9.907664,3.953976
1472,14.708412170410156,-2.329808,10.256896,4.068792
1473,14.718507766723633,-2.23652,10.134904,4.470648
1474,14.729182720184326,-1.860976,9.740224,4.647656
1475,14.73915696144104,-1.373008,9.225944,4.475432
1476,14.748418807983398,-1.294072,8.781032,4.70028
1477,14.758705377578735,-1.738984,8.532264,5.068648
1478,14.768423318862915,-2.624024,8.721232,5.22652
1479,14.778402328491211,-3.401424,8.907808,4.195568
1480,14.789138078689575,-4.374968,8.65904,4.04248
1481,14.798441171646118,-4.707456,8.307416,3.848728
1482,14.808399438858032,-5.075824,7.69028,3.12156
1483,14.81836462020874,-5.338944,7.321912,2.884752
1484,14.828406810760498,-5.58532,7.317128,2.9302
1485,14.838458776473999,-5.83648,7.348224,2.8106
1486,14.849202871322632,-5.865184,7.357792,2.545088
1487,14.85851001739502,-5.771896,7.31952,2.509208
1488,14.868443489074707,-5.389176,7.195136,2.549872
1489,14.878238916397095,-4.829448,7.254936,2.647944
1490,14.888127088546753,-4.434768,7.345832,2.95412
1491,14.898481369018555,-4.178824,7.443904,3.15744
1492,14.909131526947021,-4.241016,7.49892,3.210064
1493,14.91808032989502,-4.272112,7.508488,3.291392
1494,14.928079843521118,-4.422808,7.625696,3.501888
1495,14.938024759292603,-4.355832,7.64244,3.50428
1496,14.948412656784058,-4.229056,7.565896,3.640624
1497,14.958497285842896,-4.068792,7.635264,3.700424
1498,14.969033241271973,-3.817632,7.709416,3.693248
1499,14.978450059890747,-3.829592,7.891208,3.461224
1500,14.988493204116821,-3.901352,7.994064,3.726736
1501,14.999243021011353,-4.05444,8.125624,3.68368
