//Date Created 2022-12-09 13:10:55.757714
"//Units: sec, m/s/s"
Action,pouring
SampleRate,100.0
Frames#,Time,AccX,AccY,AccZ
1,3.5762786865234375e-06,-5.171504,7.879248,1.317992
2,0.0037832260131835938,-5.188248,7.850544,1.349088
3,0.01316380500793457,-5.147584,7.843368,1.332344
4,0.022991180419921875,-5.159544,7.884032,1.322776
5,0.03365468978881836,-5.17868,7.9534,1.215136
6,0.04299521446228027,-5.197816,7.982104,1.310816
7,0.05295085906982422,-5.164328,8.051472,1.270152
8,0.06370925903320312,-5.169112,8.06104,1.253408
9,0.07302331924438477,-5.219344,8.068216,1.272544
10,0.08307957649230957,-5.145192,8.094528,1.320384
11,0.09369230270385742,-5.032768,8.128016,1.334736
12,0.10344743728637695,-5.01124,8.10888,1.382576
13,0.11345076560974121,-4.994496,8.166288,1.301248
14,0.12354922294616699,-5.075824,8.12084,1.241448
15,0.1334686279296875,-5.018416,8.175856,1.2558
16,0.1431119441986084,-5.152368,8.206952,1.239056
17,0.15306782722473145,-5.243264,8.22848,1.289288
18,0.16353797912597656,-5.338944,8.214128,1.394536
19,0.17324233055114746,-5.410704,8.18064,1.406496
20,0.18363475799560547,-5.413096,8.16868,1.298856
21,0.19315052032470703,-5.45376,8.073,1.353872
22,0.20351505279541016,-5.33416,8.077784,1.358656
23,0.21360111236572266,-5.2624,7.972536,1.425632
24,0.22296738624572754,-5.1428,7.97732,1.454336
25,0.23311805725097656,-5.018416,7.943832,1.509352
26,0.24375224113464355,-5.006456,7.97732,1.54284
27,0.2534780502319336,-4.925128,7.991672,1.50696
28,0.26297616958618164,-5.111704,8.017984,1.600248
29,0.27367663383483887,-5.279144,8.149544,1.56676
30,0.2834041118621826,-5.437016,8.104096,1.492608
31,0.29339098930358887,-5.415488,8.04908,1.432808
32,0.3036501407623291,-5.391568,7.903168,1.53088
33,0.3130371570587158,-5.216952,7.805096,1.619384
34,0.32294654846191406,-5.063864,7.778784,1.564368
35,0.33351635932922363,-5.092568,7.740512,1.636128
36,0.3434474468231201,-5.027984,7.685496,1.509352
37,0.3534843921661377,-5.073432,7.709416,1.588288
38,0.3636643886566162,-5.140408,7.769216,1.504568
39,0.3733863830566406,-5.078216,7.79792,1.504568
40,0.3833944797515869,-5.183464,7.879248,1.576328
41,0.39354848861694336,-5.216952,7.888816,1.600248
42,0.4034602642059326,-5.271968,7.955792,1.559584
43,0.4134213924407959,-5.293496,8.06104,1.490216
44,0.4235384464263916,-5.377216,8.044296,1.425632
45,0.43356966972351074,-5.410704,8.027552,1.473472
46,0.44345521926879883,-5.386784,8.03712,1.487824
47,0.45354557037353516,-5.413096,7.946224,1.588288
48,0.4634819030761719,-5.300672,7.94144,1.583504
49,0.47306346893310547,-5.257616,7.826624,1.672008
50,0.48329806327819824,-5.276752,7.757256,1.648088
51,0.4934122562408447,-5.329376,7.704632,1.681576
52,0.5029771327972412,-5.37004,7.632872,1.628952
53,0.5136673450469971,-5.29828,7.73812,1.896856
54,0.5234334468841553,-5.157152,7.663968,1.8538
55,0.5329453945159912,-5.066256,7.704632,1.851408
56,0.5436341762542725,-5.016024,7.752472,1.6744
57,0.5534708499908447,-5.10692,7.75008,1.717456
58,0.5634982585906982,-5.252832,7.836192,1.808352
59,0.5738675594329834,-5.295888,7.85772,1.74616
60,0.5835084915161133,-5.360472,7.759648,1.748552
61,0.5934925079345703,-5.40592,7.711808,1.691144
62,0.6037282943725586,-5.348512,7.608952,1.707888
63,0.6132309436798096,-5.22652,7.716592,1.731808
64,0.6231863498687744,-5.22652,7.72616,1.65048
65,0.6337716579437256,-5.326984,7.740512,1.655264
66,0.6431448459625244,-5.39396,7.740512,1.82988
67,0.6535098552703857,-5.420272,7.647224,1.870544
68,0.6636033058166504,-5.42984,7.563504,2.066688
69,0.6735289096832275,-5.422664,7.60656,2.028416
70,0.6831135749816895,-5.410704,7.652008,2.054728
71,0.6936113834381104,-5.362864,7.704632,2.028416
72,0.7035629749298096,-5.288712,7.723768,2.054728
73,0.7131390571594238,-5.331768,7.728552,1.98536
74,0.7236356735229492,-5.480072,7.70224,2.183896
75,0.7335455417633057,-5.413096,7.661576,2.06908
76,0.743541955947876,-5.341336,7.61852,1.963832
77,0.7536332607269287,-5.28632,7.601776,2.026024
78,0.7631392478942871,-5.291104,7.733336,2.186288
79,0.7735307216644287,-5.271968,7.67832,2.167152
80,0.7836356163024902,-5.29828,7.711808,2.267616
81,0.7935678958892822,-5.42984,7.613736,2.253264
82,0.803386926651001,-5.515952,7.520448,2.322632
83,0.8137369155883789,-5.618808,7.644832,2.32024
84,0.8234972953796387,-5.683392,7.687888,2.305888
85,0.8334932327270508,-5.575752,7.699848,2.238912
86,0.8436141014099121,-5.6212,7.632872,2.171936
87,0.8534948825836182,-5.5614,7.632872,2.219776
88,0.8630452156066895,-5.499208,7.551544,2.17672
89,0.8737788200378418,-5.415488,7.508488,2.183896
90,0.883589506149292,-5.4418,7.592208,2.305888
91,0.8935046195983887,-5.422664,7.58264,2.46376
92,0.9035937786102295,-5.456152,7.663968,2.468544
93,0.9135289192199707,-5.468112,7.5946,2.478112
94,0.9235372543334961,-5.496816,7.57068,2.60728
95,0.9337372779846191,-5.592496,7.54676,2.616848
96,0.943537712097168,-5.779072,7.467824,2.624024
97,0.9535605907440186,-5.865184,7.513272,2.7508
98,0.9636430740356445,-5.948904,7.537192,2.731664
99,0.9735379219055176,-6.085248,7.604168,2.645552
100,0.9835443496704102,-6.061328,7.587424,2.705352
101,0.9936072826385498,-5.960864,7.525232,2.722096
102,1.0040102005004883,-5.817344,7.46304,2.638376
103,1.0135724544525146,-5.688176,7.455864,2.82256
104,1.023772954940796,-5.683392,7.348224,2.879968
105,1.033552885055542,-5.712096,7.317128,2.710136
106,1.0435659885406494,-5.707312,7.288424,2.860832
107,1.0537843704223633,-5.90824,7.173608,2.863224
108,1.063596248626709,-5.951296,7.180784,2.877576
109,1.0735790729522705,-6.013488,7.202312,2.805816
110,1.083782434463501,-6.085248,7.166432,2.901496
111,1.0935325622558594,-6.080464,7.197528,2.994784
112,1.1035380363464355,-6.070896,7.109024,2.927808
113,1.1138975620269775,-6.133088,7.073144,3.042624
114,1.12351655960083,-6.178536,7.137728,3.1694
115,1.1335387229919434,-6.080464,7.089888,3.214848
116,1.1437327861785889,-6.090032,7.061184,3.167008
117,1.1535425186157227,-6.068504,6.977464,3.210064
118,1.1635329723358154,-6.078072,6.941584,3.18136
119,1.1736276149749756,-6.07568,7.006168,3.188536
120,1.1834948062896729,-6.042192,6.979856,3.147872
121,1.1935253143310547,-6.06372,6.9966,3.198104
122,1.2036924362182617,-6.058936,6.982248,3.320096
123,1.213054895401001,-6.013488,6.934408,3.346408
124,1.2229540348052979,-5.989568,6.939192,3.30096
125,1.233687400817871,-6.013488,6.970288,3.351192
126,1.2430453300476074,-6.00392,7.006168,3.317704
127,1.2531251907348633,-6.05176,6.943976,3.365544
128,1.2635715007781982,-6.058936,6.884176,3.415776
129,1.2734522819519043,-6.070896,6.759792,3.497104
130,1.2834515571594238,-6.00392,6.72152,3.55212
131,1.2935528755187988,-6.035016,6.690424,3.54016
132,1.3034517765045166,-6.046976,6.623448,3.614312
133,1.3134486675262451,-6.006312,6.60192,3.614312
134,1.3239083290100098,-6.00392,6.511024,3.657368
135,1.3329925537109375,-6.013488,6.561256,3.674112
136,1.3434641361236572,-6.011096,6.534944,3.865472
137,1.3535478115081787,-6.113952,6.597136,3.87504
138,1.3634288311004639,-6.070896,6.556472,3.944408
139,1.3734354972839355,-6.104384,6.549296,3.894176
140,1.3835344314575195,-6.073288,6.405776,4.020952
141,1.3934617042541504,-6.0996,6.35076,3.968328
142,1.403477668762207,-6.035016,6.262256,3.963544
143,1.4136412143707275,-6.001528,6.209632,4.037696
144,1.423454999923706,-6.066112,6.214416,3.97072
145,1.433135747909546,-6.080464,6.166576,4.016168
146,1.4440083503723145,-6.113952,6.173752,3.89896
147,1.4534523487091064,-6.080464,6.192888,4.05444
148,1.463435173034668,-6.11156,6.228768,4.16208
149,1.4735488891601562,-6.018272,6.149832,4.152512
150,1.4834604263305664,-5.958472,6.113952,4.286464
151,1.493412733078003,-5.941728,6.085248,4.319952
152,1.503657341003418,-6.046976,6.032624,4.319952
153,1.5134105682373047,-6.02784,6.01588,4.327128
154,1.5234735012054443,-6.0398,5.982392,4.4252
155,1.53354811668396,-6.080464,6.030232,4.37736
156,1.5434355735778809,-6.042192,5.989568,4.410848
157,1.5534367561340332,-6.066112,5.982392,4.618952
158,1.5638933181762695,-5.999136,5.951296,4.55676
159,1.5730459690093994,-6.066112,5.95608,4.551976
160,1.5834410190582275,-6.068504,5.869968,4.480216
161,1.5939905643463135,-6.011096,5.831696,4.573504
162,1.6034355163574219,-6.05176,5.769504,4.528056
163,1.6135947704315186,-5.96804,5.783856,4.590248
164,1.6236464977264404,-5.96804,5.681,4.587856
165,1.6331725120544434,-5.934552,5.673824,4.738552
166,1.643017053604126,-5.924984,5.618808,4.750512
167,1.653642177581787,-5.87236,5.673824,4.750512
168,1.6630630493164062,-5.934552,5.623592,4.949048
169,1.6733932495117188,-5.975216,5.578144,4.846192
170,1.6835510730743408,-5.984784,5.611632,4.920344
171,1.6934301853179932,-6.023056,5.640336,4.95144
172,1.7035112380981445,-5.994352,5.539872,5.061472
173,1.7136821746826172,-5.996744,5.559008,5.07104
174,1.7234821319580078,-5.953688,5.494424,5.102136
175,1.7335050106048584,-5.87236,5.52552,5.085392
176,1.7437021732330322,-5.977608,5.444192,5.171504
177,1.7533128261566162,-5.862792,5.422664,5.295888
178,1.763197422027588,-5.93216,5.410704,5.379608
179,1.7737126350402832,-5.999136,5.432232,5.470504
180,1.783484935760498,-5.999136,5.422664,5.530304
181,1.7934887409210205,-6.090032,5.372432,5.460936
182,1.8036460876464844,-6.17136,5.331768,5.432232
183,1.812946081161499,-6.164184,5.28632,5.463328
184,1.8231325149536133,-6.116344,5.343728,5.527912
185,1.8336684703826904,-6.116344,5.305456,5.688176
186,1.843085527420044,-6.042192,5.31024,5.755152
187,1.853454828262329,-6.02784,5.360472,5.826912
188,1.8639371395111084,-5.972824,5.34612,5.838872
189,1.8734395503997803,-6.080464,5.22652,5.90824
190,1.8834459781646729,-6.00392,5.231304,5.831696
191,1.893528938293457,-6.02784,5.185856,5.814952
192,1.9034368991851807,-5.982392,5.063864,5.774288
193,1.9134526252746582,-5.924984,5.133232,5.72884
194,1.9235310554504395,-5.855616,5.09496,5.81256
195,1.9334561824798584,-5.838872,5.193032,5.743192
196,1.9434268474578857,-5.755152,5.121272,5.724056
197,1.953444004058838,-5.685784,5.233696,5.781464
198,1.963444471359253,-5.673824,5.240872,5.819736
199,1.973038911819458,-5.745584,5.185856,5.913024
200,1.9835546016693115,-5.58532,5.255224,5.88432
201,1.9930107593536377,-5.616416,5.123664,5.893888
202,2.0034701824188232,-5.563792,5.080608,5.905848
203,2.0138065814971924,-5.508776,5.0232,5.72884
204,2.0231118202209473,-5.475288,5.018416,5.917808
205,2.0334887504577637,-5.539872,5.027984,5.853224
206,2.0430777072906494,-5.542264,5.030376,5.94412
207,2.053439140319824,-5.614024,4.89164,5.881928
208,2.063340663909912,-5.551832,4.910776,5.889104
209,2.0734381675720215,-5.527912,4.9036,5.843656
210,2.083341121673584,-5.527912,4.85576,6.023056
211,2.09348726272583,-5.527912,4.85576,6.104384
212,2.1035351753234863,-5.51356,4.877288,6.035016
213,2.113452672958374,-5.594888,4.810312,5.95608
214,2.1234729290008545,-5.542264,4.80792,5.89628
215,2.1335415840148926,-5.482464,4.702672,5.982392
216,2.14294695854187,-5.362864,4.829448,5.936944
217,2.153538942337036,-5.300672,4.85576,6.011096
218,2.163591146469116,-5.257616,4.910776,6.25508
219,2.173487424850464,-5.300672,4.92752,6.125912
220,2.183481216430664,-5.355688,4.786392,6.145048
221,2.1938819885253906,-5.48964,4.719416,6.092424
222,2.203747272491455,-5.425056,4.647656,6.152224
223,2.2130978107452393,-5.480072,4.662008,6.17136
224,2.223971128463745,-5.527912,4.690712,6.130696
225,2.233546018600464,-5.592496,4.683536,6.137872
226,2.243062734603882,-5.630768,4.779216,6.223984
227,2.25353741645813,-5.71688,4.817488,6.293352
228,2.2631380558013916,-5.77668,4.774432,6.369896
229,2.273448944091797,-5.805384,4.623736,6.357936
230,2.283552646636963,-5.781464,4.645264,6.384248
231,2.293560266494751,-5.881928,4.633304,6.357936
232,2.303551197052002,-5.87236,4.752904,6.391424
233,2.3136160373687744,-5.850832,4.745728,6.448832
234,2.323143482208252,-5.915416,4.702672,6.489496
235,2.333559274673462,-5.898672,4.647656,6.389032
236,2.3437371253967285,-5.805384,4.65244,6.336408
237,2.3536081314086914,-5.886712,4.645264,6.479928
238,2.3635692596435547,-5.802992,4.738552,6.496672
239,2.373988389968872,-5.869968,4.800744,6.534944
240,2.3837783336639404,-5.8604,4.791176,6.513416
241,2.3932299613952637,-5.867576,4.81988,6.623448
242,2.4037656784057617,-5.99196,4.697888,6.668896
243,2.4130709171295166,-5.975216,4.635696,6.62584
244,2.4232187271118164,-5.999136,4.575896,6.496672
245,2.4338128566741943,-5.915416,4.602208,6.429696
246,2.443152904510498,-5.927376,4.61656,6.427304
247,2.453152894973755,-5.881928,4.602208,6.436872
248,2.4636895656585693,-5.886712,4.657224,6.456008
249,2.473097562789917,-5.910632,4.64048,6.427304
250,2.483200788497925,-5.886712,4.650048,6.38664
251,2.4937167167663574,-5.82452,4.611776,6.484712
252,2.5035111904144287,-5.76472,4.705064,6.53016
253,2.5135581493377686,-5.78864,4.6046,6.534944
254,2.5237233638763428,-5.826912,4.563936,6.522984
255,2.533498764038086,-5.802992,4.573504,6.420128
256,2.5435338020324707,-5.755152,4.611776,6.460792
257,2.5531418323516846,-5.750368,4.633304,6.41056
258,2.563512086868286,-5.877144,4.642872,6.544512
259,2.5731492042541504,-5.779072,4.685928,6.48232
260,2.583521842956543,-5.84844,4.645264,6.444048
261,2.5937154293060303,-5.834088,4.559152,6.44644
262,2.603529691696167,-5.834088,4.55676,6.436872
263,2.613725423812866,-5.822128,4.554368,6.353152
264,2.623591184616089,-5.755152,4.578288,6.35076
265,2.633558511734009,-5.767112,4.59264,6.396208
266,2.6436386108398438,-5.726448,4.618952,6.53016
267,2.652946710586548,-5.769504,4.602208,6.511024
268,2.6635162830352783,-5.786248,4.611776,6.475144
269,2.67368221282959,-5.767112,4.56872,6.520592
270,2.6840014457702637,-5.721664,4.506528,6.501456
271,2.6935336589813232,-5.731232,4.551976,6.49428
272,2.7036876678466797,-5.681,4.518488,6.558864
273,2.7140092849731445,-5.664256,4.540016,6.575608
274,2.723546028137207,-5.733624,4.6046,6.491888
275,2.7337043285369873,-5.786248,4.602208,6.53016
276,2.743547201156616,-5.690568,4.492176,6.594744
277,2.7535619735717773,-5.75276,4.465864,6.61388
278,2.7636303901672363,-5.7408,4.4252,6.652152
279,2.7731354236602783,-5.70492,4.370184,6.539728
280,2.7831871509552,-5.7408,4.422808,6.5182
281,2.7938573360443115,-5.707312,4.480216,6.594744
282,2.803205966949463,-5.757544,4.571112,6.53016
283,2.8131792545318604,-5.750368,4.499352,6.707168
284,2.823178291320801,-5.886712,4.523272,6.652152
285,2.833193063735962,-5.817344,4.470648,6.609096
286,2.8432235717773438,-5.759936,4.420416,6.594744
287,2.853886604309082,-5.810168,4.439552,6.611488
288,2.863262414932251,-5.683392,4.420416,6.60192
289,2.873080015182495,-5.721664,4.432376,6.664112
290,2.883798122406006,-5.719272,4.372576,6.61388
291,2.8932297229766846,-5.75276,4.451512,6.635408
292,2.903095006942749,-5.767112,4.451512,6.556472
293,2.9138739109039307,-5.807776,4.463472,6.604312
294,2.9231467247009277,-5.726448,4.482608,6.525376
295,2.9335219860076904,-5.65708,4.415632,6.597136
296,2.943605661392212,-5.66904,4.4252,6.692816
297,2.953530788421631,-5.652296,4.501744,6.618664
298,2.9635016918182373,-5.697744,4.420416,6.690424
299,2.9736688137054443,-5.745584,4.418024,6.618664
300,2.9835078716278076,-5.81256,4.4252,6.609096
301,2.9935121536254883,-5.70492,4.38932,6.647368
302,3.003695487976074,-5.707312,4.379752,6.747832
303,3.013202428817749,-5.714488,4.372576,6.60192
304,3.0232131481170654,-5.709704,4.312776,6.53016
305,3.033720016479492,-5.618808,4.372576,6.534944
306,3.0431933403015137,-5.707312,4.391712,6.654544
307,3.053208112716675,-5.781464,4.418024,6.6976
308,3.063593864440918,-5.774288,4.46108,6.688032
309,3.0735158920288086,-5.807776,4.432376,6.72152
310,3.083538055419922,-5.77668,4.355832,6.628232
311,3.0937516689300537,-5.862792,4.276896,6.73348
312,3.1033453941345215,-5.762328,4.284072,6.755008
313,3.1135311126708984,-5.757544,4.319952,6.676072
314,3.1237552165985107,-5.7408,4.35344,6.664112
315,3.1335532665252686,-5.72884,4.434768,6.621056
316,3.143216609954834,-5.637944,4.363008,6.704776
317,3.1537039279937744,-5.64512,4.35344,6.66172
318,3.163548707962036,-5.625984,4.336696,6.664112
319,3.173553943634033,-5.673824,4.346264,6.621056
320,3.1836485862731934,-5.66904,4.40128,6.750224
321,3.1931238174438477,-5.786248,4.334304,6.659328
322,3.2035324573516846,-5.805384,4.358224,6.728696
323,3.21378231048584,-5.82452,4.303208,6.618664
324,3.2231783866882324,-5.738408,4.3056,6.671288
325,3.2335381507873535,-5.721664,4.346264,6.711952
326,3.243626117706299,-5.71688,4.336696,6.73348
327,3.2535736560821533,-5.707312,4.3654,6.692816
328,3.2630672454833984,-5.714488,4.372576,6.731088
329,3.273770809173584,-5.709704,4.394104,6.671288
330,3.283545732498169,-5.707312,4.272112,6.719128
331,3.293245315551758,-5.733624,4.286464,6.78132
332,3.3037376403808594,-5.750368,4.382144,6.74544
333,3.3135576248168945,-5.767112,4.279288,6.711952
334,3.3235349655151367,-5.77668,4.291248,6.714344
335,3.333744525909424,-5.795816,4.34148,6.707168
336,3.3435463905334473,-5.786248,4.336696,6.64976
337,3.353222370147705,-5.755152,4.260152,6.668896
338,3.3636200428009033,-5.736016,4.348656,6.740656
339,3.373549699783325,-5.72884,4.296032,6.80524
340,3.383558750152588,-5.767112,4.355832,6.704776
341,3.393709659576416,-5.724056,4.274504,6.711952
342,3.403538703918457,-5.712096,4.327128,6.688032
343,3.413543939590454,-5.695352,4.331912,6.84112
344,3.4237163066864014,-5.747976,4.310384,6.755008
345,3.43353533744812,-5.838872,4.279288,6.850688
346,3.4435088634490967,-5.89628,4.298424,6.711952
347,3.453740119934082,-5.858008,4.26972,6.743048
348,3.463536262512207,-5.843656,4.288856,6.750224
349,3.4735238552093506,-5.721664,4.2458,6.860256
350,3.483717203140259,-5.755152,4.315168,6.893744
351,3.49342679977417,-5.70492,4.243408,6.819592
352,3.5032801628112793,-5.786248,4.260152,6.8172
353,3.5137429237365723,-5.846048,4.229056,6.76936
354,3.52343487739563,-5.817344,4.238624,6.776536
355,3.533552646636963,-5.826912,4.339088,6.788496
356,3.543755054473877,-5.843656,4.303208,6.735872
357,3.5535342693328857,-5.791032,4.250584,6.795672
358,3.5635287761688232,-5.750368,4.272112,6.72152
359,3.5737252235412598,-5.786248,4.298424,6.867432
360,3.583543300628662,-5.726448,4.363008,6.798064
361,3.5935349464416504,-5.757544,4.2458,6.7574
362,3.6037168502807617,-5.807776,4.272112,6.79328
363,3.6139943599700928,-5.81256,4.274504,6.728696
364,3.6232082843780518,-5.84844,4.29364,6.716736
365,3.6339240074157715,-5.72884,4.319952,6.73348
366,3.6431915760040283,-5.690568,4.382144,6.711952
367,3.653033971786499,-5.769504,4.296032,6.72152
368,3.663745641708374,-5.750368,4.327128,6.750224
369,3.6730360984802246,-5.733624,4.274504,6.85308
370,3.6831657886505127,-5.697744,4.25776,6.70956
371,3.693748712539673,-5.71688,4.286464,6.795672
372,3.703523635864258,-5.695352,4.312776,6.759792
373,3.713535785675049,-5.640336,4.2458,6.762184
374,3.7237446308135986,-5.757544,4.300816,6.838728
375,3.733036994934082,-5.850832,4.262544,6.72152
376,3.7435412406921387,-5.822128,4.303208,6.833944
377,3.753746747970581,-5.78864,4.219488,6.750224
378,3.7635397911071777,-5.757544,4.224272,6.833944
379,3.7735373973846436,-5.781464,4.188392,6.73348
380,3.7837398052215576,-5.87236,4.238624,6.766968
381,3.7935266494750977,-5.683392,4.20992,6.764576
382,3.8035120964050293,-5.709704,4.229056,6.862648
383,3.813722610473633,-5.71688,4.243408,6.728696
384,3.823499917984009,-5.671432,4.307992,6.747832
385,3.8334968090057373,-5.640336,4.286464,6.884176
386,3.8440959453582764,-5.721664,4.315168,6.802848
387,3.8535187244415283,-5.750368,4.262544,6.857864
388,3.8631091117858887,-5.783856,4.343872,6.877
389,3.8738062381744385,-5.862792,4.264936,6.92484
390,3.8835508823394775,-5.874752,4.231448,6.910488
391,3.8935365676879883,-5.879536,4.111848,6.850688
392,3.9037418365478516,-5.779072,4.116632,6.766968
393,3.913545608520508,-5.71688,4.068792,6.800456
394,3.9234960079193115,-5.697744,4.133376,6.867432
395,3.933655023574829,-5.664256,4.217096,6.795672
396,3.9434850215911865,-5.630768,4.190784,6.743048
397,3.9534974098205566,-5.625984,4.176432,6.8172
398,3.9636106491088867,-5.60924,4.164472,6.714344
399,3.9735031127929688,-5.523128,4.15012,6.704776
400,3.983494758605957,-5.53748,4.128592,6.755008
401,3.993851900100708,-5.506384,4.15012,6.79328
402,4.003478765487671,-5.527912,4.193176,6.755008
403,4.013505935668945,-5.527912,4.178824,6.821984
404,4.023764133453369,-5.580536,4.205136,6.790888
405,4.0330164432525635,-5.518344,4.123808,6.699992
406,4.043046236038208,-5.587712,4.097496,6.78132
407,4.053736686706543,-5.52552,4.104672,6.70956
408,4.063024520874023,-5.523128,4.11424,6.728696
409,4.073087453842163,-5.542264,4.166864,6.723912
410,4.083644390106201,-5.58532,4.178824,6.680856
411,4.093568563461304,-5.568576,4.205136,6.716736
412,4.10356330871582,-5.568576,4.241016,6.766968
413,4.113718271255493,-5.530304,4.226664,6.903312
414,4.123489141464233,-5.570968,4.248192,6.836336
415,4.133665561676025,-5.578144,4.186,6.838728
416,4.143733501434326,-5.65708,4.26972,6.798064
417,4.153070449829102,-5.580536,4.183608,6.752616
418,4.163136005401611,-5.5614,4.229056,6.702384
419,4.173741579055786,-5.578144,4.23384,6.656936
420,4.183499097824097,-5.532696,4.241016,6.731088
421,4.193490266799927,-5.559008,4.260152,6.64976
422,4.2037975788116455,-5.575752,4.195568,6.726304
423,4.213123559951782,-5.551832,4.2458,6.60192
424,4.223054885864258,-5.53748,4.274504,6.599528
425,4.2337610721588135,-5.547048,4.2458,6.53016
426,4.243299722671509,-5.554224,4.267328,6.633016
427,4.253145217895508,-5.556616,4.207528,6.76936
428,4.263658285140991,-5.570968,4.20992,6.74544
429,4.27312445640564,-5.602064,4.224272,6.580392
430,4.283518314361572,-5.559008,4.219488,6.606704
431,4.2937400341033936,-5.575752,4.322344,6.441656
432,4.303542375564575,-5.568576,4.34148,6.72152
433,4.313171625137329,-5.685784,4.38932,6.798064
434,4.323711395263672,-5.798208,4.29364,6.67368
435,4.333147287368774,-5.874752,4.272112,6.520592
436,4.343547821044922,-5.747976,4.25776,6.556472
437,4.353132247924805,-5.7408,4.35344,6.594744
438,4.363516330718994,-5.731232,4.394104,6.58996
439,4.3734962940216064,-5.774288,4.41324,6.556472
440,4.3837316036224365,-5.838872,4.475432,6.465576
441,4.393503904342651,-5.867576,4.468256,6.389032
442,4.403504133224487,-5.87236,4.492176,6.47036
443,4.41373085975647,-5.855616,4.523272,6.43448
444,4.4231953620910645,-5.762328,4.487392,6.4584
445,4.433491945266724,-5.683392,4.49696,6.453616
446,4.443696975708008,-5.676216,4.475432,6.546904
447,4.453515291213989,-5.702528,4.487392,6.35076
448,4.4634692668914795,-5.666648,4.609384,6.36272
449,4.473705530166626,-5.592496,4.559152,6.233552
450,4.483506679534912,-5.640336,4.659616,6.0996
451,4.493502616882324,-5.606848,4.64048,6.101992
452,4.503722906112671,-5.623592,4.731376,6.176144
453,4.513776540756226,-5.654688,4.70028,6.17136
454,4.523508548736572,-5.707312,4.56872,6.29096
455,4.533714056015015,-5.678608,4.463472,6.240728
456,4.543494939804077,-5.726448,4.549584,6.202456
457,4.55315899848938,-5.70492,4.614168,6.11156
458,4.563735008239746,-5.726448,4.738552,6.070896
459,4.5735108852386475,-5.625984,4.815096,6.044584
460,4.583511590957642,-5.681,4.858152,6.24312
461,4.593491792678833,-5.69296,4.824664,6.20724
462,4.603513240814209,-5.72884,4.7242,6.166576
463,4.613567113876343,-5.886712,4.67636,6.090032
464,4.623746633529663,-5.963256,4.702672,5.90824
465,4.633119344711304,-6.070896,4.774432,6.013488
466,4.643232107162476,-6.070896,4.9036,5.948904
467,4.653723955154419,-5.970432,4.965792,5.96804
468,4.6635191440582275,-5.970432,4.977752,5.982392
469,4.67318868637085,-5.87236,5.032768,6.01588
470,4.68363618850708,-5.829304,5.006456,5.901064
471,4.693528652191162,-5.889104,5.008848,6.042192
472,4.703549385070801,-5.886712,4.996888,5.889104
473,4.713761806488037,-5.87236,4.972968,5.889104
474,4.723491430282593,-5.886712,4.984928,5.76472
475,4.733527183532715,-5.807776,4.977752,5.676216
476,4.743759632110596,-5.834088,5.102136,5.530304
477,4.7530012130737305,-5.654688,5.128448,5.511168
478,4.763521194458008,-5.649904,5.22652,5.530304
479,4.773732423782349,-5.508776,5.422664,5.494424
480,4.783535003662109,-5.539872,5.41788,5.559008
481,4.793072462081909,-5.70492,5.389176,5.676216
482,4.8035924434661865,-5.826912,5.343728,5.625984
483,4.81312370300293,-5.984784,5.293496,5.69296
484,4.823200941085815,-6.068504,5.319808,5.554224
485,4.833777904510498,-6.037408,5.288712,5.472896
486,4.843181371688843,-6.05176,5.384392,5.255224
487,4.853143692016602,-5.994352,5.47768,5.271968
488,4.86393666267395,-5.924984,5.551832,5.46572
489,4.8730998039245605,-5.90824,5.58532,5.539872
490,4.883233308792114,-5.934552,5.5614,5.599672
491,4.893819808959961,-5.999136,5.54944,5.532696
492,4.9031946659088135,-6.130696,5.563792,5.437016
493,4.9132373332977295,-6.13548,5.625984,5.271968
494,4.923273324966431,-6.212024,5.69296,5.362864
495,4.9330973625183105,-6.185712,5.637944,5.305456
496,4.943237543106079,-6.161792,5.676216,5.231304
497,4.953118562698364,-6.080464,5.757544,5.099744
498,4.963207006454468,-5.977608,5.755152,5.236088
499,4.973085641860962,-5.891496,5.769504,5.016024
500,4.983713626861572,-5.858008,5.817344,5.030376
501,4.993122339248657,-5.9202,5.93216,4.961008
502,5.003512620925903,-5.915416,5.867576,4.9634
503,5.01348352432251,-5.965648,5.939336,4.956224
504,5.023526430130005,-5.96804,5.903456,4.944264
505,5.033524513244629,-5.910632,5.89628,4.86772
506,5.04347038269043,-5.877144,5.877144,4.755296
507,5.05344295501709,-5.93216,5.95608,4.728984
508,5.063652992248535,-5.946512,5.98,4.65244
509,5.073758363723755,-5.941728,6.037408,4.599816
510,5.083522081375122,-5.889104,6.01588,4.52088
511,5.093524932861328,-5.924984,5.982392,4.609384
512,5.103722333908081,-5.771896,6.046976,4.477824
513,5.113771915435791,-5.774288,6.058936,4.575896
514,5.123161315917969,-5.685784,6.049368,4.487392
515,5.133754730224609,-5.66904,6.092424,4.511312
516,5.143171548843384,-5.726448,6.12352,4.32952
517,5.153270244598389,-5.77668,6.13548,4.38932
518,5.163933992385864,-5.879536,6.104384,4.408456
519,5.173429250717163,-5.829304,6.269432,4.590248
520,5.18321418762207,-5.901064,6.25508,4.41324
521,5.193784475326538,-5.881928,6.300528,4.398888
522,5.203221321105957,-5.965648,6.271824,4.3056
523,5.213216066360474,-5.989568,6.341192,4.29364
524,5.223608493804932,-6.02784,6.3986,4.20992
525,5.233777284622192,-6.130696,6.4584,4.154904
526,5.24322247505188,-6.073288,6.463184,4.116632
527,5.253927707672119,-6.006312,6.424912,4.166864
528,5.263240575790405,-5.958472,6.424912,4.202744
529,5.2735207080841064,-5.90824,6.527768,4.164472
530,5.284027814865112,-5.958472,6.487104,4.214704
531,5.293752670288086,-5.963256,6.537336,4.176432
532,5.303512811660767,-6.066112,6.61388,4.071184
533,5.313814163208008,-6.030232,6.6378,4.013776
534,5.323184967041016,-6.085248,6.668896,4.056832
535,5.333505630493164,-6.07568,6.656936,4.056832
536,5.343745231628418,-5.96804,6.652152,3.95876
537,5.353534936904907,-5.95608,6.587568,3.834376
538,5.3635194301605225,-5.941728,6.630624,3.83916
539,5.373843193054199,-5.915416,6.735872,3.781752
540,5.383525848388672,-5.982392,6.893744,3.71956
541,5.393101930618286,-5.989568,6.946368,3.810456
542,5.403749704360962,-6.0996,7.034872,3.786536
543,5.4130988121032715,-6.035016,7.087496,3.712384
544,5.42317271232605,-5.994352,6.951152,3.616704
545,5.433879852294922,-5.982392,6.917664,3.61192
546,5.4435365200042725,-5.841264,6.872216,3.573648
547,5.453209638595581,-5.855616,6.915272,3.597568
548,5.463807821273804,-5.819736,6.898528,3.54016
549,5.473189353942871,-5.817344,6.975072,3.44448
550,5.4836766719818115,-5.96804,7.051616,3.422952
551,5.493751764297485,-5.960864,7.09228,3.544944
552,5.503560304641724,-5.960864,7.075536,3.499496
553,5.513572931289673,-5.877144,7.101848,3.38468
554,5.523575782775879,-5.762328,7.061184,3.293784
555,5.533207178115845,-5.690568,7.018128,3.09764
556,5.543539524078369,-5.5614,7.118592,2.968472
557,5.5537495613098145,-5.542264,7.257328,2.987608
558,5.56353235244751,-5.532696,7.36736,2.951728
559,5.573506116867065,-5.592496,7.506096,3.12156
560,5.583744764328003,-5.688176,7.551544,3.226808
561,5.5931315422058105,-5.750368,7.503704,3.293784
562,5.603489637374878,-5.88432,7.362576,3.291392
563,5.613708257675171,-6.082856,7.118592,3.269864
564,5.62351393699646,-6.11156,7.0564,3.195712
565,5.633528709411621,-6.12352,6.932016,2.815384
566,5.643724679946899,-6.30292,6.84112,2.896712
567,5.65289831161499,-6.042192,6.877,2.836912
568,5.6631019115448,-5.901064,7.061184,2.73884
569,5.673730850219727,-5.989568,7.374536,2.827344
570,5.68319034576416,-6.133088,7.553936,2.901496
571,5.693488359451294,-6.212024,7.479784,3.045016
572,5.703705072402954,-6.046976,7.372144,3.150264
573,5.713526725769043,-5.922592,7.228624,3.116776
574,5.7235634326934814,-5.941728,7.214272,3.186144
575,5.733219623565674,-5.893888,7.144904,3.107208
576,5.743569374084473,-5.934552,7.123376,3.035448
577,5.753575086593628,-6.090032,7.06836,2.994784
578,5.763789892196655,-6.125912,7.04444,2.934984
579,5.773615598678589,-6.08764,7.061184,2.911064
580,5.783561944961548,-6.030232,7.144904,2.817776
581,5.793048143386841,-5.960864,7.257328,3.004352
582,5.803564786911011,-5.688176,7.31952,2.95412
583,5.813528537750244,-5.305456,7.362576,2.836912
584,5.823782920837402,-5.147584,7.51088,3.035448
585,5.83356237411499,-5.068648,7.580248,3.030664
586,5.84354305267334,-5.245656,7.6544,2.994784
587,5.85379695892334,-5.372432,7.58264,2.994784
588,5.863559722900391,-5.640336,7.475,2.896712
589,5.873549938201904,-5.826912,7.419984,2.99
590,5.884000301361084,-5.977608,7.374536,2.856048
591,5.8932578563690186,-6.08764,7.34344,2.743624
592,5.903543710708618,-6.061328,7.309952,2.662296
593,5.9138195514678955,-5.999136,7.27168,2.765152
594,5.923552513122559,-5.853224,7.204704,2.578576
595,5.9335339069366455,-5.721664,7.274072,2.533128
596,5.943796396255493,-5.673824,7.341048,2.5714
597,5.953543186187744,-5.599672,7.314736,2.449408
598,5.963568925857544,-5.594888,7.350616,2.533128
599,5.973807096481323,-5.623592,7.305168,2.585752
600,5.9835710525512695,-5.635552,7.31952,2.468544
601,5.993072748184204,-5.697744,7.300384,2.54748
602,6.0037736892700195,-5.594888,7.321912,2.588144
603,6.013153314590454,-5.582928,7.269288,2.525952
604,6.023174285888672,-5.592496,7.348224,2.525952
605,6.03375768661499,-5.587712,7.333872,2.525952
606,6.043257474899292,-5.556616,7.417592,2.54748
607,6.053234815597534,-5.499208,7.431944,2.454192
608,6.063885688781738,-5.5016,7.326696,2.516384
609,6.073241710662842,-5.551832,7.238192,2.470936
610,6.083342552185059,-5.582928,7.276464,2.485288
611,6.093812704086304,-5.63316,7.34344,2.485288
612,6.103583335876465,-5.76472,7.408024,2.597712
613,6.113571405410767,-5.9202,7.443904,2.70296
614,6.124077796936035,-5.948904,7.341048,2.805816
615,6.1335718631744385,-5.948904,7.2956,2.765152
616,6.143544435501099,-5.963256,7.297992,2.853656
617,6.1537909507751465,-5.958472,7.242976,2.913456
618,6.163552522659302,-5.934552,7.3554,2.973256
619,6.173605918884277,-5.922592,7.384104,2.896712
620,6.183798313140869,-6.023056,7.412808,2.853656
621,6.193536996841431,-6.145048,7.412808,2.73884
622,6.203577995300293,-6.152224,7.302776,2.899104
623,6.2138097286224365,-6.118736,7.202312,2.97804
624,6.223212957382202,-6.058936,7.262112,2.896712
625,6.233601331710815,-5.948904,7.419984,3.056976
626,6.243797302246094,-5.814952,7.412808,3.107208
627,6.253232002258301,-5.8604,7.408024,3.08568
628,6.263228416442871,-5.89628,7.412808,3.090464
629,6.273810863494873,-5.953688,7.24776,3.13352
630,6.283555030822754,-6.152224,7.233408,2.992392
631,6.2935590744018555,-6.190496,7.219056,2.868008
632,6.303793430328369,-6.310096,7.312344,2.899104
633,6.31318998336792,-6.37468,7.28364,2.994784
634,6.323540449142456,-6.432088,7.348224,3.056976
635,6.333810329437256,-6.377072,7.286032,3.250728
636,6.343552827835083,-6.30292,7.154472,3.33684
637,6.353558540344238,-6.307704,7.054008,3.358368
638,6.363788843154907,-6.365112,7.02052,3.401424
639,6.373621702194214,-6.491888,6.987032,3.511456
640,6.383562088012695,-6.630624,7.02052,3.446872
641,6.393835544586182,-6.800456,7.118592,3.48036
642,6.40355658531189,-6.750224,7.168824,3.473184
643,6.4135582447052,-6.735872,7.070752,3.487536
644,6.4238057136535645,-6.692816,7.06836,3.614312
645,6.433553457260132,-6.597136,7.042048,3.566472
646,6.443572998046875,-6.546904,6.958328,3.63584
647,6.4537622928619385,-6.453616,6.905704,3.609528
648,6.46357274055481,-6.4584,6.800456,3.698032
649,6.47309947013855,-6.432088,6.7574,3.678896
650,6.483686447143555,-6.436872,6.678464,3.578432
651,6.493560552597046,-6.556472,6.656936,3.499496
652,6.503546714782715,-6.56604,6.628232,3.494712
653,6.513807535171509,-6.56604,6.573216,3.48036
654,6.523531675338745,-6.484712,6.618664,3.422952
655,6.533589124679565,-6.44644,6.50624,3.494712
656,6.543816804885864,-6.29096,6.432088,3.487536
657,6.553200960159302,-6.154616,6.391424,3.554512
658,6.563555717468262,-6.121128,6.369896,3.489928
659,6.573794603347778,-6.0398,6.288568,3.54016
660,6.583552837371826,-6.00392,6.228768,3.573648
661,6.593522548675537,-6.113952,6.250296,3.69564
662,6.603790760040283,-6.204848,6.336408,3.686072
663,6.613129377365112,-6.257472,6.250296,3.750656
664,6.623172760009766,-6.319664,6.166576,3.841552
665,6.63379168510437,-6.286176,6.08764,3.87504
666,6.643367052078247,-6.295744,6.0398,4.0664
667,6.653247356414795,-6.166576,6.0398,4.035304
668,6.663753509521484,-6.197672,5.953688,3.977896
669,6.673184156417847,-6.164184,5.982392,4.01856
670,6.683570384979248,-6.20724,5.977608,4.064008
671,6.693842649459839,-6.214416,5.89628,4.1262
672,6.703365325927734,-6.1594,5.767112,4.226664
673,6.713248252868652,-6.149832,5.771896,4.243408
674,6.72379207611084,-6.212024,5.688176,4.360616
675,6.733231782913208,-6.262256,5.707312,4.372576
676,6.74354362487793,-6.345976,5.659472,4.470648
677,6.753815174102783,-6.271824,5.640336,4.480216
678,6.763532400131226,-6.221592,5.611632,4.571112
679,6.773075103759766,-6.13548,5.535088,4.609384
680,6.783786773681641,-6.078072,5.458544,4.62852
681,6.79360818862915,-6.090032,5.480072,4.784
682,6.803577661514282,-6.058936,5.559008,4.793568
683,6.813797235488892,-6.176144,5.530304,4.752904
684,6.823543548583984,-6.283784,5.539872,4.839016
685,6.833597898483276,-6.3986,5.532696,4.953832
686,6.843801498413086,-6.319664,5.482464,4.946656
687,6.8532915115356445,-6.25508,5.300672,4.93948
688,6.86352801322937,-6.221592,5.271968,4.984928
689,6.873918771743774,-6.116344,5.2624,5.006456
690,6.883085012435913,-6.068504,5.279144,5.228912
691,6.893541574478149,-6.106776,5.326984,5.379608
692,6.903784990310669,-6.145048,5.267184,5.386784
693,6.913553953170776,-6.137872,5.281536,5.341336
694,6.923538684844971,-6.178536,5.216952,5.391568
695,6.933798789978027,-6.18332,5.097352,5.40592
696,6.943544626235962,-6.190496,5.13084,5.518344
697,6.953535318374634,-6.1594,5.030376,5.535088
698,6.963516712188721,-6.228768,5.111704,5.487248
699,6.973552227020264,-6.14744,5.099744,5.647512
700,6.9835498332977295,-6.0996,5.169112,5.683392
701,6.993840217590332,-6.058936,5.092568,5.721664
702,7.003530263900757,-6.011096,4.972968,5.66904
703,7.013216495513916,-6.082856,4.977752,5.666648
704,7.02397346496582,-5.941728,4.917952,5.8006
705,7.033586263656616,-5.972824,4.93948,5.834088
706,7.043574810028076,-5.93216,4.877288,5.771896
707,7.053819417953491,-5.917808,5.013632,5.829304
708,7.063529014587402,-5.893888,4.972968,5.917808
709,7.073554992675781,-5.846048,4.908384,5.9202
710,7.083795070648193,-5.802992,4.925128,6.078072
711,7.093547582626343,-5.666648,4.846192,6.020664
712,7.103545665740967,-5.736016,4.755296,5.970432
713,7.113762855529785,-5.759936,4.750512,5.960864
714,7.123524188995361,-5.714488,4.79596,5.960864
715,7.133575916290283,-5.654688,4.836624,6.02784
716,7.143979549407959,-5.592496,4.788784,5.989568
717,7.153231620788574,-5.623592,4.815096,6.14744
718,7.163562774658203,-5.623592,4.769648,6.11156
719,7.173473596572876,-5.618808,4.757688,6.319664
720,7.183562517166138,-5.683392,4.662008,6.532552
721,7.193400621414185,-5.69296,4.554368,6.379464
722,7.20371150970459,-5.81256,4.551976,6.429696
723,7.213043928146362,-5.712096,4.559152,6.384248
724,7.223095893859863,-5.661864,4.578288,6.353152
725,7.233794450759888,-5.625984,4.583072,6.30292
726,7.243210792541504,-5.568576,4.537624,6.319664
727,7.253203630447388,-5.53748,4.606992,6.212024
728,7.263809442520142,-5.480072,4.62852,6.26704
729,7.273115634918213,-5.48964,4.563936,6.353152
730,7.283073902130127,-5.482464,4.583072,6.467968
731,7.293771505355835,-5.494424,4.50892,6.522984
732,7.303158521652222,-5.618808,4.334304,6.5182
733,7.313558578491211,-5.58532,4.307992,6.525376
734,7.323777914047241,-5.59728,4.334304,6.544512
735,7.33326530456543,-5.506384,4.3056,6.618664
736,7.343085765838623,-5.587712,4.343872,6.652152
737,7.353605270385742,-5.640336,4.384536,6.5182
738,7.36310076713562,-5.661864,4.37736,6.666504
739,7.3731348514556885,-5.736016,4.32952,6.747832
740,7.383834362030029,-5.690568,4.307992,6.616272
741,7.3933045864105225,-5.736016,4.238624,6.728696
742,7.403609752655029,-5.681,4.252976,6.6378
743,7.413580894470215,-5.556616,4.16208,6.561256
744,7.423943042755127,-5.499208,4.164472,6.621056
745,7.4336206912994385,-5.547048,4.22188,6.788496
746,7.443841218948364,-5.618808,4.202744,6.855472
747,7.453914403915405,-5.590104,4.186,6.922448
748,7.463138580322266,-5.647512,4.181216,6.855472
749,7.473829984664917,-5.690568,4.1262,6.795672
750,7.48391318321228,-5.65708,4.099888,6.671288
751,7.4935548305511475,-5.64512,4.068792,6.688032
752,7.503804445266724,-5.556616,4.19796,6.642584
753,7.514003276824951,-5.494424,4.17404,6.807632
754,7.523567199707031,-5.410704,4.186,6.898528
755,7.533837795257568,-5.42984,4.133376,6.896136
756,7.543570518493652,-5.456152,4.159688,6.92484
757,7.553579330444336,-5.470504,4.056832,6.824376
758,7.564025640487671,-5.54944,4.075968,6.979856
759,7.573895454406738,-5.53748,4.0664,6.903312
760,7.583574056625366,-5.53748,4.087928,6.977464
761,7.593805551528931,-5.547048,4.11424,7.049224
762,7.603596925735474,-5.580536,4.157296,6.987032
763,7.613552808761597,-5.623592,4.099888,6.891352
764,7.6238017082214355,-5.625984,4.147728,6.886568
765,7.633917570114136,-5.640336,4.181216,6.922448
766,7.643587350845337,-5.611632,4.13816,6.898528
767,7.65380334854126,-5.649904,4.130984,6.90092
768,7.663261890411377,-5.611632,4.107064,7.027696
769,7.673277378082275,-5.568576,4.183608,6.970288
770,7.683828830718994,-5.487248,4.13816,7.06836
771,7.693569660186768,-5.439408,4.023344,7.065968
772,7.703380346298218,-5.425056,4.080752,7.003776
773,7.713667869567871,-5.4418,4.035304,7.037264
774,7.723536729812622,-5.432232,4.095104,7.046832
775,7.733551263809204,-5.496816,4.111848,7.061184
776,7.743653774261475,-5.606848,4.1262,7.049224
777,7.753554344177246,-5.587712,4.059224,7.015736
778,7.763540983200073,-5.604456,4.09032,7.054008
779,7.773659706115723,-5.611632,4.07836,7.113808
780,7.7835533618927,-5.48964,4.0066,7.087496
781,7.793550252914429,-5.487248,4.023344,7.2358
782,7.803640842437744,-5.475288,3.987464,7.190352
783,7.813135623931885,-5.45376,4.07836,7.231016
784,7.823153734207153,-5.54944,4.03052,7.183176
785,7.8336663246154785,-5.532696,4.013776,7.111416
786,7.843486070632935,-5.520736,3.99464,7.168824
787,7.853200435638428,-5.484856,3.963544,7.154472
788,7.863742351531982,-5.580536,3.877432,7.192744
789,7.873133420944214,-5.432232,3.920488,7.257328
790,7.883500337600708,-5.470504,3.989856,7.16404
791,7.89357590675354,-5.422664,4.0066,7.297992
792,7.903513431549072,-5.494424,4.035304,7.142512
793,7.913496732711792,-5.544656,3.975504,7.156864
794,7.9240124225616455,-5.530304,4.01856,7.207096
795,7.933168888092041,-5.4418,4.037696,7.132944
796,7.943469762802124,-5.4418,3.953976,7.142512
797,7.953585624694824,-5.41788,3.937232,7.154472
798,7.96350359916687,-5.367648,4.0066,7.190352
799,7.973082542419434,-5.401136,3.992248,7.30756
800,7.983595848083496,-5.39396,3.949192,7.19992
801,7.993511438369751,-5.448976,3.932448,7.329088
802,8.003489255905151,-5.530304,3.920488,7.25972
803,8.013966083526611,-5.463328,3.920488,7.25972
804,8.023515224456787,-5.520736,3.894176,7.262112
805,8.033491611480713,-5.551832,3.913312,7.254936
806,8.04359745979309,-5.606848,3.93484,7.238192
807,8.053489446640015,-5.51356,3.942016,7.2358
808,8.063271284103394,-5.57336,3.855904,7.202312
809,8.073779582977295,-5.532696,3.913312,7.195136
810,8.083272695541382,-5.437016,3.937232,7.144904
811,8.093365669250488,-5.422664,3.949192,7.1162
812,8.10400390625,-5.413096,3.889392,7.207096
813,8.113243103027344,-5.413096,3.903744,7.254936
814,8.123124361038208,-5.487248,3.848728,7.231016
815,8.133917093276978,-5.444192,3.848728,7.214272
816,8.143268346786499,-5.511168,3.822416,7.142512
817,8.153196096420288,-5.51356,3.87504,7.149688
818,8.163790941238403,-5.42984,3.887,7.219056
819,8.173216104507446,-5.480072,3.963544,7.266896
820,8.183223009109497,-5.427448,3.913312,7.278856
821,8.193939685821533,-5.518344,3.820024,7.269288
822,8.203357934951782,-5.484856,3.73152,7.204704
823,8.2133309841156,-5.4418,3.745872,7.2358
824,8.224039316177368,-5.45376,3.772184,7.183176
825,8.233544111251831,-5.482464,3.820024,7.34344
826,8.243539094924927,-5.496816,3.831984,7.274072
827,8.253759384155273,-5.566184,3.853512,7.281248
828,8.263548374176025,-5.587712,3.788928,7.290816
829,8.273518800735474,-5.570968,3.83916,7.312344
830,8.283759832382202,-5.547048,3.858296,7.262112
831,8.293563842773438,-5.460936,3.894176,7.281248
832,8.303534984588623,-5.518344,3.882216,7.305168
833,8.313856840133667,-5.386784,3.858296,7.317128
834,8.323205709457397,-5.427448,3.796104,7.360184
835,8.333569049835205,-5.432232,3.729128,7.37932
836,8.343742609024048,-5.535088,3.714776,7.386496
837,8.353525161743164,-5.566184,3.700424,7.202312
838,8.363537311553955,-5.556616,3.784144,7.228624
839,8.373745918273926,-5.575752,3.81524,7.231016
840,8.38354229927063,-5.5614,3.901352,7.30756
841,8.393527030944824,-5.551832,3.824808,7.31952
842,8.403753757476807,-5.52552,3.757832,7.360184
843,8.413182020187378,-5.542264,3.69564,7.33148
844,8.423105001449585,-5.468112,3.654976,7.276464
845,8.433731079101562,-5.487248,3.724344,7.132944
846,8.44318151473999,-5.556616,3.772184,7.314736
847,8.453145027160645,-5.484856,3.81524,7.30756
848,8.46389102935791,-5.554224,3.86308,7.27168
849,8.47309923171997,-5.503992,3.865472,7.233408
850,8.483482122421265,-5.606848,3.81524,7.3554
851,8.493589878082275,-5.503992,3.721952,7.28364
852,8.503507375717163,-5.580536,3.81524,7.221448
853,8.513513565063477,-5.508776,3.793712,7.226232
854,8.523834228515625,-5.410704,3.810456,7.297992
855,8.533507823944092,-5.338944,3.810456,7.28364
856,8.54347825050354,-5.410704,3.810456,7.309952
857,8.553578615188599,-5.42984,3.745872,7.393672
858,8.563511848449707,-5.458544,3.74348,7.202312
859,8.572985649108887,-5.460936,3.769792,7.262112
860,8.583579301834106,-5.47768,3.788928,7.274072
861,8.593498706817627,-5.492032,3.83916,7.398456
862,8.603484153747559,-5.487248,3.841552,7.302776
863,8.613582611083984,-5.503992,3.831984,7.297992
864,8.623510599136353,-5.587712,3.724344,7.30756
865,8.63339900970459,-5.65708,3.73152,7.326696
866,8.643579721450806,-5.642728,3.678896,7.348224
867,8.65349531173706,-5.616416,3.741088,7.300384
868,8.66350269317627,-5.664256,3.784144,7.297992
869,8.673584222793579,-5.623592,3.772184,7.309952
870,8.683491468429565,-5.592496,3.781752,7.357792
871,8.69349455833435,-5.59728,3.769792,7.400848
872,8.703551530838013,-5.480072,3.786536,7.326696
873,8.71350646018982,-5.4418,3.674112,7.324304
874,8.723108291625977,-5.463328,3.686072,7.321912
875,8.73356032371521,-5.535088,3.714776,7.309952
876,8.743499517440796,-5.539872,3.774576,7.321912
877,8.753507614135742,-5.468112,3.817632,7.3554
878,8.7638521194458,-5.580536,3.831984,7.24776
879,8.773002862930298,-5.563792,3.784144,7.353008
880,8.783488035202026,-5.60924,3.776968,7.341048
881,8.793566226959229,-5.66904,3.774576,7.30756
882,8.803489446640015,-5.635552,3.709992,7.309952
883,8.813177585601807,-5.625984,3.686072,7.338656
884,8.823584794998169,-5.539872,3.733912,7.329088
885,8.833479166030884,-5.602064,3.800888,7.314736
886,8.84349775314331,-5.551832,3.776968,7.381712
887,8.853570222854614,-5.628376,3.724344,7.393672
888,8.863504648208618,-5.666648,3.681288,7.321912
889,8.873041152954102,-5.640336,3.645408,7.183176
890,8.883573055267334,-5.685784,3.63584,7.144904
891,8.893091917037964,-5.63316,3.657368,7.214272
892,8.90349531173706,-5.590104,3.729128,7.357792
893,8.913581609725952,-5.592496,3.717168,7.312344
894,8.92311406135559,-5.635552,3.721952,7.209488
895,8.933489322662354,-5.599672,3.702816,7.2358
896,8.943600416183472,-5.580536,3.788928,7.156864
897,8.953451156616211,-5.532696,3.772184,7.288424
898,8.963441610336304,-5.444192,3.745872,7.28364
899,8.973030805587769,-5.575752,3.750656,7.326696
900,8.98323106765747,-5.542264,3.738696,7.214272
901,8.993126630783081,-5.580536,3.666936,7.252544
902,9.003668785095215,-5.52552,3.733912,7.297992
903,9.013084888458252,-5.508776,3.686072,7.207096
904,9.023033618927002,-5.472896,3.738696,7.21188
905,9.033797979354858,-5.535088,3.760224,7.465432
906,9.043289422988892,-5.628376,3.714776,7.417592
907,9.053200483322144,-5.599672,3.638232,7.410416
908,9.063807487487793,-5.652296,3.614312,7.393672
909,9.073200941085815,-5.587712,3.664544,7.329088
910,9.083258628845215,-5.582928,3.798496,7.321912
911,9.093661546707153,-5.57336,3.808064,7.312344
912,9.10354232788086,-5.635552,3.860688,7.408024
913,9.11320424079895,-5.666648,3.793712,7.28364
914,9.123921632766724,-5.539872,3.638232,7.329088
915,9.133103370666504,-5.547048,3.664544,7.293208
916,9.142968654632568,-5.520736,3.621488,7.257328
917,9.152925968170166,-5.587712,3.676504,7.305168
918,9.163443326950073,-5.53748,3.693248,7.221448
919,9.173157691955566,-5.508776,3.757832,7.293208
920,9.18378472328186,-5.496816,3.729128,7.24776
921,9.193506717681885,-5.539872,3.753048,7.252544
922,9.203493356704712,-5.518344,3.698032,7.357792
923,9.213815689086914,-5.539872,3.68368,7.369752
924,9.22308611869812,-5.566184,3.674112,7.28364
925,9.233161926269531,-5.532696,3.602352,7.245368
926,9.24381160736084,-5.551832,3.700424,7.238192
927,9.253477334976196,-5.468112,3.698032,7.183176
928,9.263530015945435,-5.532696,3.817632,7.238192
929,9.27381181716919,-5.580536,3.760224,7.429552
930,9.28350305557251,-5.640336,3.781752,7.278856
931,9.293512105941772,-5.757544,3.676504,7.30756
932,9.303574323654175,-5.714488,3.71956,7.233408
933,9.313506603240967,-5.625984,3.74348,7.180784
934,9.323512315750122,-5.625984,3.793712,7.238192
935,9.333785057067871,-5.48964,3.774576,7.357792
936,9.343289375305176,-5.511168,3.805672,7.443904
937,9.353491306304932,-5.508776,3.709992,7.374536
938,9.363980531692505,-5.580536,3.666936,7.333872
939,9.373891115188599,-5.554224,3.688464,7.297992
940,9.383485794067383,-5.559008,3.664544,7.254936
941,9.393803119659424,-5.54944,3.757832,7.321912
942,9.403502464294434,-5.51356,3.796104,7.290816
943,9.413514852523804,-5.554224,3.748264,7.219056
944,9.423493385314941,-5.492032,3.702816,7.161648
945,9.43349289894104,-5.532696,3.772184,7.369752
946,9.443493366241455,-5.590104,3.733912,7.257328
947,9.453583002090454,-5.673824,3.652584,7.376928
948,9.463455200195312,-5.625984,3.676504,7.376928
949,9.473466157913208,-5.659472,3.666936,7.333872
950,9.483811616897583,-5.66904,3.62388,7.245368
951,9.493468284606934,-5.563792,3.712384,7.381712
952,9.503516912460327,-5.551832,3.73152,7.46304
953,9.513817071914673,-5.563792,3.796104,7.417592
954,9.523054361343384,-5.616416,3.736304,7.40324
955,9.533495426177979,-5.64512,3.640624,7.374536
956,9.543775081634521,-5.618808,3.678896,7.18796
957,9.553502321243286,-5.6212,3.75544,7.245368
958,9.56345248222351,-5.563792,3.75544,7.345832
959,9.573798894882202,-5.649904,3.781752,7.326696
960,9.583474397659302,-5.628376,3.73152,7.269288
961,9.593478441238403,-5.570968,3.662152,7.28364
962,9.60365104675293,-5.523128,3.638232,7.31952
963,9.613505601882935,-5.475288,3.657368,7.372144
964,9.623152494430542,-5.47768,3.71956,7.326696
965,9.633830785751343,-5.439408,3.750656,7.336264
966,9.643491744995117,-5.580536,3.68368,7.274072
967,9.653099298477173,-5.65708,3.73152,7.240584
968,9.663898944854736,-5.5614,3.662152,7.28364
969,9.673750400543213,-5.58532,3.6478,7.274072
970,9.682860612869263,-5.647512,3.67172,7.317128
971,9.693854570388794,-5.614024,3.650192,7.293208
972,9.703094005584717,-5.652296,3.705208,7.2956
973,9.713432312011719,-5.63316,3.698032,7.357792
974,9.72379446029663,-5.630768,3.69564,7.424768
975,9.733465194702148,-5.671432,3.65976,7.297992
976,9.743459224700928,-5.616416,3.698032,7.357792
977,9.753768682479858,-5.59728,3.62388,7.357792
978,9.763463735580444,-5.575752,3.674112,7.362576
979,9.773022174835205,-5.578144,3.678896,7.360184
980,9.783795833587646,-5.628376,3.698032,7.405632
981,9.793472290039062,-5.580536,3.681288,7.400848
982,9.803470373153687,-5.563792,3.686072,7.25972
983,9.813769340515137,-5.58532,3.662152,7.326696
984,9.823469400405884,-5.508776,3.68368,7.364968
985,9.833203077316284,-5.542264,3.657368,7.286032
986,9.843983888626099,-5.499208,3.724344,7.286032
987,9.853456497192383,-5.527912,3.7076,7.381712
988,9.863469362258911,-5.468112,3.729128,7.372144
989,9.87379789352417,-5.523128,3.729128,7.419984
990,9.883472442626953,-5.508776,3.700424,7.345832
991,9.893520593643188,-5.578144,3.669328,7.250152
992,9.903795003890991,-5.60924,3.700424,7.278856
993,9.913517475128174,-5.652296,3.614312,7.36736
994,9.923117876052856,-5.592496,3.654976,7.36736
995,9.93379020690918,-5.566184,3.6478,7.405632
996,9.943013906478882,-5.592496,3.62388,7.398456
997,9.953474044799805,-5.556616,3.62388,7.36736
998,9.963937520980835,-5.54944,3.664544,7.362576
999,9.973466396331787,-5.563792,3.69564,7.422376
1000,9.983459949493408,-5.520736,3.729128,7.350616
1001,9.993799209594727,-5.587712,3.678896,7.429552
1002,10.00346326828003,-5.6212,3.602352,7.400848
1003,10.013082265853882,-5.671432,3.547336,7.419984
1004,10.023660898208618,-5.587712,3.61192,7.341048
1005,10.033408641815186,-5.642728,3.7076,7.43912
1006,10.043505668640137,-5.5016,3.712384,7.43912
1007,10.053791761398315,-5.575752,3.738696,7.42716
1008,10.063509225845337,-5.506384,3.688464,7.369752
1009,10.073094606399536,-5.492032,3.652584,7.364968
1010,10.083826065063477,-5.51356,3.652584,7.393672
1011,10.093251466751099,-5.539872,3.669328,7.4152
1012,10.10325026512146,-5.539872,3.733912,7.453472
1013,10.113941192626953,-5.523128,3.681288,7.360184
1014,10.123236179351807,-5.570968,3.690856,7.372144
1015,10.133256912231445,-5.511168,3.631056,7.353008
1016,10.144017219543457,-5.520736,3.669328,7.458256
1017,10.153236627578735,-5.551832,3.681288,7.417592
1018,10.163188934326172,-5.5016,3.592784,7.357792
1019,10.173852682113647,-5.523128,3.573648,7.396064
1020,10.183274269104004,-5.499208,3.638232,7.333872
1021,10.193280220031738,-5.482464,3.645408,7.374536
1022,10.203649997711182,-5.484856,3.602352,7.357792
1023,10.213263511657715,-5.458544,3.607136,7.353008
1024,10.223092794418335,-5.374824,3.592784,7.408024
1025,10.233747959136963,-5.5016,3.631056,7.460648
1026,10.243394136428833,-5.532696,3.640624,7.3554
1027,10.253060817718506,-5.568576,3.518632,7.412808
1028,10.263652563095093,-5.642728,3.525808,7.376928
1029,10.273052453994751,-5.724056,3.609528,7.3554
1030,10.283182144165039,-5.695352,3.494712,7.424768
1031,10.29322099685669,-5.63316,3.42056,7.431944
1032,10.303504705429077,-5.544656,3.497104,7.446296
1033,10.313500881195068,-5.566184,3.547336,7.443904
1034,10.323646783828735,-5.566184,3.57604,7.465432
1035,10.333461284637451,-5.587712,3.561688,7.527624
1036,10.343453645706177,-5.556616,3.509064,7.48696
1037,10.35378909111023,-5.535088,3.530592,7.446296
1038,10.363100290298462,-5.463328,3.51624,7.446296
1039,10.37337064743042,-5.439408,3.525808,7.489352
1040,10.383639335632324,-5.425056,3.556904,7.537192
1041,10.39310073852539,-5.46572,3.566472,7.465432
1042,10.4034903049469,-5.518344,3.583216,7.530016
1043,10.41359806060791,-5.480072,3.607136,7.553936
1044,10.423507928848267,-5.508776,3.592784,7.501312
1045,10.43351149559021,-5.554224,3.56408,7.381712
1046,10.443648338317871,-5.499208,3.506672,7.51088
1047,10.453438997268677,-5.511168,3.506672,7.496528
1048,10.463474750518799,-5.499208,3.530592,7.5348
1049,10.473793029785156,-5.527912,3.556904,7.484568
1050,10.483176231384277,-5.48964,3.559296,7.4152
1051,10.49321436882019,-5.551832,3.559296,7.393672
1052,10.503784656524658,-5.57336,3.588,7.460648
1053,10.513499021530151,-5.57336,3.5282,7.551544
1054,10.523489952087402,-5.451368,3.518632,7.527624
1055,10.533799409866333,-5.415488,3.458832,7.563504
1056,10.543509006500244,-5.456152,3.473184,7.515664
1057,10.553503513336182,-5.463328,3.535376,7.623304
1058,10.563955783843994,-5.547048,3.547336,7.551544
1059,10.573514699935913,-5.544656,3.628664,7.541976
1060,10.583487510681152,-5.578144,3.535376,7.479784
1061,10.593806028366089,-5.54944,3.50428,7.513272
1062,10.603486776351929,-5.508776,3.485144,7.553936
1063,10.613094568252563,-5.468112,3.590392,7.489352
1064,10.623641729354858,-5.403528,3.54016,7.513272
1065,10.633476972579956,-5.401136,3.523416,7.587424
1066,10.643463373184204,-5.451368,3.473184,7.431944
1067,10.653778553009033,-5.460936,3.499496,7.563504
1068,10.663463115692139,-5.480072,3.494712,7.577856
1069,10.673454761505127,-5.468112,3.415776,7.635264
1070,10.683797597885132,-5.503992,3.389464,7.563504
1071,10.69349455833435,-5.54944,3.370328,7.5348
1072,10.703502178192139,-5.547048,3.406208,7.661576
1073,10.713791370391846,-5.544656,3.482752,7.697456
1074,10.723459243774414,-5.480072,3.532984,7.687888
1075,10.733501434326172,-5.480072,3.418168,7.675928
1076,10.743772983551025,-5.527912,3.346408,7.573072
1077,10.753501415252686,-5.475288,3.272256,7.5946
1078,10.763504981994629,-5.46572,3.298568,7.553936
1079,10.774051427841187,-5.41788,3.422952,7.616128
1080,10.783428192138672,-5.570968,3.501888,7.632872
1081,10.793587446212769,-5.47768,3.461224,7.620912
1082,10.803717851638794,-5.432232,3.39664,7.551544
1083,10.81354308128357,-5.413096,3.353584,7.577856
1084,10.82303524017334,-5.33416,3.375112,7.530016
1085,10.833807229995728,-5.331768,3.44448,7.49892
1086,10.84353756904602,-5.291104,3.521024,7.549152
1087,10.853302240371704,-5.326984,3.413384,7.661576
1088,10.86382794380188,-5.374824,3.425344,7.647224
1089,10.87320351600647,-5.384392,3.391856,7.587424
1090,10.883569240570068,-5.319808,3.33684,7.551544
1091,10.89404296875,-5.281536,3.3488,7.520448
1092,10.90354871749878,-5.114096,3.365544,7.448688
1093,10.913579225540161,-5.200208,3.461224,7.673536
1094,10.923798561096191,-5.159544,3.394248,7.69028
1095,10.933231830596924,-5.355688,3.382288,7.592208
1096,10.943554878234863,-5.269576,3.329664,7.52284
1097,10.953789234161377,-5.312632,3.320096,7.496528
1098,10.96354627609253,-5.317416,3.370328,7.585032
1099,10.973548650741577,-5.255224,3.379896,7.718984
1100,10.983803272247314,-5.300672,3.418168,7.644832
1101,10.993552446365356,-5.293496,3.33684,7.637656
1102,11.003082275390625,-5.326984,3.296176,7.57068
1103,11.013798713684082,-5.336552,3.353584,7.601776
1104,11.023255586624146,-5.355688,3.3488,7.781176
1105,11.033228635787964,-5.329376,3.322488,7.831408
1106,11.043811559677124,-5.37004,3.344016,7.838584
1107,11.05354380607605,-5.35808,3.281824,7.752472
1108,11.063539743423462,-5.377216,3.231592,7.656792
1109,11.07380986213684,-5.40592,3.255512,7.752472
1110,11.083536148071289,-5.448976,3.339232,7.793136
1111,11.093417882919312,-5.413096,3.413384,7.783568
1112,11.103814363479614,-5.408312,3.4086,7.824232
1113,11.113204002380371,-5.422664,3.375112,7.759648
1114,11.12354326248169,-5.422664,3.267472,7.829016
1115,11.133817672729492,-5.379608,3.284216,7.862504
1116,11.143227338790894,-5.31024,3.358368,7.800312
1117,11.15356183052063,-5.255224,3.327272,7.80988
1118,11.163554191589355,-5.307848,3.286608,7.752472
1119,11.173563480377197,-5.281536,3.250728,7.6544
1120,11.183526754379272,-5.324592,3.36076,7.623304
1121,11.193830013275146,-5.257616,3.387072,7.673536
1122,11.203271389007568,-5.233696,3.370328,7.730944
1123,11.213146686553955,-5.193032,3.346408,7.850544
1124,11.224024772644043,-5.221736,3.224416,7.790744
1125,11.233550071716309,-5.324592,3.274648,7.757256
1126,11.243551254272461,-5.279144,3.210064,7.769216
1127,11.25385069847107,-5.228912,3.214848,7.663968
1128,11.263528823852539,-5.243264,3.291392,7.704632
1129,11.273066520690918,-5.27436,3.334448,7.683104
1130,11.283206462860107,-5.315024,3.32488,7.69028
1131,11.293514013290405,-5.386784,3.257904,7.652008
1132,11.303534507751465,-5.300672,3.195712,7.752472
1133,11.313842296600342,-5.336552,3.200496,7.769216
1134,11.323496580123901,-5.295888,3.178968,7.754864
1135,11.333522081375122,-5.219344,3.202888,7.814664
1136,11.343729496002197,-5.243264,3.243552,7.802704
1137,11.353519439697266,-5.379608,3.248336,7.805096
1138,11.36351466178894,-5.331768,3.20528,7.7142
1139,11.373818635940552,-5.355688,3.25312,7.781176
1140,11.383510828018188,-5.384392,3.222024,7.683104
1141,11.393521070480347,-5.360472,3.20528,7.76204
1142,11.403208494186401,-5.315024,3.202888,7.766824
1143,11.413524866104126,-5.281536,3.236376,7.774
1144,11.423527240753174,-5.305456,3.279432,7.692672
1145,11.433838605880737,-5.315024,3.31292,7.735728
1146,11.443048000335693,-5.291104,3.31292,7.840976
1147,11.453526258468628,-5.269576,3.219632,7.848152
1148,11.463781595230103,-5.396352,3.176576,7.862504
1149,11.4735426902771,-5.329376,3.236376,7.94144
1150,11.48352861404419,-5.319808,3.198104,7.82184
1151,11.493526697158813,-5.367648,3.257904,7.707024
1152,11.50354290008545,-5.338944,3.255512,7.824232
1153,11.513902425765991,-5.252832,3.147872,7.836192
1154,11.523513317108154,-5.329376,3.198104,7.864896
1155,11.53353238105774,-5.28632,3.14548,7.848152
1156,11.543548583984375,-5.348512,3.195712,7.82184
1157,11.553796291351318,-5.291104,3.198104,7.740512
1158,11.563793182373047,-5.303064,3.289,7.838584
1159,11.573526859283447,-5.257616,3.222024,7.85772
1160,11.583178997039795,-5.300672,3.298568,7.948616
1161,11.593520879745483,-5.319808,3.245944,7.962968
1162,11.603978395462036,-5.315024,3.20528,7.90556
1163,11.613547325134277,-5.33416,3.243552,7.790744
1164,11.62378215789795,-5.267184,3.202888,7.84576
1165,11.633873462677002,-5.267184,3.226808,7.843368
1166,11.643798828125,-5.300672,3.219632,7.91752
1167,11.653808355331421,-5.362864,3.13352,7.936656
1168,11.663526058197021,-5.360472,3.126344,7.802704
1169,11.673810720443726,-5.35808,3.07372,7.805096
1170,11.68355655670166,-5.29828,3.164616,7.898384
1171,11.693180561065674,-5.31024,3.176576,7.903168
1172,11.703739404678345,-5.329376,3.231592,7.855328
1173,11.713812112808228,-5.389176,3.186144,7.79792
1174,11.723517417907715,-5.317416,3.167008,7.927088
1175,11.733849048614502,-5.34612,3.12156,7.864896
1176,11.743815898895264,-5.257616,3.128736,7.817056
1177,11.753907203674316,-5.281536,3.176576,7.735728
1178,11.763803005218506,-5.271968,3.150264,7.843368
1179,11.77353048324585,-5.257616,3.272256,7.793136
1180,11.783896923065186,-5.276752,3.183752,7.84576
1181,11.79381251335144,-5.281536,3.100032,7.838584
1182,11.804012537002563,-5.281536,3.066544,7.862504
1183,11.813516616821289,-5.243264,3.035448,7.776392
1184,11.823705911636353,-5.17868,3.068936,7.783568
1185,11.833213806152344,-5.193032,3.064152,7.948616
1186,11.843547344207764,-5.27436,3.040232,7.943832
1187,11.853819608688354,-5.326984,3.083288,7.802704
1188,11.863835096359253,-5.276752,3.159832,7.867288
1189,11.873839855194092,-5.264792,3.083288,7.848152
1190,11.883803606033325,-5.276752,3.111992,7.80988
1191,11.893818616867065,-5.276752,3.111992,7.888816
1192,11.903913021087646,-5.224128,3.083288,7.824232
1193,11.91382098197937,-5.315024,3.107208,7.826624
1194,11.923511981964111,-5.29828,3.114384,7.943832
1195,11.934048414230347,-5.260008,3.092856,7.927088
1196,11.943819999694824,-5.240872,3.100032,7.864896
1197,11.953799486160278,-5.231304,3.080896,7.824232
1198,11.963513612747192,-5.22652,3.088072,7.793136
1199,11.973794937133789,-5.216952,3.09764,7.80988
1200,11.983813762664795,-5.228912,3.056976,7.915128
1201,11.993514776229858,-5.257616,3.092856,7.838584
1202,12.003980159759521,-5.228912,3.135912,7.788352
1203,12.013824224472046,-5.252832,3.088072,7.84576
1204,12.02352261543274,-5.303064,3.126344,7.8936
1205,12.033799886703491,-5.276752,3.13352,7.962968
1206,12.043816328048706,-5.338944,3.104816,7.848152
1207,12.053512334823608,-5.324592,3.090464,7.907952
1208,12.06380033493042,-5.27436,3.021096,7.903168
1209,12.073817729949951,-5.293496,3.023488,8.041904
1210,12.083210229873657,-5.197816,3.064152,8.053864
1211,12.093859910964966,-5.293496,3.088072,8.0132
1212,12.103822946548462,-5.305456,3.080896,7.974928
1213,12.113871574401855,-5.329376,3.138304,7.872072
1214,12.123809099197388,-5.324592,3.042624,8.06104
1215,12.133505582809448,-5.164328,3.068936,8.073
1216,12.143899202346802,-5.372432,3.092856,8.111272
1217,12.15383529663086,-5.343728,3.078504,8.087352
1218,12.163169384002686,-5.329376,3.088072,8.051472
1219,12.173885583877563,-5.350904,3.092856,8.032336
1220,12.183591842651367,-5.33416,3.114384,7.94144
1221,12.193789005279541,-5.300672,3.174184,7.910344
1222,12.203752517700195,-5.212168,3.107208,7.955792
1223,12.21379542350769,-5.293496,3.095248,8.02516
1224,12.223856687545776,-5.27436,3.126344,8.003632
1225,12.23388934135437,-5.271968,3.066544,8.068216
1226,12.243813037872314,-5.260008,3.066544,7.994064
1227,12.253846883773804,-5.097352,3.059368,7.94144
1228,12.26379942893982,-5.073432,3.052192,7.879248
1229,12.273800134658813,-5.044728,3.021096,8.020376
1230,12.283944606781006,-4.953832,3.042624,7.910344
1231,12.29406189918518,-5.001672,3.016312,7.884032
1232,12.303834438323975,-4.980144,2.992392,7.814664
1233,12.313852310180664,-5.006456,3.033056,7.888816
1234,12.323956489562988,-5.066256,2.99,7.982104
1235,12.33381462097168,-5.063864,3.011528,7.898384
1236,12.344088077545166,-5.087784,2.99,7.979712
1237,12.353811979293823,-5.102136,2.982824,7.915128
1238,12.363714694976807,-5.13084,3.066544,7.974928
1239,12.373881816864014,-5.104528,3.045016,7.912736
1240,12.384078741073608,-5.116488,3.076112,8.06104
1241,12.393797159194946,-5.097352,3.030664,8.003632
1242,12.403226613998413,-5.128448,3.03784,8.070608
1243,12.414051532745361,-5.123664,2.999568,7.991672
1244,12.423807859420776,-5.135624,2.946944,7.986888
1245,12.433524370193481,-5.104528,3.028272,7.903168
1246,12.443930864334106,-5.030376,3.02588,7.960576
1247,12.453810691833496,-4.977752,3.035448,8.006024
1248,12.463755130767822,-4.961008,3.021096,7.919912
1249,12.473910570144653,-5.063864,2.934984,8.00124
1250,12.483836650848389,-5.097352,2.889536,8.017984
1251,12.493913888931274,-5.087784,2.84648,7.996456
1252,12.50394582748413,-5.099744,2.963688,8.032336
1253,12.513848066329956,-5.183464,2.992392,8.087352
1254,12.524078845977783,-5.207384,3.016312,8.166288
1255,12.533895492553711,-5.22652,3.030664,8.082568
1256,12.543776988983154,-5.216952,2.999568,8.015592
1257,12.553889274597168,-5.164328,2.920632,8.027552
1258,12.563515424728394,-5.10692,2.884752,8.053864
1259,12.573795318603516,-5.061472,2.970864,7.919912
1260,12.583503007888794,-5.063864,2.975648,8.006024
1261,12.593516111373901,-5.049512,2.961296,8.163896
1262,12.603807210922241,-5.063864,2.980432,8.08496
1263,12.613515377044678,-5.099744,2.99,7.982104
1264,12.62395977973938,-5.128448,2.944552,8.0132
1265,12.633841276168823,-5.121272,2.891928,8.006024
1266,12.643970251083374,-5.080608,2.968472,7.996456
1267,12.653885126113892,-5.01124,2.99,8.04908
1268,12.663816452026367,-5.039944,3.009136,8.118448
1269,12.673902034759521,-5.054296,2.946944,8.039512
1270,12.683960437774658,-5.018416,2.91824,7.960576
1271,12.693519115447998,-4.977752,2.868008,8.008416
1272,12.703735828399658,-4.99928,2.90628,8.020376
1273,12.713892221450806,-5.051904,2.949336,7.967752
1274,12.723702669143677,-5.087784,3.011528,7.998848
1275,12.733848810195923,-5.1428,3.028272,8.075392
1276,12.743957996368408,-5.145192,2.923024,7.919912
1277,12.753803730010986,-5.097352,2.85844,7.94144
1278,12.763741731643677,-4.980144,2.915848,7.998848
1279,12.77354621887207,-4.860544,2.97804,7.915128
1280,12.783793687820435,-4.815096,2.980432,7.90556
1281,12.793863296508789,-4.719416,2.915848,7.936656
1282,12.804075241088867,-4.803136,2.923024,7.915128
1283,12.813809394836426,-4.877288,2.901496,7.910344
1284,12.823856592178345,-4.834232,2.925416,7.79792
1285,12.833513259887695,-4.870112,2.8704,7.80988
1286,12.843804121017456,-4.839016,2.925416,7.668752
1287,12.853886127471924,-4.762472,3.06176,7.776392
1288,12.863788843154907,-4.671576,3.011528,7.850544
1289,12.87382984161377,-4.74812,3.054584,7.752472
1290,12.88388967514038,-4.774432,3.021096,7.790744
1291,12.893226385116577,-4.889248,3.033056,7.730944
1292,12.903695583343506,-4.848584,3.030664,7.800312
1293,12.91385006904602,-4.803136,3.009136,7.850544
1294,12.923959016799927,-4.870112,2.973256,7.754864
1295,12.933811664581299,-4.791176,3.045016,7.874464
1296,12.943854093551636,-4.917952,3.047408,8.006024
1297,12.953496217727661,-5.104528,3.119168,7.943832
1298,12.963717222213745,-5.248048,3.198104,7.84576
1299,12.973827123641968,-5.319808,3.162224,7.788352
1300,12.983178615570068,-5.350904,3.219632,7.824232
1301,12.993815660476685,-5.279144,3.207672,7.998848
1302,13.003886461257935,-5.248048,3.231592,8.111272
1303,13.013199090957642,-5.2624,3.104816,8.053864
1304,13.023809909820557,-5.2624,3.09764,8.068216
1305,13.033874988555908,-5.224128,3.19332,7.946224
1306,13.043512344360352,-5.133232,3.298568,7.82184
1307,13.053830623626709,-5.073432,3.509064,7.8936
1308,13.063857793807983,-5.037552,3.489928,7.88164
1309,13.073202848434448,-4.968184,3.466008,7.979712
1310,13.084059000015259,-5.092568,3.310528,7.962968
1311,13.093866109848022,-5.19064,3.207672,7.888816
1312,13.10352349281311,-5.195424,3.14548,7.903168
1313,13.113819360733032,-5.331768,3.291392,7.888816
1314,13.123884439468384,-5.324592,3.494712,7.807488
1315,13.133500814437866,-5.25044,3.62388,7.8338
1316,13.143702030181885,-5.176288,3.654976,8.075392
1317,13.15383791923523,-5.260008,3.57604,8.123232
1318,13.163148880004883,-5.305456,3.518632,8.125624
1319,13.17379641532898,-5.446584,3.427736,8.022768
1320,13.183894634246826,-5.544656,3.406208,8.020376
1321,13.193246126174927,-5.602064,3.509064,8.080176
1322,13.203710794448853,-5.647512,3.51624,8.077784
1323,13.213856220245361,-5.566184,3.499496,8.166288
1324,13.223182916641235,-5.618808,3.511456,8.130408
1325,13.23378300666809,-5.599672,3.461224,8.0132
1326,13.24388837814331,-5.661864,3.525808,7.943832
1327,13.253498315811157,-5.664256,3.56408,7.991672
1328,13.26379656791687,-5.599672,3.554512,7.955792
1329,13.2738676071167,-5.532696,3.511456,7.94144
1330,13.283509254455566,-5.499208,3.549728,7.903168
1331,13.293794870376587,-5.4418,3.509064,7.819448
1332,13.303932666778564,-5.42984,3.50428,7.864896
1333,13.31349515914917,-5.37004,3.482752,7.831408
1334,13.323747634887695,-5.413096,3.54016,7.90556
1335,13.33376693725586,-5.40592,3.518632,7.900776
1336,13.343209505081177,-5.45376,3.537768,7.919912
1337,13.353726863861084,-5.422664,3.489928,7.974928
1338,13.363792896270752,-5.422664,3.497104,7.867288
1339,13.373502016067505,-5.35808,3.473184,7.946224
1340,13.383855819702148,-5.331768,3.391856,7.790744
1341,13.393910884857178,-5.427448,3.42056,7.919912
1342,13.40353536605835,-5.458544,3.51624,7.900776
1343,13.413830041885376,-5.578144,3.511456,7.86968
1344,13.423926591873169,-5.547048,3.506672,7.824232
1345,13.43354845046997,-5.563792,3.489928,7.852936
1346,13.443821668624878,-5.46572,3.425344,7.829016
1347,13.453863382339478,-5.367648,3.341624,7.831408
1348,13.463537454605103,-5.37004,3.344016,7.92948
1349,13.473881244659424,-5.37004,3.33684,7.860112
1350,13.483785390853882,-5.355688,3.367936,7.819448
1351,13.493576765060425,-5.343728,3.430128,7.745296
1352,13.503822565078735,-5.307848,3.389464,7.817056
1353,13.513841152191162,-5.240872,3.370328,7.740512
1354,13.523580551147461,-5.279144,3.39664,7.764432
1355,13.533847332000732,-5.188248,3.370328,7.836192
1356,13.54390287399292,-5.257616,3.355976,7.876856
1357,13.553552865982056,-5.300672,3.341624,7.86968
1358,13.563842535018921,-5.233696,3.255512,7.879248
1359,13.573866605758667,-5.19064,3.260296,7.852936
1360,13.583237886428833,-5.216952,3.210064,7.824232
1361,13.593847036361694,-5.224128,3.231592,7.9534
1362,13.604063510894775,-5.157152,3.281824,7.996456
1363,13.613574504852295,-5.276752,3.231592,8.123232
1364,13.62385106086731,-5.315024,3.198104,7.934264
1365,13.633883953094482,-5.336552,3.257904,7.924696
1366,13.643552780151367,-5.279144,3.080896,7.85772
1367,13.653815746307373,-5.195424,3.150264,7.91752
1368,13.663822174072266,-5.075824,3.128736,7.226232
1369,13.673583507537842,-4.977752,3.164616,8.010808
1370,13.683946132659912,-5.353296,3.1096,7.886424
1371,13.693827390670776,-5.19064,3.071328,7.943832
1372,13.702965021133423,-5.102136,3.078504,8.032336
1373,13.713809728622437,-5.123664,3.13352,7.991672
1374,13.7240309715271,-5.164328,3.1694,8.006024
1375,13.733277320861816,-5.099744,3.200496,7.939048
1376,13.743776559829712,-5.133232,3.178968,8.00124
1377,13.753844976425171,-5.027984,3.01392,7.96536
1378,13.76346230506897,-5.099744,2.925416,7.955792
1379,13.773674488067627,-4.992104,2.992392,7.991672
1380,13.783822059631348,-5.020808,3.07372,8.183032
1381,13.793105125427246,-5.114096,3.102424,8.159112
1382,13.803793907165527,-5.092568,2.968472,8.235656
1383,13.81387710571289,-5.097352,2.970864,8.209344
1384,13.823503494262695,-5.004064,2.85844,8.20456
1385,13.833803176879883,-4.98732,2.8704,8.24044
1386,13.843843221664429,-5.039944,2.920632,8.214128
1387,13.85349154472351,-5.078216,3.009136,8.26436
1388,13.863791227340698,-5.09496,2.958904,8.151936
1389,13.873883962631226,-5.090176,2.992392,8.178248
1390,13.883243799209595,-5.008848,2.934984,8.247616
1391,13.893838167190552,-4.977752,2.96608,8.235656
1392,13.90384554862976,-4.889248,2.95412,8.250008
1393,13.913533210754395,-4.81988,2.915848,8.350472
1394,13.923790216445923,-4.752904,2.95412,8.18064
1395,13.933854579925537,-4.76008,2.8704,8.15672
1396,13.943495035171509,-4.662008,2.925416,8.283496
1397,13.953769207000732,-4.618952,2.913456,8.290672
1398,13.963844776153564,-4.64048,2.865616,8.379176
1399,13.973493576049805,-4.64048,2.839304,8.278712
1400,13.983792066574097,-4.65244,2.791464,8.4318
1401,13.993862867355347,-4.671576,2.760368,8.297848
1402,14.003485679626465,-4.693104,2.767544,8.261968
1403,14.013829946517944,-4.504136,2.73884,8.199776
1404,14.023759126663208,-4.480216,2.76276,8.290672
1405,14.033274173736572,-4.504136,2.7508,8.22848
1406,14.043798685073853,-4.537624,2.76276,8.350472
1407,14.053852796554565,-4.44912,2.719704,8.412664
1408,14.063498973846436,-4.463472,2.700568,8.316984
1409,14.073795795440674,-4.434768,2.681432,8.374392
1410,14.083841562271118,-4.358224,2.67904,8.364824
1411,14.09325909614563,-4.334304,2.719704,8.33612
1412,14.103814363479614,-4.252976,2.719704,8.534656
1413,14.11379861831665,-4.229056,2.741232,8.513128
1414,14.12350082397461,-4.432376,2.671864,8.582496
1415,14.133860111236572,-4.408456,2.600104,8.58728
1416,14.144007921218872,-4.590248,2.61924,8.702096
1417,14.15349268913269,-4.6046,2.58336,8.752328
1418,14.163781642913818,-4.528056,2.55944,8.632728
1419,14.173853397369385,-4.480216,2.609672,8.716448
1420,14.18312382698059,-4.331912,2.530736,8.70688
1421,14.19385051727295,-4.410848,2.640768,8.819304
1422,14.203724384307861,-4.322344,2.640768,8.654256
1423,14.21349549293518,-4.477824,2.693392,8.824088
1424,14.22374153137207,-4.485,2.64316,8.773856
1425,14.23390817642212,-4.55676,2.60728,8.69492
1426,14.243484020233154,-4.446728,2.597712,8.666216
1427,14.253865957260132,-4.398888,2.609672,8.740368
1428,14.263947248458862,-4.25776,2.573792,8.792992
1429,14.27352499961853,-4.229056,2.604888,8.781032
1430,14.283720970153809,-4.250584,2.635984,8.781032
1431,14.29385757446289,-4.260152,2.633592,8.840832
1432,14.303483963012695,-4.207528,2.640768,8.764288
1433,14.313770294189453,-4.193176,2.576184,8.737976
1434,14.323777437210083,-4.095104,2.597712,8.809736
1435,14.333322525024414,-4.032912,2.566616,8.761896
1436,14.343782663345337,-4.095104,2.533128,8.7308
1437,14.353852033615112,-4.040088,2.53552,8.690136
1438,14.363531351089478,-4.166864,2.578576,8.824088
1439,14.373761177062988,-4.154904,2.564224,8.83844
1440,14.383891344070435,-4.171648,2.592928,8.859968
1441,14.3933687210083,-4.145336,2.609672,8.809736
1442,14.403772115707397,-4.075968,2.561832,8.70688
1443,14.413830757141113,-4.109456,2.561832,8.678176
1444,14.423493385314941,-3.999424,2.578576,8.7906
1445,14.433858633041382,-3.92288,2.566616,8.8504
1446,14.443784952163696,-3.91092,2.552264,8.855184
1447,14.453491926193237,-3.927664,2.470936,8.797776
1448,14.46384859085083,-3.8272,2.533128,8.687744
1449,14.473826169967651,-3.788928,2.552264,8.625552
1450,14.483206272125244,-3.721952,2.58336,8.51552
1451,14.493866920471191,-3.68368,2.561832,8.666216
1452,14.50394868850708,-3.67172,2.600104,8.776248
1453,14.513651371002197,-3.688464,2.612064,8.737976
1454,14.523858785629272,-3.664544,2.485288,8.582496
1455,14.534027338027954,-3.7076,2.406352,8.697312
1456,14.543490171432495,-3.757832,2.533128,8.52748
1457,14.553848028182983,-3.693248,2.614456,8.75472
1458,14.564046859741211,-3.738696,2.597712,8.752328
1459,14.573489665985107,-3.793712,2.597712,8.88628
1460,14.583827257156372,-3.870256,2.43984,8.828872
1461,14.594003200531006,-3.915704,2.317848,8.773856
1462,14.603209733963013,-3.887,2.325024,9.025016
1463,14.61385202407837,-3.949192,2.413528,8.991528
1464,14.623720645904541,-4.037696,2.502032,9.036976
1465,14.63347840309143,-4.01856,2.509208,9.01784
1466,14.643725395202637,-4.279288,2.552264,9.060896
1467,14.653891324996948,-4.3654,2.552264,9.194848
1468,14.663536548614502,-4.41324,2.492464,9.170928
1469,14.673830270767212,-4.427592,2.545088,9.18528
1470,14.683909177780151,-4.331912,2.502032,9.211592
1471,14.693478107452393,-4.188392,2.604888,9.108736
1472,14.70375108718872,-4.145336,2.652728,9.072856
1473,14.713929891586304,-4.040088,2.645552,9.0896
1474,14.723210096359253,-3.961152,2.662296,9.120696
1475,14.73383641242981,-3.951584,2.5714,9.056112
1476,14.743951082229614,-4.028128,2.528344,8.972392
1477,14.753486156463623,-3.997032,2.576184,8.843224
1478,14.763852834701538,-3.985072,2.614456,8.869536
1479,14.773792028427124,-3.920488,2.652728,8.800168
1480,14.783520460128784,-3.80328,2.691,8.709272
1481,14.794049739837646,-3.800888,2.662296,8.833656
1482,14.803529024124146,-3.805672,2.60728,8.7906
1483,14.813519477844238,-3.776968,2.497248,8.77864
1484,14.823823928833008,-3.760224,2.502032,8.735584
1485,14.833912372589111,-3.776968,2.473328,8.764288
1486,14.84348726272583,-3.796104,2.585752,8.702096
1487,14.85382604598999,-3.822416,2.674256,8.848008
1488,14.864045143127441,-3.829592,2.671864,8.65904
1489,14.873480319976807,-3.772184,2.626416,8.7308
1490,14.88388705253601,-3.831984,2.49964,8.714056
1491,14.893919944763184,-3.810456,2.42788,8.807344
1492,14.903186082839966,-3.74348,2.478112,8.678176
1493,14.913800716400146,-3.772184,2.497248,8.644688
1494,14.924050569534302,-3.729128,2.5714,8.522696
1495,14.933483839035034,-3.709992,2.621632,8.513128
1496,14.943849086761475,-3.62388,2.657512,8.604024
1497,14.95348834991455,-3.616704,2.664688,8.685352
1498,14.963271141052246,-3.698032,2.602496,8.721232
1499,14.973850965499878,-3.760224,2.5714,8.613592
1500,14.983325719833374,-3.753048,2.480504,8.5514
1501,14.993478059768677,-3.80328,2.576184,8.50356
