//Date Created 2022-12-09 13:15:58.932146
"//Units: sec, m/s/s"
Action,walking
SampleRate,100.0
Frames#,Time,AccX,AccY,AccZ
1,3.5762786865234375e-06,5.008848,11.273496,2.698176
2,0.005118608474731445,5.566184,10.187528,3.1096
3,0.015028953552246094,6.02784,9.553648,3.315312
4,0.025644302368164062,6.173752,9.869392,3.14548
5,0.03499579429626465,5.661864,10.59656,3.021096
6,0.045007944107055664,5.044728,11.354824,2.755584
7,0.055718421936035156,4.705064,11.86432,2.65512
8,0.06508994102478027,4.870112,12.237472,2.824952
9,0.0750126838684082,5.28632,12.876136,2.805816
10,0.08573031425476074,5.518344,13.397592,2.827344
11,0.09522485733032227,5.822128,13.854464,2.997176
12,0.10550570487976074,6.228768,13.8138,3.31292
13,0.11519861221313477,7.094672,13.402376,4.418024
14,0.12550067901611328,7.805096,12.974208,5.535088
15,0.13547801971435547,8.123232,12.309232,6.4584
16,0.14574337005615234,8.10888,11.273496,6.82916
17,0.15509319305419922,7.685496,10.216232,6.855472
18,0.16553449630737305,7.073144,9.147008,6.848296
19,0.17551803588867188,6.436872,8.470072,6.453616
20,0.18552684783935547,5.506384,7.934264,5.958472
21,0.19517302513122559,4.542408,7.587424,5.42984
22,0.205183744430542,3.68368,7.15208,4.9634
23,0.21515631675720215,2.968472,6.764576,4.56872
24,0.2252347469329834,2.449408,6.441656,4.17404
25,0.23520278930664062,2.061904,6.0996,3.977896
26,0.24520421028137207,1.784432,5.810168,3.822416
27,0.2551548480987549,1.693536,5.551832,3.643016
28,0.2657656669616699,1.569152,5.331768,3.571256
29,0.2751631736755371,1.432808,5.078216,3.174184
30,0.28511738777160645,1.334736,4.853368,2.877576
31,0.2958095073699951,0.961584,4.707456,2.72688
32,0.305206298828125,0.547768,4.633304,2.805816
33,0.3151438236236572,0.174616,4.044872,1.66244
34,0.32519006729125977,0.088504,4.439552,1.59068
35,0.3351571559906006,-1.181648,3.989856,1.956656
36,0.34544968605041504,-2.848872,5.532696,3.15744
37,0.3559904098510742,-0.619528,6.872216,2.6312
38,0.3657212257385254,0.306176,7.757256,3.064152
39,0.3748655319213867,-1.322776,7.183176,3.678896
40,0.38575172424316406,-3.116776,6.094816,2.652728
41,0.39503049850463867,-3.30096,5.683392,1.738984
42,0.40543055534362793,-2.8106,6.444048,2.102568
43,0.41573095321655273,-2.243696,8.14476,2.815384
44,0.42511487007141113,-1.358656,9.725872,3.12156
45,0.43551039695739746,0.117208,10.5248,3.351192
46,0.44573354721069336,0.928096,9.462752,3.289
47,0.45502781867980957,1.490216,8.173464,3.14548
48,0.46552324295043945,1.473472,7.757256,3.095248
49,0.47571635246276855,0.772616,8.21652,2.712528
50,0.485459566116333,0.51428,10.053576,3.0498
51,0.4950423240661621,0.504712,11.450504,2.980432
52,0.5057306289672852,0.20332,11.515088,3.035448
53,0.5154645442962646,-0.34684,11.177816,3.315312
54,0.5250058174133301,-1.140984,11.634688,3.748264
55,0.5357897281646729,-1.944696,12.6178,3.736304
56,0.5451476573944092,-2.528344,13.249288,3.855904
57,0.5550844669342041,-2.836912,13.464568,3.896568
58,0.5657758712768555,-2.937376,13.727688,4.119024
59,0.5750517845153809,-2.913456,14.043432,4.6046
60,0.5852038860321045,-2.760368,14.086488,4.755296
61,0.5959062576293945,-2.566616,13.952536,4.853368
62,0.6055407524108887,-2.22456,13.455,4.8438
63,0.6155576705932617,-1.693536,12.691952,4.635696
64,0.6251747608184814,-1.114672,11.809304,4.743336
65,0.6355299949645996,-0.504712,10.976888,4.554368
66,0.6455521583557129,0.045448,9.93876,4.530448
67,0.6554765701293945,0.533416,9.130264,4.650048
68,0.6654479503631592,0.966368,8.381568,4.618952
69,0.6754534244537354,1.018992,7.96536,4.578288
70,0.6857562065124512,1.093144,7.539584,4.355832
71,0.6950483322143555,0.74152,7.12816,4.231448
72,0.7054650783538818,0.487968,6.771752,4.0066
73,0.715726375579834,0.320528,6.48232,3.75544
74,0.725426197052002,0.169832,6.348368,3.678896
75,0.7350895404815674,-0.040664,6.0996,3.609528
76,0.7457659244537354,-0.1794,6.025448,3.38468
77,0.7555382251739502,-0.03588,5.81256,3.188536
78,0.7656309604644775,0.236808,5.829304,3.128736
79,0.7757365703582764,0.437736,6.02784,3.08568
80,0.7854907512664795,0.480792,6.116344,3.054584
81,0.7952065467834473,0.301392,6.31488,3.03784
82,0.8051726818084717,-0.007176,6.597136,3.116776
83,0.815518856048584,-0.473616,6.798064,3.186144
84,0.8252182006835938,-1.085968,7.09228,3.375112
85,0.835904598236084,-1.406496,7.455864,3.293784
86,0.8452212810516357,-1.53088,7.998848,3.430128
87,0.8552107810974121,-1.90164,8.065824,2.614456
88,0.8657960891723633,-2.22456,7.886424,2.17672
89,0.875307559967041,-2.90628,9.16136,3.162224
90,0.8851888179779053,-2.968472,9.642152,2.298712
91,0.89579176902771,-3.226808,9.910056,2.08104
92,0.9051668643951416,-3.63584,10.268856,2.133664
93,0.915189266204834,-4.111848,9.517768,1.605032
94,0.9257626533508301,-4.312776,9.84308,1.96144
95,0.9351632595062256,-4.013776,10.204272,1.837056
96,0.9451868534088135,-3.664544,10.558288,1.628952
97,0.955878496170044,-3.489928,11.582064,1.784432
98,0.9651834964752197,-3.475576,13.077064,1.621776
99,0.9757139682769775,-3.255512,14.440504,1.473472
100,0.9857921600341797,-2.72688,15.098304,1.628952
101,0.9950342178344727,-1.942304,14.73472,2.018848
102,1.005521297454834,-0.940056,13.74204,2.336984
103,1.015761137008667,-0.110032,12.799592,2.84648
104,1.0255193710327148,0.423384,12.208768,3.09764
105,1.0350868701934814,0.509496,12.409696,2.94216
106,1.0457420349121094,0.330096,12.742184,2.502032
107,1.05548095703125,-0.040664,13.254072,2.203032
108,1.0655181407928467,-0.205712,13.5746,1.987752
109,1.0757298469543457,0.03588,13.710944,1.798784
110,1.085543155670166,0.325312,13.89752,2.026024
111,1.095555305480957,0.794144,13.907088,1.887288
112,1.1057593822479248,0.830024,13.923832,2.047552
113,1.1155011653900146,0.818064,13.591344,1.683968
114,1.1251847743988037,0.810888,13.304304,1.621776
115,1.1357781887054443,1.1362,13.019656,1.715064
116,1.145052433013916,1.700712,12.675208,1.827488
117,1.1550352573394775,2.138448,11.914552,1.96144
118,1.1658215522766113,2.23652,10.936224,2.114528
119,1.1750378608703613,2.018848,9.883744,2.29632
120,1.185462236404419,1.779648,9.118304,2.509208
121,1.195732593536377,1.241448,8.297848,2.566616
122,1.2054712772369385,0.758264,7.628088,2.554656
123,1.215458631515503,0.284648,7.094672,2.325024
124,1.2256693840026855,-0.0598,6.719128,2.119312
125,1.2350378036499023,-0.401856,6.439264,1.939912
126,1.2450320720672607,-0.770224,6.20724,1.681576
127,1.25565505027771,-1.0764,6.130696,1.628952
128,1.265481948852539,-1.334736,6.149832,1.695928
129,1.275468349456787,-1.57872,6.020664,1.526096
130,1.285658836364746,-1.511744,6.001528,1.4352
131,1.29544997215271,-1.521312,5.977608,1.41128
132,1.3054225444793701,-1.430416,5.963256,1.368224
133,1.315657377243042,-1.229488,6.035016,1.325168
134,1.3255517482757568,-1.150552,6.125912,1.308424
135,1.3354909420013428,-1.102712,6.073288,1.272544
136,1.3456807136535645,-1.0764,5.853224,1.18404
137,1.355466365814209,-1.109888,5.834088,0.997464
138,1.3650858402252197,-1.200784,5.869968,0.901784
139,1.3758387565612793,-1.310816,6.190496,0.806104
140,1.3851447105407715,-1.526096,7.070752,0.614744
141,1.3954641819000244,-1.54284,8.302632,0.105248
142,1.40570068359375,-2.040376,9.996168,-0.220064
143,1.41569185256958,-1.712672,11.055824,-1.164904
144,1.4255187511444092,-3.202888,13.794664,1.2558
145,1.4356749057769775,-1.741376,13.034008,0.90896
146,1.4450974464416504,-2.9302,11.737544,1.8538
147,1.455482006072998,-3.681288,11.306984,1.380184
148,1.4656615257263184,-3.602352,11.943256,1.236664
149,1.4754574298858643,-2.351336,11.952824,1.093144
150,1.4855022430419922,-1.547624,12.409696,1.241448
151,1.495713710784912,-1.241448,13.481312,1.59068
152,1.505450963973999,-1.777256,13.83772,1.999712
153,1.5154352188110352,-2.5714,12.921584,2.693392
154,1.5260188579559326,-3.119168,11.161072,3.39664
155,1.5354580879211426,-3.078504,9.297704,3.640624
156,1.5454626083374023,-2.36808,7.826624,3.578432
157,1.5557048320770264,-1.198392,6.587568,3.4684
158,1.5654628276824951,-0.186576,5.690568,3.32488
159,1.5754642486572266,0.363584,5.602064,2.992392
160,1.585669994354248,0.10764,6.8172,2.430272
161,1.59539794921875,-0.664976,9.515376,1.66244
162,1.6054294109344482,-1.624168,12.321192,1.538056
163,1.6157243251800537,-2.066688,12.792416,1.846624
164,1.6255381107330322,-1.676792,12.058072,1.99732
165,1.6355221271514893,-1.047696,12.770888,2.502032
166,1.645749568939209,-0.279864,13.258856,2.53552
167,1.6555137634277344,0.511888,12.68956,2.325024
168,1.6655101776123047,1.468688,11.23044,2.023632
169,1.6757752895355225,2.485288,9.644544,2.028416
170,1.685542345046997,3.222024,8.809736,2.903888
171,1.6955175399780273,3.131128,8.47964,3.784144
172,1.7057561874389648,2.325024,7.864896,4.360616
173,1.7150139808654785,1.0764,7.025304,4.465864
174,1.72529935836792,0.038272,6.269432,4.626128
175,1.73579740524292,-0.700856,5.81256,4.611776
176,1.74509596824646,-1.10032,5.60924,4.523272
177,1.7551443576812744,-1.308424,5.798208,4.071184
178,1.765836238861084,-1.198392,6.056544,3.858296
179,1.7751376628875732,-1.179256,6.451224,3.578432
180,1.785480260848999,-1.38736,6.676072,2.820168
181,1.7955236434936523,-1.018992,7.544368,3.63584
182,1.805548906326294,-1.63852,7.39128,2.923024
183,1.815521240234375,-1.863368,8.30024,3.389464
184,1.8255114555358887,-2.691,8.608808,2.83452
185,1.8350279331207275,-3.023488,8.199776,1.927952
186,1.8452162742614746,-2.765152,7.860112,1.633736
187,1.8556797504425049,-2.5116,8.163896,2.413528
188,1.865485668182373,-2.46376,8.505952,3.056976
189,1.8750801086425781,-2.5714,8.345688,2.779504
190,1.885674238204956,-2.8704,8.34808,2.525952
191,1.8957977294921875,-3.023488,8.446152,2.262832
192,1.9054722785949707,-3.442088,8.529872,2.2126
193,1.9160499572753906,-3.717168,8.704488,2.083432
194,1.9254581928253174,-3.903744,8.82648,1.982968
195,1.9354863166809082,-4.071184,9.273784,2.00928
196,1.945866346359253,-4.241016,9.745008,2.004496
197,1.9554708003997803,-4.300816,10.197096,1.98536
198,1.965470552444458,-4.1262,10.419552,2.016456
199,1.975696086883545,-3.537768,10.558288,2.097784
200,1.9854540824890137,-2.77472,10.830976,2.150408
201,1.9954872131347656,-2.234128,11.57728,1.96144
202,2.0056655406951904,-1.963832,12.24704,1.887288
203,2.0151922702789307,-1.667224,12.586704,1.846624
204,2.02553129196167,-1.361048,12.369032,1.74616
205,2.035860300064087,-1.157728,12.058072,1.832272
206,2.045511484146118,-1.014208,11.641864,1.88968
207,2.0554962158203125,-1.081184,11.106056,1.688752
208,2.0657150745391846,-1.32756,10.929048,1.645696
209,2.0754995346069336,-1.416064,11.23044,1.251016
210,2.0855014324188232,-1.672008,11.866712,0.997464
211,2.0956854820251465,-2.102568,12.622584,1.023776
212,2.1055078506469727,-2.537912,13.100984,1.119456
213,2.115501642227173,-2.824952,13.364104,1.284504
214,2.125737190246582,-2.78668,13.38324,1.298856
215,2.1355338096618652,-2.399176,13.309088,1.29168
216,2.1451475620269775,-1.645696,13.306696,1.196
217,2.1557178497314453,-0.901784,13.105768,1.262976
218,2.1654956340789795,-0.117208,12.9168,1.361048
219,2.1751105785369873,0.588432,12.395344,1.700712
220,2.185856819152832,1.0166,11.806912,2.20064
221,2.1950347423553467,1.51892,10.840544,2.530736
222,2.2055110931396484,1.832272,10.029656,2.54748
223,2.2157135009765625,1.908816,9.111128,2.604888
224,2.225440263748169,1.736592,8.314592,2.693392
225,2.235053062438965,1.478256,7.63048,2.731664
226,2.2456676959991455,0.985504,7.137728,2.841696
227,2.255467414855957,0.387504,6.62584,2.734056
228,2.265455484390259,-0.169832,6.353152,2.624024
229,2.2757012844085693,-0.794144,6.106776,2.59532
230,2.2854459285736084,-1.253408,5.960864,2.291536
231,2.295516014099121,-1.581112,5.99196,1.968616
232,2.30548095703125,-1.748552,6.101992,1.516528
233,2.3155195713043213,-1.942304,6.439264,1.284504
234,2.325444459915161,-1.98536,6.819592,1.203176
235,2.3356754779815674,-2.336984,7.48696,1.217528
236,2.3457837104797363,-1.559584,5.362864,-1.791608
237,2.355078935623169,-2.088216,8.728408,3.119168
238,2.3658225536346436,-2.289144,9.142224,1.301248
239,2.375016450881958,-1.42324,7.695064,-1.420848
240,2.3854708671569824,-1.884896,6.855472,-0.351624
241,2.3957066535949707,-1.822704,7.28364,1.157728
242,2.405461072921753,-1.56676,8.21652,1.191216
243,2.415461301803589,-1.109888,8.716448,-0.102856
244,2.4255831241607666,-1.215136,9.443616,-0.60996
245,2.435089588165283,-1.968616,10.515232,0.007176
246,2.44547176361084,-2.789072,11.2424,0.521456
247,2.455772638320923,-3.439696,11.15868,0.794144
248,2.4654810428619385,-3.705208,11.306984,0.901784
249,2.475471019744873,-3.437304,10.642008,0.679328
250,2.485706090927124,-3.425344,10.555896,1.035736
251,2.495452642440796,-3.147872,10.840544,1.392144
252,2.5054619312286377,-2.841696,11.512696,1.84184
253,2.515712022781372,-2.47572,12.268568,1.719848
254,2.5249834060668945,-2.210208,12.610624,1.731808
255,2.535050630569458,-1.8538,11.699272,2.100176
256,2.5456888675689697,-1.468688,10.484136,2.46376
257,2.5554511547088623,-0.904176,9.498632,3.0498
258,2.5654218196868896,-0.22724,8.367216,3.111992
259,2.5758607387542725,0.368368,7.278856,3.176576
260,2.5854482650756836,0.880256,6.73348,3.458832
261,2.595456838607788,1.062048,6.728696,3.178968
262,2.6054534912109375,0.66976,7.788352,2.827344
263,2.6154215335845947,-0.01196,9.893312,2.169544
264,2.62548565864563,-0.664976,11.904984,1.844232
265,2.635967969894409,-0.975936,12.524512,1.849016
266,2.6455280780792236,-0.93288,12.995736,2.279576
267,2.6554927825927734,-0.380328,13.696592,2.695784
268,2.6656978130340576,0.253552,13.34736,2.635984
269,2.6750195026397705,-0.055016,13.201448,3.793712
270,2.6854708194732666,-0.33488,12.053288,4.083144
271,2.6957597732543945,0.050232,10.027264,3.410992
272,2.705716609954834,0.76544,8.517912,3.760224
273,2.7154641151428223,1.260584,7.934264,4.77204
274,2.725458860397339,1.547624,7.448688,5.25044
275,2.7350313663482666,1.310816,6.70956,4.850976
276,2.7454535961151123,0.949624,5.614024,3.992248
277,2.7556989192962646,0.186576,5.475288,4.22188
278,2.7654383182525635,-0.46644,5.889104,4.46108
279,2.7754197120666504,-1.607424,4.953832,3.31292
280,2.786273956298828,-1.365832,5.771896,3.927664
281,2.7954204082489014,-1.4352,7.40324,4.599816
282,2.8054726123809814,-1.899248,6.92484,3.49232
283,2.815687417984009,-2.262832,6.738264,2.4518
284,2.8257434368133545,-2.652728,7.501312,2.640768
285,2.8350276947021484,-2.982824,7.790744,2.375256
286,2.845817804336548,-3.382288,7.754864,2.037984
287,2.8551385402679443,-3.391856,8.080176,2.420704
288,2.865138053894043,-2.997176,8.326552,2.585752
289,2.875744342803955,-2.66708,8.259576,2.748408
290,2.8852767944335938,-2.700568,7.939048,2.717312
291,2.895294189453125,-2.875184,7.673536,2.628808
292,2.9058730602264404,-3.188536,7.671144,2.67904
293,2.9151997566223145,-3.724344,7.972536,2.734056
294,2.9252686500549316,-4.324736,8.51552,2.509208
295,2.935770273208618,-4.87968,8.907808,2.121704
296,2.945218086242676,-5.138016,9.168536,2.011672
297,2.9551565647125244,-5.23848,9.441224,1.942304
298,2.9658851623535156,-5.092568,9.701952,1.856192
299,2.9749834537506104,-4.717024,10.060752,1.846624
300,2.9851768016815186,-4.207528,10.278424,1.899248
301,2.995948314666748,-3.62388,10.589384,2.059512
302,3.0055739879608154,-3.100032,11.383528,2.004496
303,3.0155723094940186,-2.848872,12.349896,1.884896
304,3.0257630348205566,-2.478112,13.089024,1.789216
305,3.0355663299560547,-2.064296,13.376064,1.827488
306,3.0455844402313232,-1.691144,13.297128,1.834664
307,3.0557758808135986,-1.449552,12.888096,2.026024
308,3.065479040145874,-1.65048,12.419264,2.054728
309,3.0755412578582764,-1.813136,11.680136,2.243696
310,3.0857763290405273,-1.75812,10.917088,2.317848
311,3.095552682876587,-1.540448,10.649184,2.370472
312,3.1055099964141846,-1.5548,10.797488,2.2724
313,3.1157147884368896,-1.717456,11.285456,2.088216
314,3.1255428791046143,-1.9734,11.51748,1.794
315,3.135014295578003,-2.150408,11.826048,1.65048
316,3.145636558532715,-2.0332,12.041328,1.535664
317,3.1555259227752686,-1.712672,12.213552,1.571544
318,3.1655282974243164,-1.246232,12.536472,1.416064
319,3.175945997238159,-0.985504,12.801984,1.516528
320,3.185544729232788,-0.667368,12.955072,1.6744
321,3.195066213607788,-0.258336,12.818728,1.966224
322,3.205721139907837,0.2392,12.359464,1.956656
323,3.2154691219329834,0.80132,11.692096,2.0332
324,3.2254106998443604,1.36344,10.890776,2.138448
325,3.2359752655029297,1.956656,10.024872,2.229344
326,3.2450246810913086,2.234128,9.04176,2.40396
327,3.255528211593628,2.28436,8.16868,2.43984
328,3.26576566696167,2.114528,7.494136,2.401568
329,3.275500774383545,1.62656,6.857864,2.449408
330,3.2855100631713867,1.129024,6.55408,2.346552
331,3.29573392868042,0.46644,6.288568,2.265224
332,3.305506944656372,-0.318136,6.2192,2.222168
333,3.315078020095825,-1.023776,6.18332,2.167152
334,3.325709342956543,-1.645696,6.317272,1.918384
335,3.335249185562134,-2.1528,6.580392,1.703104
336,3.3455395698547363,-2.561832,6.85308,1.428024
337,3.355903387069702,-2.82256,7.147296,1.396928
338,3.3655409812927246,-2.994784,7.601776,1.12424
339,3.375131368637085,-2.856048,7.561112,0.722384
340,3.385712146759033,-1.63852,6.202456,-1.282112
341,3.3955352306365967,-2.753192,8.604024,2.70296
342,3.4055020809173584,-2.413528,8.178248,0.507104
343,3.4157047271728516,-1.44716,7.661576,-0.420992
344,3.425541877746582,-0.578864,7.101848,0.62192
345,3.435563802719116,-0.636272,7.324304,2.124096
346,3.445711612701416,-0.949624,8.58728,1.176864
347,3.455526113510132,-0.999856,10.484136,-0.45448
348,3.465545892715454,-1.777256,11.512696,-0.492752
349,3.4760024547576904,-3.0498,11.381136,0.600392
350,3.4850854873657227,-3.559296,11.21848,1.167296
351,3.495537519454956,-3.176576,10.905128,1.069224
352,3.5057053565979004,-3.004352,10.909912,1.380184
353,3.5155324935913086,-2.635984,11.053432,1.628952
354,3.525489568710327,-2.145624,11.106056,1.609816
355,3.5356860160827637,-1.844232,11.431368,1.492608
356,3.545170783996582,-1.30364,12.077208,1.308424
357,3.5551600456237793,-1.007032,13.14404,1.463904
358,3.5657644271850586,-1.475864,13.486096,1.53088
359,3.575080156326294,-2.179112,12.526904,1.954264
360,3.5851666927337646,-2.46376,10.900344,2.437448
361,3.5960114002227783,-2.3322,9.240296,2.420704
362,3.6055521965026855,-1.703104,7.716592,2.377648
363,3.615520715713501,-0.906568,6.43448,2.447016
364,3.6257033348083496,-0.28704,5.69296,2.5116
365,3.6353530883789062,0.01196,5.712096,2.528344
366,3.645512819290161,-0.26312,6.759792,2.411136
367,3.655704975128174,-1.038128,8.843224,1.794
368,3.6655142307281494,-2.109744,11.859536,1.258192
369,3.674990653991699,-2.925416,13.246896,1.270152
370,3.685854196548462,-3.162224,12.488632,1.605032
371,3.695544719696045,-2.767544,11.94804,1.691144
372,3.7055141925811768,-1.846624,11.950432,1.636128
373,3.7159202098846436,-0.87308,11.405056,2.02124
374,3.7255067825317383,-0.121992,10.280816,2.573792
375,3.735541582107544,0.45448,9.206808,3.167008
376,3.745640993118286,0.959192,8.273928,3.645408
377,3.7550101280212402,1.167296,7.620912,4.083144
378,3.7651450634002686,1.191216,7.176,4.250584
379,3.775717258453369,0.875472,6.810024,4.453904
380,3.7854912281036377,0.385112,6.50624,4.52088
381,3.7949774265289307,-0.04784,6.30292,4.623736
382,3.805680513381958,-0.4186,6.19528,4.202744
383,3.815479278564453,-0.631488,6.2192,3.942016
384,3.8254640102386475,-1.133808,6.515808,4.080752
385,3.8357396125793457,-1.317992,6.357936,3.355976
386,3.8455326557159424,-0.4784,7.647224,3.99464
387,3.8550844192504883,-0.62192,8.936512,4.348656
388,3.865706205368042,-1.78204,7.94144,3.463616
389,3.8755249977111816,-1.657656,6.807632,2.078648
390,3.885344982147217,-1.896856,8.654256,3.977896
391,3.895690441131592,-1.712672,9.0896,3.329664
392,3.9054079055786133,-2.061904,8.281104,2.42788
393,3.9153435230255127,-2.454192,7.955792,2.399176
394,3.9257614612579346,-2.657512,7.984496,2.724488
395,3.9354970455169678,-2.796248,8.178248,2.937376
396,3.9455058574676514,-3.01392,8.226088,2.552264
397,3.9559667110443115,-3.461224,8.429408,2.26044
398,3.965169906616211,-4.087928,8.871928,1.942304
399,3.9751033782958984,-4.61656,9.225944,1.856192
400,3.985751152038574,-5.04712,9.362288,1.655264
401,3.9950854778289795,-5.114096,9.541688,1.612208
402,4.005507946014404,-4.920344,9.756968,1.652872
403,4.015713691711426,-4.68832,10.008128,1.705496
404,4.025503158569336,-4.3654,10.194704,1.600248
405,4.035537242889404,-3.753048,10.328656,1.772472
406,4.045709133148193,-3.138304,10.675496,1.96144
407,4.055561780929565,-2.746016,11.436152,1.894464
408,4.065519332885742,-2.401568,12.249432,1.789216
409,4.075709581375122,-2.06908,12.751752,1.772472
410,4.085540771484375,-1.581112,12.684776,1.930344
411,4.095542669296265,-1.203176,12.517336,2.093
412,4.105503082275391,-1.272544,12.137008,2.286752
413,4.115520238876343,-1.609816,11.46964,2.20064
414,4.1254918575286865,-1.856192,10.921872,2.394392
415,4.135704755783081,-1.942304,10.701808,2.325024
416,4.145764589309692,-1.982968,10.917088,2.317848
417,4.155028581619263,-2.059512,11.345256,2.183896
418,4.165891647338867,-2.159976,11.814088,1.992536
419,4.175080060958862,-2.17672,12.213552,1.707888
420,4.185180425643921,-1.966224,12.445576,1.664832
421,4.195712089538574,-1.75812,12.541256,1.60264
422,4.205570697784424,-1.495,12.596272,1.636128
423,4.215483903884888,-1.138592,12.517336,1.600248
424,4.2257163524627686,-0.664976,12.524512,1.738984
425,4.235485792160034,-0.057408,12.33076,1.707888
426,4.245535135269165,0.533416,12.017408,1.75812
427,4.25596284866333,1.08836,11.464856,1.975792
428,4.26554799079895,1.473472,10.876424,2.107352
429,4.275523662567139,1.593072,10.05836,2.339376
430,4.28579568862915,1.561976,9.30488,2.456584
431,4.295104503631592,1.3754,8.465288,2.592928
432,4.305477142333984,1.143376,7.671144,2.564224
433,4.315733194351196,0.834808,7.106632,2.580968
434,4.3254640102386475,0.354016,6.654544,2.53552
435,4.3354785442352295,-0.040664,6.312488,2.442232
436,4.345706224441528,-0.413816,6.078072,2.480504
437,4.355720281600952,-0.748696,6.042192,2.191072
438,4.365475177764893,-1.119456,6.157008,2.14084
439,4.3757195472717285,-1.561976,6.32684,2.040376
440,4.385369300842285,-2.037984,6.525376,1.808352
441,4.394855976104736,-2.853656,7.269288,1.98536
442,4.405664682388306,-2.492464,6.046976,0.351624
443,4.414987564086914,-2.502032,7.805096,2.576184
444,4.425429105758667,-3.095248,8.871928,2.10496
445,4.435927152633667,-2.360904,7.927088,-1.12424
446,4.445521831512451,-2.162368,7.286032,-0.459264
447,4.455465793609619,-1.789216,6.786104,0.975936
448,4.46572732925415,-2.114528,7.7142,2.16476
449,4.475079536437988,-1.274936,8.02516,0.16744
450,4.485528945922852,-0.863512,8.6112,-0.569296
451,4.495710611343384,-1.738984,9.749792,0.691288
452,4.505449295043945,-2.109744,10.209056,0.66976
453,4.515542507171631,-2.896712,10.5248,0.52624
454,4.525710582733154,-3.523416,10.732904,-0.145912
455,4.535498380661011,-3.855904,10.74008,0.121992
456,4.545517444610596,-3.712384,11.046256,0.559728
457,4.555715560913086,-3.00196,11.33808,1.234272
458,4.565484046936035,-2.250872,11.491168,1.707888
459,4.575098752975464,-1.750944,11.926512,1.528488
460,4.585788726806641,-1.810744,12.816336,1.313208
461,4.595083951950073,-2.24848,13.615264,1.162512
462,4.6055450439453125,-2.951728,13.361712,1.561976
463,4.61578369140625,-3.195712,12.058072,2.02124
464,4.625570774078369,-2.839304,10.615696,2.772328
465,4.635554552078247,-2.298712,9.285744,3.2292
466,4.645780086517334,-1.456728,8.10888,3.714776
467,4.655548810958862,-0.734344,6.898528,3.55212
468,4.665127277374268,-0.444912,5.94412,3.621488
469,4.675791501998901,-0.593216,5.87236,3.334448
470,4.685094833374023,-1.081184,7.070752,2.731664
471,4.69555139541626,-1.87772,9.701952,1.908816
472,4.705796957015991,-2.528344,11.991096,1.406496
473,4.715819597244263,-2.748408,11.940864,1.569152
474,4.725525140762329,-2.095392,11.43376,1.968616
475,4.7357964515686035,-0.942448,12.012624,2.02124
476,4.745259523391724,0.124384,12.476672,2.28436
477,4.755121946334839,0.832416,12.022192,2.552264
478,4.765828371047974,1.227096,11.010376,2.418312
479,4.77613377571106,1.715064,9.953112,2.576184
480,4.785175800323486,2.071472,8.926944,2.949336
481,4.795132398605347,2.186288,8.374392,3.437304
482,4.8055572509765625,1.870544,7.915128,3.961152
483,4.8155412673950195,1.169688,7.348224,4.262544
484,4.825773239135742,0.3588,6.73348,4.441944
485,4.8351147174835205,-0.57408,6.32684,4.50892
486,4.8455750942230225,-1.21992,6.066112,4.097496
487,4.855890989303589,-2.028416,6.264648,4.463472
488,4.86530065536499,-1.664832,6.331624,3.89896
489,4.875087022781372,-2.530736,5.989568,3.195712
490,4.885960340499878,-2.265224,6.738264,3.279432
491,4.895185470581055,-1.521312,7.924696,3.588
492,4.905239582061768,-2.159976,8.1926,3.190928
493,4.915876626968384,-2.937376,7.508488,2.43984
494,4.925746202468872,-2.755584,7.010952,1.968616
495,4.9351420402526855,-2.136056,7.561112,2.375256
496,4.945748329162598,-1.884896,8.075392,2.877576
497,4.955064535140991,-2.169544,8.458112,3.231592
498,4.965134382247925,-2.638376,8.269144,2.609672
499,4.975748062133789,-3.045016,7.867288,1.837056
500,4.985211372375488,-3.358368,7.836192,1.571544
501,4.995083808898926,-3.85112,8.372,1.803568
502,5.005711317062378,-4.355832,8.98196,2.04516
503,5.015504598617554,-4.745728,9.347936,2.006888
504,5.025503158569336,-4.925128,9.560824,1.894464
505,5.035784721374512,-4.937088,9.701952,1.8538
506,5.045118093490601,-4.905992,9.838296,1.858584
507,5.055071830749512,-4.650048,10.041616,1.884896
508,5.0658955574035645,-4.147728,10.209056,1.882504
509,5.07521390914917,-3.568864,10.469784,2.126488
510,5.085259675979614,-3.152656,11.0032,1.968616
511,5.0958850383758545,-3.042624,11.991096,1.712672
512,5.105127334594727,-2.937376,12.74936,1.607424
513,5.115279674530029,-2.753192,13.103376,1.624168
514,5.125271320343018,-2.255656,12.962248,1.691144
515,5.1352198123931885,-1.784432,12.397736,2.11692
516,5.1453375816345215,-1.353872,11.802128,2.298712
517,5.155869245529175,-1.27972,11.024728,2.291536
518,5.165210723876953,-1.41128,10.3454,2.389608
519,5.175167083740234,-1.695928,10.259288,2.145624
520,5.185856103897095,-2.083432,10.563072,2.006888
521,5.195061206817627,-2.528344,11.065392,1.870544
522,5.20548677444458,-3.116776,11.57728,1.82988
523,5.21570611000061,-3.315312,11.82844,1.645696
524,5.225490093231201,-3.076112,11.993488,1.547624
525,5.235509157180786,-2.545088,12.029368,1.777256
526,5.245728254318237,-1.803568,12.172888,1.640912
527,5.255536794662476,-1.200784,12.36664,1.906424
528,5.26553201675415,-0.803712,12.424048,1.84184
529,5.2760231494903564,-0.299,12.10352,1.93752
530,5.285900831222534,0.318136,11.550968,2.061904
531,5.295536041259766,0.971152,10.761608,2.198248
532,5.305708169937134,1.621776,9.996168,2.183896
533,5.315474271774292,1.942304,9.235512,2.20064
534,5.325495719909668,1.930344,8.446152,2.348944
535,5.335726737976074,1.679184,7.707024,2.348944
536,5.345141887664795,1.17208,7.197528,2.513992
537,5.355484962463379,0.588432,6.755008,2.528344
538,5.365920543670654,0.050232,6.491888,2.432664
539,5.3750646114349365,-0.296608,6.317272,2.30828
540,5.3851964473724365,-0.653016,6.257472,2.037984
541,5.395066499710083,-1.002248,6.403384,1.791608
542,5.405544281005859,-1.320384,6.604312,1.56676
543,5.4155449867248535,-1.509352,6.920056,1.442376
544,5.425720691680908,-1.605032,7.19992,1.296464
545,5.435511112213135,-1.784432,7.467824,0.9568
546,5.445151090621948,-1.9136,7.936656,0.880256
547,5.455732107162476,-1.631344,7.757256,0.696072
548,5.465763568878174,-1.050088,6.683248,-0.45448
549,5.47511887550354,-1.963832,7.8936,1.418456
550,5.4857072830200195,-0.954408,7.520448,-0.160264
551,5.495543718338013,-0.810888,7.245368,0.08372
552,5.505513906478882,-0.916136,7.314736,0.385112
553,5.515715599060059,-0.37076,8.618376,0.363584
554,5.52550745010376,-0.653016,9.857432,-0.220064
555,5.535520792007446,-2.059512,10.862072,-0.327704
556,5.545716285705566,-3.413384,11.357216,-0.03588
557,5.555548191070557,-3.987464,11.208912,0.19136
558,5.565515995025635,-3.85112,11.132368,0.667368
559,5.575761318206787,-3.413384,11.29024,1.002248
560,5.585515737533569,-2.920632,11.495952,1.236664
561,5.5950846672058105,-2.423096,11.689704,1.114672
562,5.6057209968566895,-2.131272,11.931296,0.94484
563,5.615511655807495,-2.148016,12.562784,0.755872
564,5.625470876693726,-2.38004,13.199056,0.894608
565,5.635709285736084,-2.695784,12.957464,1.389752
566,5.6455159187316895,-2.767544,11.902592,2.102568
567,5.655508041381836,-2.533128,10.708984,2.588144
568,5.665720701217651,-2.277184,9.503416,3.078504
569,5.67568302154541,-1.808352,8.104096,3.303352
570,5.685534954071045,-1.294072,6.91288,3.422952
571,5.6957268714904785,-0.897,6.17136,3.363152
572,5.705073356628418,-0.916136,6.341192,3.045016
573,5.7150654792785645,-1.38736,7.907952,2.540304
574,5.725719213485718,-2.002104,10.2856,2.162368
575,5.735012531280518,-2.1528,11.694488,2.157584
576,5.745100975036621,-1.832272,11.689704,2.34416
577,5.7557172775268555,-1.014208,11.787776,2.262832
578,5.76557469367981,-0.057408,12.110696,2.262832
579,5.775583505630493,0.791752,11.986312,2.46376
580,5.7856621742248535,1.205568,11.342864,2.506816
581,5.795292377471924,1.313208,10.558288,2.695784
582,5.805529832839966,1.368224,9.575176,3.088072
583,5.815698862075806,1.353872,8.804952,3.399032
584,5.825016021728516,1.365832,8.20456,3.7674
585,5.834953308105469,1.102712,7.66636,3.951584
586,5.84559440612793,0.841984,7.207096,4.04248
587,5.854840278625488,0.289432,6.716736,4.008992
588,5.8649444580078125,-0.2392,6.353152,3.992248
589,5.87556529045105,-0.691288,6.157008,3.879824
590,5.884934425354004,-1.20796,6.104384,3.69564
591,5.894931793212891,-1.449552,6.200064,3.702816
592,5.9055140018463135,-1.750944,6.49428,3.56408
593,5.914908170700073,-1.552408,6.738264,3.107208
594,5.92520546913147,-2.054728,6.532552,2.365688
595,5.935728073120117,-1.624168,8.008416,3.059368
596,5.94520115852356,-1.827488,9.05372,2.975648
597,5.95502495765686,-2.789072,8.52748,2.183896
598,5.965824127197266,-3.289,7.836192,1.349088
599,5.9750988483428955,-2.901496,7.874464,1.451944
600,5.985196590423584,-2.604888,8.493992,2.217384
601,5.995969295501709,-2.8106,8.76668,2.72688
602,6.005140781402588,-3.164616,8.68296,2.408744
603,6.01554799079895,-3.549728,8.505952,1.77008
604,6.025750398635864,-3.925272,8.553792,1.573936
605,6.035531997680664,-4.22188,8.888672,1.75812
606,6.045560836791992,-4.499352,9.158968,2.093
607,6.055726051330566,-4.630912,9.419696,2.071472
608,6.065545082092285,-4.669184,9.587136,1.858584
609,6.075409412384033,-4.566328,9.955504,1.810744
610,6.085737228393555,-4.382144,10.3454,1.834664
611,6.095137357711792,-3.831984,10.48892,1.94948
612,6.105101823806763,-3.322488,10.85968,2.088216
613,6.11571741104126,-2.884752,11.522264,1.98536
614,6.125555992126465,-2.652728,12.287704,1.736592
615,6.135566234588623,-2.492464,12.80916,1.600248
616,6.145615577697754,-2.193464,12.739792,1.791608
617,6.155555486679077,-1.77008,12.333152,1.887288
618,6.165558099746704,-1.47108,11.63708,2.026024
619,6.175761461257935,-1.294072,11.019944,2.148016
620,6.185092449188232,-1.32756,10.658752,2.124096
621,6.195056200027466,-1.499784,10.634832,2.126488
622,6.205693483352661,-1.786824,11.007984,1.863368
623,6.215497016906738,-2.222168,11.644256,1.748552
624,6.225498914718628,-2.430272,11.98392,1.71028
625,6.235743045806885,-2.746016,12.101128,1.868152
626,6.245502471923828,-2.779504,12.084384,1.9136
627,6.25551438331604,-2.700568,12.11548,1.99732
628,6.265703201293945,-2.329808,11.928904,1.774864
629,6.2757275104522705,-1.583504,11.890632,1.57872
630,6.285505771636963,-0.830024,11.730368,1.545232
631,6.295730352401733,0.03588,11.431368,1.521312
632,6.305517911911011,0.751088,10.97928,1.760512
633,6.315490484237671,1.29168,10.304736,1.772472
634,6.325697422027588,1.569152,9.601488,1.882504
635,6.335494756698608,1.655264,8.845616,2.234128
636,6.345447778701782,1.679184,8.199776,2.246088
637,6.355951309204102,1.557192,7.63048,2.205424
638,6.364969730377197,1.382576,7.166432,2.234128
639,6.375019311904907,0.949624,6.759792,2.145624
640,6.3857879638671875,0.495144,6.477536,2.174328
641,6.394975900650024,-0.045448,6.307704,2.028416
642,6.405532598495483,-0.6578,6.185712,2.018848
643,6.41572380065918,-1.14816,6.252688,1.880112
644,6.4254255294799805,-1.53088,6.377072,1.760512
645,6.435556173324585,-1.860976,6.678464,1.760512
646,6.445775508880615,-1.92556,7.08032,1.377792
647,6.455534219741821,-2.016456,7.27168,1.234272
648,6.465547800064087,-2.016456,7.448688,1.131416
649,6.475770950317383,-1.939912,7.64244,1.12424
650,6.485178470611572,-1.803568,7.611344,0.710424
651,6.495562314987183,-1.439984,7.106632,0.387504
652,6.505847454071045,-1.915992,7.565896,1.430416
653,6.515491962432861,-1.176864,6.963112,-0.110032
654,6.52556037902832,-1.097928,7.836192,1.188824
655,6.535785436630249,-1.82988,8.788208,1.334736
656,6.545226335525513,-2.640768,9.6278,-0.045448
657,6.5552942752838135,-3.12156,10.204272,-0.542984
658,6.565998077392578,-3.351192,11.132368,0.33488
659,6.575157642364502,-3.272256,11.833224,0.987896
660,6.585219383239746,-3.056976,12.311624,1.133808
661,6.5958030223846436,-2.856048,12.316408,1.18404
662,6.605250597000122,-2.722096,12.180064,1.384968
663,6.615175247192383,-2.662296,12.268568,1.413672
664,6.6258156299591064,-2.77472,13.103376,1.389752
665,6.63563084602356,-3.054584,13.875992,1.179256
666,6.645261526107788,-3.375112,13.70616,1.44716
667,6.655796527862549,-3.334448,12.213552,1.918384
668,6.665537357330322,-2.784288,10.627656,2.664688
669,6.675114154815674,-1.880112,9.206808,3.26508
670,6.685789346694946,-1.045304,7.795528,3.74348
671,6.695588111877441,-0.401856,6.56604,3.992248
672,6.705602407455444,-0.1794,5.614024,3.89896
673,6.715801954269409,-0.46644,5.805384,3.401424
674,6.72559118270874,-1.04052,7.408024,2.779504
675,6.735581159591675,-1.808352,10.328656,1.999712
676,6.7457945346832275,-2.286752,12.309232,1.655264
677,6.755857944488525,-2.198248,12.182456,1.858584
678,6.76559042930603,-1.50696,12.0796,1.92556
679,6.775640964508057,-0.672152,12.703912,1.918384
680,6.785585403442383,-0.07176,12.684776,1.975792
681,6.795093059539795,0.136344,11.914552,2.36808
682,6.805711984634399,0.255944,10.819016,2.516384
683,6.8150670528411865,0.528632,9.584744,2.832128
684,6.825195789337158,0.98072,8.675784,3.250728
685,6.835016489028931,1.164904,7.88164,3.7674
686,6.8452136516571045,0.954408,7.262112,3.925272
687,6.855067014694214,0.464048,6.539728,4.178824
688,6.865714073181152,-0.20332,5.994352,4.343872
689,6.875094652175903,-0.868296,5.587712,4.307992
690,6.885711193084717,-1.198392,5.367648,4.133376
691,6.895733118057251,-1.454336,5.458544,3.853512
692,6.905443429946899,-1.7342,5.936944,4.028128
693,6.915562391281128,-2.327416,6.611488,4.0664
694,6.925717830657959,-1.320384,6.68564,3.210064
695,6.935535430908203,-2.303496,6.26704,2.222168
696,6.945173025131226,-1.94948,7.10424,2.729272
697,6.955735683441162,-1.858584,8.663824,3.317704
698,6.96552300453186,-2.502032,8.5514,2.5714
699,6.975488901138306,-2.85844,7.776392,1.858584
700,6.985795736312866,-2.372864,7.735728,1.954264
701,6.996044158935547,-2.10496,8.135192,2.647944
702,7.005699872970581,-2.20064,8.173464,2.88236
703,7.015719413757324,-2.564224,8.211736,2.66708
704,7.025861740112305,-3.054584,8.161504,2.078648
705,7.03558349609375,-3.678896,8.21652,1.999712
706,7.045806884765625,-4.260152,8.618376,2.226952
707,7.055531978607178,-4.597424,8.996312,2.382432
708,7.0652995109558105,-4.714632,9.297704,2.470936
709,7.0759360790252686,-4.803136,9.541688,2.48768
710,7.085261344909668,-4.829448,9.960288,2.348944
711,7.095308780670166,-4.585464,10.266464,2.301104
712,7.1059370040893555,-4.147728,10.618088,2.24848
713,7.115537881851196,-3.63584,11.177816,2.310672
714,7.125312328338623,-3.164616,11.98392,2.159976
715,7.135893106460571,-2.89432,12.990952,2.066688
716,7.145339012145996,-2.698176,13.782704,2.05712
717,7.155303478240967,-2.432664,13.854464,2.093
718,7.1658854484558105,-2.109744,13.2158,2.16476
719,7.175105094909668,-1.664832,12.502984,2.325024
720,7.185234546661377,-1.449552,11.871496,2.389608
721,7.195817232131958,-1.382576,11.223264,2.53552
722,7.20566987991333,-1.377792,10.515232,2.573792
723,7.2155327796936035,-1.442376,10.146864,2.447016
724,7.225945234298706,-1.648088,10.23776,2.305888
725,7.235536098480225,-1.904032,10.708984,2.030808
726,7.245518445968628,-2.08104,11.259144,1.87772
727,7.255794525146484,-2.1528,11.629904,1.915992
728,7.26560640335083,-2.167152,11.723192,1.798784
729,7.275617361068726,-2.037984,11.88824,1.810744
730,7.285768747329712,-1.557192,11.964784,1.612208
731,7.2955803871154785,-0.92092,12.084384,1.504568
732,7.305492639541626,-0.138736,11.986312,1.44716
733,7.315782070159912,0.882648,11.747112,1.45912
734,7.325563430786133,1.57872,11.287848,1.68636
735,7.335019111633301,2.23652,10.685064,1.750944
736,7.345695495605469,2.600104,9.871784,1.999712
737,7.355523109436035,2.784288,8.998704,2.085824
738,7.36548113822937,2.54748,8.194992,2.0332
739,7.375704050064087,2.270008,7.503704,2.052336
740,7.385431528091431,1.779648,6.862648,1.956656
741,7.39551568031311,1.081184,6.436872,2.08104
742,7.405746698379517,0.327704,6.068504,2.00928
743,7.4155542850494385,-0.464048,5.834088,1.90164
744,7.425535440444946,-1.229488,5.771896,1.92556
745,7.435491323471069,-1.784432,5.771896,1.906424
746,7.445085763931274,-2.310672,5.9202,1.63852
747,7.455553770065308,-2.53552,6.274216,1.33952
748,7.465746164321899,-2.7508,6.58996,1.133808
749,7.47502326965332,-2.736448,7.054008,0.820456
750,7.4855263233184814,-2.76276,7.329088,0.667368
751,7.495752811431885,-2.659904,7.209488,0.399464
752,7.50552225112915,-2.20064,7.49892,0.81328
753,7.51551365852356,-2.516384,8.027552,1.425632
754,7.5257298946380615,-1.872936,7.345832,-0.40664
755,7.535216808319092,-1.779648,7.752472,0.712816
756,7.545454978942871,-1.74616,8.139976,0.930488
757,7.555721282958984,-1.923168,8.62316,-0.0598
758,7.565547466278076,-2.454192,9.223552,-0.385112
759,7.575053691864014,-2.956512,10.4052,0.004784
760,7.585729360580444,-3.260296,11.335688,0.2392
761,7.595530271530151,-3.31292,11.725584,0.602784
762,7.605539560317993,-3.20528,11.794952,0.82524
763,7.6157190799713135,-3.06176,11.701664,1.107496
764,7.625454902648926,-3.009136,11.63708,1.294072
765,7.635063171386719,-3.006744,11.550968,1.313208
766,7.645964860916138,-2.824952,11.632296,0.997464
767,7.65553879737854,-2.824952,12.23508,0.92092
768,7.665590047836304,-3.064152,13.206232,0.987896
769,7.675739049911499,-3.219632,13.505232,1.473472
770,7.685961008071899,-3.083288,12.46232,1.9734
771,7.6955461502075195,-2.88236,10.802272,2.542696
772,7.705737829208374,-2.5714,9.130264,2.915848
773,7.7155725955963135,-1.808352,7.793136,3.332056
774,7.725527048110962,-1.05248,6.800456,3.379896
775,7.735031843185425,-0.425776,6.400992,3.255512
776,7.745218992233276,-0.40664,6.977464,2.772328
777,7.755467176437378,-0.806104,8.828872,2.238912
778,7.76589560508728,-1.349088,11.196952,2.014064
779,7.775104522705078,-1.487824,12.182456,2.358512
780,7.785214900970459,-0.937664,12.160928,2.70296
781,7.79593825340271,0.110032,12.512552,2.829736
782,7.805243730545044,0.954408,12.9168,2.8704
783,7.815567493438721,1.33952,12.727832,3.035448
784,7.825728178024292,1.418456,11.92412,3.095248
785,7.835438966751099,1.492608,10.84772,3.150264
786,7.845162630081177,1.664832,9.864608,3.595176
787,7.855731964111328,1.772472,9.072856,4.107064
788,7.865452527999878,1.59068,8.307416,4.307992
789,7.875109910964966,1.217528,7.518056,4.530448
790,7.885723352432251,0.617136,6.80524,4.324736
791,7.895545482635498,0.081328,6.264648,4.04248
792,7.905540943145752,-0.411424,6.02784,3.686072
793,7.915735960006714,-0.688896,5.94412,3.365544
794,7.9255571365356445,-0.901784,6.030232,3.425344
795,7.935506582260132,-1.026168,6.0996,3.219632
796,7.945739030838013,-1.444768,6.460792,3.449264
797,7.955082416534424,-1.59068,6.415344,2.65512
798,7.965033531188965,-1.93752,6.549296,2.399176
799,7.975728988647461,-2.734056,7.154472,2.277184
800,7.984996557235718,-2.006888,8.151936,2.401568
801,7.995521306991577,-2.46376,8.869536,2.860832
802,8.005718231201172,-2.920632,8.333728,2.085824
803,8.01502776145935,-2.729272,7.623304,1.253408
804,8.02541470527649,-2.506816,8.2524,2.291536
805,8.035741567611694,-2.580968,8.427016,2.279576
806,8.045507431030273,-2.817776,8.233264,1.987752
807,8.055545806884766,-3.116776,8.259576,1.633736
808,8.06583285331726,-3.454048,8.197384,1.63852
809,8.075434923171997,-3.75544,8.429408,1.887288
810,8.08556056022644,-3.903744,8.800168,2.026024
811,8.095737218856812,-3.91092,8.953256,2.169544
812,8.105485439300537,-3.887,9.103952,2.143232
813,8.115561723709106,-3.906136,9.288136,2.030808
814,8.125706911087036,-3.793712,9.67564,1.868152
815,8.135540246963501,-3.544944,10.340616,2.037984
816,8.14555311203003,-2.963688,10.902736,1.920776
817,8.155764818191528,-2.210208,11.58924,1.887288
818,8.165526151657104,-1.7342,12.311624,1.875328
819,8.175522089004517,-1.380184,12.758928,1.755728
820,8.185741662979126,-1.30364,12.790024,1.719848
821,8.19551682472229,-1.057264,12.407304,1.911208
822,8.205519914627075,-0.803712,12.050896,2.169544
823,8.21572494506836,-0.566904,11.503128,2.36808
824,8.225526332855225,-0.337272,10.964928,2.468544
825,8.235522270202637,-0.232024,10.503272,2.334592
826,8.245708465576172,-0.232024,10.448256,2.174328
827,8.255556583404541,-0.461656,10.866856,1.9136
828,8.265075445175171,-1.074008,11.486384,1.78204
829,8.275733232498169,-1.832272,11.962392,1.779648
830,8.285562515258789,-2.289144,12.273352,1.78204
831,8.295499086380005,-2.207816,12.337936,1.801176
832,8.305568218231201,-1.822704,12.507768,1.750944
833,8.315515518188477,-1.236664,12.589096,1.82988
834,8.3255455493927,-0.853944,12.644112,1.717456
835,8.335779428482056,-0.578864,12.572352,1.837056
836,8.345237731933594,-0.318136,12.361856,2.093
837,8.355119466781616,-0.04784,11.818872,2.191072
838,8.365792989730835,0.387504,11.139544,2.222168
839,8.375056266784668,0.830024,10.314304,2.293928
840,8.3852379322052,1.289288,9.438832,2.20064
841,8.395728349685669,1.432808,8.726016,2.2126
842,8.405559778213501,1.32756,8.003632,2.30828
843,8.415063858032227,0.985504,7.405632,2.360904
844,8.425699949264526,0.528632,7.02052,2.42788
845,8.43491530418396,0.160264,6.714344,2.274792
846,8.445125579833984,-0.320528,6.49428,2.011672
847,8.456073522567749,-0.686504,6.465576,1.715064
848,8.465030431747437,-1.057264,6.573216,1.643304
849,8.475504159927368,-1.430416,6.85308,1.56676
850,8.485709190368652,-1.908816,7.046832,1.394536
851,8.495571851730347,-2.293928,7.345832,1.229488
852,8.505407094955444,-2.59532,7.484568,0.901784
853,8.515689373016357,-2.76276,7.34344,0.767832
854,8.525521993637085,-2.657512,7.252544,0.566904
855,8.535505294799805,-2.336984,7.489352,0.51428
856,8.545778036117554,-1.851408,7.1162,0.435344
857,8.555045366287231,-2.497248,7.228624,1.169688
858,8.5656099319458,-2.203032,8.03712,0.492752
859,8.57565426826477,-1.825096,7.998848,-0.521456
860,8.585466861724854,-1.908816,7.912736,0.07176
861,8.595124006271362,-1.942304,8.094528,0.887432
862,8.6058349609375,-2.042768,8.783424,0.990288
863,8.615604639053345,-2.253264,9.960288,0.698464
864,8.625595808029175,-2.757976,11.259144,0.540592
865,8.636015176773071,-3.344016,11.957608,0.624312
866,8.645610332489014,-3.733912,11.873888,1.18404
867,8.655136585235596,-3.55212,11.400272,1.361048
868,8.665241241455078,-3.045016,11.034296,1.600248
869,8.675621509552002,-2.53552,11.184992,1.724632
870,8.685585260391235,-2.12888,11.845184,1.628952
871,8.695829153060913,-2.17672,12.931152,1.396928
872,8.7055983543396,-2.016456,13.325832,1.272544
873,8.715612888336182,-1.923168,12.361856,1.947088
874,8.725850343704224,-1.738984,10.81184,2.95412
875,8.735608100891113,-1.365832,9.290528,3.293784
876,8.745505094528198,-0.712816,7.867288,3.38468
877,8.755815505981445,-0.133952,6.867432,3.537768
878,8.76559853553772,-0.04784,6.269432,3.65976
879,8.77521300315857,-0.354016,6.53016,3.25312
880,8.785726070404053,-1.10032,7.946224,2.71492
881,8.795558214187622,-2.203032,10.701808,2.037984
882,8.805569648742676,-2.777112,13.112944,1.7342
883,8.815927982330322,-2.458976,13.100984,2.516384
884,8.825469255447388,-1.54284,12.622584,3.01392
885,8.835534572601318,-0.356408,12.92876,2.863224
886,8.845942258834839,0.487968,12.727832,2.650336
887,8.855535745620728,0.971152,11.62512,2.54748
888,8.865493774414062,1.50696,10.307128,2.89432
889,8.87574028968811,1.947088,9.142224,3.401424
890,8.885547637939453,2.40396,8.269144,3.817632
891,8.895532131195068,2.585752,7.525232,4.068792
892,8.905799388885498,2.449408,6.982248,4.236232
893,8.915523052215576,1.712672,6.453616,4.324736
894,8.925527095794678,0.856336,6.00392,4.47304
895,8.935692310333252,0.033488,5.697744,4.64048
896,8.945181608200073,-0.794144,5.719272,4.709848
897,8.955036401748657,-1.6146,6.23116,5.025592
898,8.965679168701172,-0.954408,6.109168,4.159688
899,8.975066423416138,-2.090608,5.736016,3.413384
900,8.985224723815918,-1.827488,6.477536,3.776968
901,8.996004343032837,-2.028416,7.532408,2.913456
902,9.005545377731323,-2.06908,8.18064,3.186144
903,9.015554428100586,-3.238768,9.10156,3.604744
904,9.025768756866455,-3.772184,8.685352,2.310672
905,9.03510332107544,-3.532984,8.594456,2.08104
906,9.0455482006073,-3.140696,8.417448,2.485288
907,9.055784225463867,-2.820168,8.34808,3.080896
908,9.065462350845337,-2.76276,8.355256,3.183752
909,9.075119495391846,-3.104816,8.104096,2.777112
910,9.08510684967041,-3.446872,7.948616,2.530736
911,9.095601558685303,-3.760224,8.101704,2.41592
912,9.10555124282837,-4.154904,8.465288,2.411136
913,9.11577558517456,-4.418024,8.864752,2.181504
914,9.125072956085205,-4.571112,9.23312,1.956656
915,9.135535955429077,-4.59264,9.637368,1.872936
916,9.145762205123901,-4.56872,10.091848,1.896856
917,9.15554428100586,-4.468256,10.347792,1.935128
918,9.165245532989502,-4.03052,10.39324,2.04516
919,9.1757493019104,-3.45644,10.706592,2.049944
920,9.185813903808594,-3.052192,11.400272,1.894464
921,9.195154428482056,-2.803424,12.239864,1.786824
922,9.205757856369019,-2.274792,12.866568,1.717456
923,9.215764999389648,-1.918384,12.818728,1.62656
924,9.225449800491333,-1.7342,12.589096,1.99732
925,9.235770463943481,-1.851408,12.160928,2.107352
926,9.245772361755371,-2.049944,11.390704,2.305888
927,9.255573272705078,-2.22456,10.737688,2.509208
928,9.265787601470947,-2.030808,10.27364,2.647944
929,9.27557921409607,-1.679184,10.087064,2.669472
930,9.285218954086304,-1.78204,10.302344,2.447016
931,9.295759916305542,-2.100176,10.981672,2.073864
932,9.305422306060791,-2.566616,11.381136,1.827488
933,9.315561056137085,-2.77472,11.790168,1.779648
934,9.325758218765259,-2.592928,11.914552,1.724632
935,9.3355712890625,-2.327416,12.16332,1.820312
936,9.345552444458008,-1.810744,12.189632,1.856192
937,9.355773687362671,-1.239056,12.06764,1.755728
938,9.365545988082886,-0.736736,12.03176,1.796392
939,9.375589609146118,-0.265512,11.790168,1.927952
940,9.385812759399414,0.471224,11.359608,2.011672
941,9.396036148071289,1.08836,10.71616,2.231736
942,9.40560245513916,1.62656,10.053576,2.375256
943,9.415796279907227,1.980576,9.331192,2.468544
944,9.425555944442749,2.076256,8.601632,2.549872
945,9.435571670532227,1.908816,7.891208,2.54748
946,9.445821762084961,1.504568,7.257328,2.43984
947,9.455567359924316,0.9568,6.8172,2.358512
948,9.465452432632446,0.318136,6.472752,2.255656
949,9.475764274597168,-0.248768,6.341192,2.14084
950,9.48536205291748,-0.870688,6.453616,2.148016
951,9.495559930801392,-1.485432,6.573216,1.990144
952,9.505755186080933,-1.930344,6.688032,1.920776
953,9.515541791915894,-2.396784,7.025304,1.789216
954,9.525509119033813,-2.731664,7.22384,1.48304
955,9.535746812820435,-2.961296,7.539584,1.29168
956,9.545127391815186,-3.021096,7.730944,1.131416
957,9.555124282836914,-3.035448,7.943832,0.894608
958,9.565889358520508,-2.925416,7.819448,1.02856
959,9.575089454650879,-2.48768,7.78596,0.674544
960,9.585313081741333,-2.1528,8.183032,0.88504
961,9.595947742462158,-1.119456,7.530016,0.102856
962,9.605545043945312,-1.657656,8.314592,1.401712
963,9.615574598312378,-1.99732,9.486672,0.519064
964,9.625786066055298,-2.047552,10.216232,-0.578864
965,9.635595560073853,-2.040376,10.7042,0.055016
966,9.645605325698853,-1.748552,11.40984,1.246232
967,9.655784606933594,-1.20796,11.711232,1.528488
968,9.665611743927002,-0.93288,11.723192,1.461512
969,9.675590753555298,-0.906568,11.58924,1.59068
970,9.685774087905884,-1.069224,11.512696,1.569152
971,9.695549726486206,-1.258192,11.448112,1.425632
972,9.705070972442627,-1.23188,11.778208,1.06444
973,9.716087818145752,-1.365832,12.603448,0.87308
974,9.725536584854126,-1.655264,13.32344,1.119456
975,9.735548973083496,-1.648088,12.591488,2.08104
976,9.745678901672363,-1.320384,11.204128,2.757976
977,9.755537271499634,-0.600392,9.689992,3.238768
978,9.765583515167236,-0.09568,8.321768,3.559296
979,9.775771856307983,0.093288,6.908096,3.616704
980,9.785208225250244,0.045448,5.858008,3.410992
981,9.795186281204224,-0.356408,5.599672,3.355976
982,9.805923700332642,-1.021384,6.618664,2.94216
983,9.815133810043335,-2.083432,9.240296,2.305888
984,9.825184106826782,-3.07372,12.33076,1.727024
985,9.835939168930054,-3.475576,13.242112,2.138448
986,9.845287561416626,-3.08568,12.436008,2.695784
987,9.855224370956421,-2.291536,12.302056,2.779504
988,9.865817546844482,-1.487824,12.471888,2.801032
989,9.875073194503784,-0.892216,11.62512,2.856048
990,9.885228395462036,-0.253552,10.2856,3.064152
991,9.895917892456055,0.52624,8.977176,3.387072
992,9.905237913131714,1.296464,7.951008,3.652584
993,9.915233135223389,1.72224,7.27168,3.956368
994,9.925804138183594,1.786824,6.764576,4.064008
995,9.935529232025146,1.6146,6.319664,4.17404
996,9.945024728775024,1.117064,5.951296,4.267328
997,9.95576024055481,0.401856,5.685784,4.4252
998,9.965526819229126,-0.169832,5.458544,4.068792
999,9.975529909133911,-1.430416,5.733624,4.32952
1000,9.985676050186157,-0.9568,6.355544,4.2458
1001,9.995564699172974,-1.930344,5.618808,3.021096
1002,10.005521059036255,-1.636128,6.180928,3.116776
1003,10.015763282775879,-1.652872,7.891208,4.176432
1004,10.025422096252441,-2.274792,8.446152,3.489928
1005,10.03503131866455,-2.791464,7.848152,2.36808
1006,10.045703649520874,-2.691,7.680712,1.906424
1007,10.055545330047607,-2.203032,8.34808,2.47572
1008,10.06520962715149,-1.939912,9.034584,2.970864
1009,10.075764656066895,-2.064296,9.192456,3.171792
1010,10.085598468780518,-2.54748,8.757112,2.635984
1011,10.095580816268921,-3.052192,8.333728,2.437448
1012,10.10577392578125,-3.434912,8.36004,2.456584
1013,10.115585088729858,-3.781752,8.912592,2.674256
1014,10.125593185424805,-4.145336,9.383816,2.817776
1015,10.135761737823486,-4.391712,9.5082,2.569008
1016,10.14526104927063,-4.602208,9.572784,2.557048
1017,10.154982566833496,-4.886856,9.503416,2.640768
1018,10.165775060653687,-5.13084,9.510592,2.4518
1019,10.17516016960144,-5.128448,9.682816,2.382432
1020,10.185258150100708,-4.834232,9.89092,2.322632
1021,10.195838451385498,-4.142944,10.170784,2.382432
1022,10.205264329910278,-3.449264,10.8238,2.346552
1023,10.215162992477417,-3.08568,11.749504,2.037984
1024,10.225841760635376,-2.975648,12.825904,1.884896
1025,10.235625743865967,-2.578576,13.151216,1.681576
1026,10.245629787445068,-1.942304,12.565176,1.939912
1027,10.256027460098267,-1.224704,11.622728,2.157584
1028,10.265449523925781,-0.80132,10.749648,2.504424
1029,10.275607109069824,-0.5382,10.0464,2.674256
1030,10.285654544830322,-0.521456,9.572784,2.85844
1031,10.295548677444458,-0.638664,9.410128,2.769936
1032,10.305580139160156,-1.095536,9.692384,2.5714
1033,10.315657138824463,-1.700712,10.24972,2.267616
1034,10.325678586959839,-2.36808,10.797488,2.011672
1035,10.33560299873352,-2.927808,11.486384,1.712672
1036,10.345749139785767,-3.207672,11.943256,1.605032
1037,10.355285406112671,-2.973256,12.1992,1.57872
1038,10.365551710128784,-2.36808,12.266176,1.56676
1039,10.375744342803955,-1.640912,12.433616,1.609816
1040,10.385580062866211,-1.057264,12.59388,1.681576
1041,10.395589351654053,-0.181792,12.524512,1.609816
1042,10.405654430389404,0.696072,12.268568,1.92556
1043,10.415581464767456,1.516528,11.730368,2.286752
1044,10.425445079803467,2.30828,11.005592,2.325024
1045,10.435657024383545,2.980432,10.185136,2.516384
1046,10.445603609085083,3.24116,9.369464,2.676648
1047,10.455571174621582,3.14548,8.661432,2.66708
1048,10.465628147125244,2.537912,7.895992,2.777112
1049,10.475569725036621,1.810744,7.326696,2.662296
1050,10.485568284988403,0.870688,6.850688,2.801032
1051,10.495765209197998,-0.007176,6.489496,2.6312
1052,10.505463600158691,-0.78936,6.312488,2.449408
1053,10.515575885772705,-1.442376,6.214416,2.289144
1054,10.5256187915802,-1.994928,6.3388,2.030808
1055,10.535586595535278,-2.334592,6.403384,1.846624
1056,10.545583248138428,-2.676648,6.67368,1.550016
1057,10.555754899978638,-2.705352,6.994208,1.329952
1058,10.565608024597168,-2.676648,7.21188,1.121848
1059,10.575124025344849,-2.628808,7.465432,0.904176
1060,10.585786581039429,-2.844088,7.264504,0.7774
1061,10.595548152923584,-2.693392,7.36736,0.966368
1062,10.605587244033813,-2.418312,7.563504,0.913744
1063,10.615624189376831,-1.688752,6.860256,-0.181792
1064,10.625592470169067,-1.870544,7.341048,1.018992
1065,10.635577917098999,-2.131272,7.257328,0.516672
1066,10.64596962928772,-1.057264,8.283496,0.468832
1067,10.655723333358765,-2.026024,9.120696,0.70564
1068,10.666574239730835,-3.143088,9.895704,0.052624
1069,10.675745487213135,-3.568864,10.694632,-0.0598
1070,10.685545206069946,-3.269864,11.232832,0.818064
1071,10.695556163787842,-2.597712,11.381136,1.538056
1072,10.705737829208374,-2.2126,11.452896,1.87772
1073,10.715518236160278,-2.08104,11.548576,1.966224
1074,10.725541114807129,-2.346552,11.567712,1.777256
1075,10.736012935638428,-2.686216,11.579672,1.437592
1076,10.745071649551392,-3.02588,12.065248,1.420848
1077,10.755110502243042,-3.475576,12.933544,1.473472
1078,10.76594352722168,-3.848728,12.900056,1.863368
1079,10.775072813034058,-3.580824,11.663392,2.836912
1080,10.785224676132202,-2.70296,10.21384,3.399032
1081,10.795972347259521,-1.444768,8.943688,3.583216
1082,10.805562257766724,-0.217672,7.506096,3.4684
1083,10.815596103668213,0.45448,6.348368,3.535376
1084,10.825785398483276,0.84916,5.84844,3.365544
1085,10.83536958694458,0.50232,6.49428,2.949336
1086,10.845177173614502,-0.325312,8.498776,2.198248
1087,10.856091976165771,-1.344304,11.49356,1.631344
1088,10.865692377090454,-2.12888,12.96464,1.784432
1089,10.87562346458435,-2.303496,12.407304,2.518776
1090,10.885785818099976,-1.982968,12.297272,2.851264
1091,10.895094633102417,-1.442376,12.679992,2.609672
1092,10.905426502227783,-0.987896,12.357072,2.590536
1093,10.915847778320312,-0.552552,11.35004,2.70296
1094,10.925581455230713,-0.03588,10.20188,2.997176
1095,10.935583353042603,0.648232,8.989136,3.289
1096,10.945837259292603,1.384968,7.998848,3.91092
1097,10.955562829971313,1.870544,7.429552,4.408456
1098,10.965551137924194,2.028416,6.874608,4.468256
1099,10.975188970565796,1.767688,6.310096,4.597424
1100,10.985241413116455,1.27972,5.903456,4.76008
1101,10.995086908340454,0.617136,5.690568,4.611776
1102,11.005799055099487,-0.124384,5.747976,4.418024
1103,11.015618085861206,-0.736736,6.066112,4.214704
1104,11.025598526000977,-1.198392,6.453616,3.989856
1105,11.036000490188599,-1.612208,6.932016,3.800888
1106,11.045323133468628,-1.927952,7.443904,3.470792
1107,11.055665731430054,-2.186288,7.900776,3.123952
1108,11.065895318984985,-2.301104,8.149544,2.521168
1109,11.075440406799316,-2.91824,8.364824,1.968616
1110,11.085206031799316,-2.521168,9.1494,2.399176
1111,11.09581208229065,-2.408744,8.984352,2.34416
1112,11.105852127075195,-2.573792,9.044152,2.901496
1113,11.115603923797607,-2.765152,8.374392,2.22456
1114,11.125836849212646,-2.72688,7.840976,1.870544
1115,11.135623693466187,-2.863224,8.056256,2.310672
1116,11.145512104034424,-3.100032,8.493992,2.449408
1117,11.155936479568481,-3.497104,9.07764,2.32024
1118,11.165607929229736,-3.858296,9.237904,2.174328
1119,11.175265789031982,-4.20992,9.19724,2.085824
1120,11.185818910598755,-4.470648,9.237904,2.0332
1121,11.195487976074219,-4.537624,9.57996,1.963832
1122,11.205618858337402,-4.587856,10.151648,1.9136
1123,11.215615510940552,-4.049656,10.6444,1.959048
1124,11.225468635559082,-3.449264,11.321336,2.014064
1125,11.235613346099854,-2.808208,12.328368,2.076256
1126,11.245749235153198,-2.291536,13.340184,2.028416
1127,11.255590677261353,-1.129024,14.115192,1.88968
1128,11.26559591293335,-0.624312,13.811408,2.085824
1129,11.275816917419434,-0.217672,13.230152,2.2724
1130,11.285579442977905,-0.062192,12.333152,2.6312
1131,11.295613288879395,-0.234416,11.383528,2.671864
1132,11.305880546569824,-0.511888,10.718552,2.652728
1133,11.315529108047485,-0.877864,10.579816,2.485288
1134,11.325586080551147,-1.265368,10.874032,2.423096
1135,11.335821866989136,-1.765296,11.247184,2.1528
1136,11.345577001571655,-1.827488,11.51748,2.150408
1137,11.355298519134521,-1.827488,11.632296,2.040376
1138,11.365719556808472,-1.78204,11.5414,2.093
1139,11.37530517578125,-1.640912,11.582064,1.923168
1140,11.385414361953735,-1.490216,11.62512,1.9136
1141,11.395850419998169,-1.301248,11.55336,1.808352
1142,11.4055814743042,-0.894608,11.38592,1.92556
1143,11.415611743927002,-0.365976,10.926656,1.980576
1144,11.425840616226196,0.428168,10.431512,2.109744
1145,11.435927391052246,0.985504,9.706736,2.131272
1146,11.44560170173645,1.401712,8.986744,2.258048
1147,11.455919027328491,1.705496,8.22848,2.29632
1148,11.465466260910034,1.597856,7.525232,2.274792
1149,11.475171089172363,1.380184,6.965504,2.241304
1150,11.485837459564209,1.054872,6.580392,2.112136
1151,11.495057821273804,0.688896,6.238336,1.892072
1152,11.50560712814331,0.016744,6.054152,1.849016
1153,11.516015768051147,-0.631488,6.032624,1.77008
1154,11.525848627090454,-1.406496,6.19528,1.789216
1155,11.53562045097351,-2.124096,6.36272,1.672008
1156,11.54586410522461,-2.626416,6.766968,1.4352
1157,11.555928468704224,-2.884752,7.094672,1.401712
1158,11.565316438674927,-2.932592,7.503704,1.203176
1159,11.575562715530396,-2.760368,7.805096,1.002248
1160,11.585178136825562,-2.580968,7.903168,0.911352
1161,11.595057487487793,-2.396784,7.764432,0.858728
1162,11.605790376663208,-2.100176,7.948616,1.0166
1163,11.615610599517822,-1.337128,7.360184,0.459264
1164,11.625438213348389,-1.837056,7.692672,1.609816
1165,11.635801315307617,-1.870544,7.67832,0.303784
1166,11.645885467529297,-1.361048,8.836048,0.511888
1167,11.655599355697632,-1.210352,10.024872,0.882648
1168,11.665809154510498,-2.042768,11.156288,0.456872
1169,11.675174951553345,-2.801032,11.579672,0.265512
1170,11.685147762298584,-2.932592,11.632296,1.210352
1171,11.695792198181152,-2.650336,11.426584,1.772472
1172,11.706051349639893,-2.100176,11.46964,2.133664
1173,11.715602397918701,-1.880112,11.646648,2.035592
1174,11.725976943969727,-1.78204,11.761464,1.765296
1175,11.735609769821167,-1.875328,11.814088,1.672008
1176,11.745605707168579,-2.203032,12.335544,1.495
1177,11.755809545516968,-2.58336,13.019656,1.44716
1178,11.765602111816406,-2.705352,12.696736,1.915992
1179,11.775592565536499,-2.399176,11.4218,2.777112
1180,11.785829067230225,-1.762904,10.041616,3.339232
1181,11.795126914978027,-0.653016,8.678176,3.67172
1182,11.805309057235718,0.28704,7.381712,3.678896
1183,11.815882444381714,0.985504,6.018272,3.568864
1184,11.825306415557861,1.27972,5.291104,3.463616
1185,11.835407018661499,0.918528,5.826912,3.080896
1186,11.845922470092773,0.136344,7.78596,2.497248
1187,11.85538387298584,-1.00464,11.141936,1.84184
1188,11.865325212478638,-1.77008,13.517192,1.78204
1189,11.875841856002808,-2.114528,13.010088,2.492464
1190,11.884972333908081,-1.92556,12.431224,2.944552
1191,11.894885540008545,-1.420848,12.811552,2.688608
1192,11.905986785888672,-0.923312,12.7374,2.377648
1193,11.915178775787354,-0.27508,11.6012,2.372864
1194,11.925367593765259,0.356408,10.209056,2.35612
1195,11.935960292816162,1.119456,9.103952,2.602496
1196,11.945292711257935,1.597856,8.2524,3.054584
1197,11.95504355430603,1.810744,7.78596,3.535376
1198,11.96602487564087,1.63852,7.266896,3.977896
1199,11.97512173652649,1.306032,6.855472,4.16208
1200,11.985612392425537,0.868296,6.37468,4.123808
1201,11.995846271514893,0.516672,6.06372,4.052048
1202,12.005633354187012,0.459264,5.60924,3.449264
1203,12.015641450881958,0.344448,5.822128,3.590392
1204,12.025888681411743,0.241592,6.465576,3.714776
1205,12.035655498504639,-0.664976,5.757544,2.621632
1206,12.04561185836792,-0.392288,6.726304,3.289
1207,12.056000471115112,-1.140984,8.589672,4.822272
1208,12.065650463104248,-1.162512,7.410416,2.545088
1209,12.075649738311768,-1.04052,8.257184,2.803424
1210,12.085839986801147,-1.844232,9.07764,3.50428
1211,12.09563946723938,-2.382432,8.09692,2.468544
1212,12.105292081832886,-2.757976,7.884032,2.805816
1213,12.116043329238892,-2.777112,8.089744,3.210064
1214,12.125595808029175,-2.657512,8.058648,3.329664
1215,12.135606527328491,-2.769936,8.163896,3.355976
1216,12.145817756652832,-3.167008,7.967752,3.028272
1217,12.155595302581787,-3.712384,8.12084,2.958904
1218,12.16517972946167,-4.274504,8.668608,3.00196
1219,12.175851583480835,-4.946656,8.989136,2.88236
1220,12.185453653335571,-5.269576,9.235512,2.707744
1221,12.195193767547607,-5.515952,9.63976,2.657512
1222,12.20569634437561,-5.592496,9.845472,2.46376
1223,12.21556830406189,-5.231304,10.197096,2.42788
1224,12.225598573684692,-4.738552,10.603736,2.277184
1225,12.235832929611206,-4.01856,10.778352,2.23652
1226,12.245612859725952,-3.281824,11.268712,2.078648
1227,12.255558729171753,-2.827344,12.325976,1.963832
1228,12.265899181365967,-2.49964,13.40716,1.753336
1229,12.275634050369263,-1.999712,13.734864,1.66244
1230,12.285603761672974,-1.41128,13.342576,1.844232
1231,12.295829057693481,-0.8372,12.644112,1.9136
1232,12.305609464645386,-0.590824,11.955216,2.100176
1233,12.315122127532959,-0.540592,11.321336,2.370472
1234,12.325836181640625,-0.497536,10.807056,2.478112
1235,12.33560824394226,-0.456872,10.565464,2.444624
1236,12.345432043075562,-0.409032,10.780744,2.162368
1237,12.355812788009644,-0.50232,11.352432,1.9136
1238,12.365607976913452,-0.880256,11.87628,1.738984
1239,12.375151872634888,-1.05248,12.168104,1.5548
1240,12.385839700698853,-1.074008,12.433616,1.337128
1241,12.395594596862793,-0.880256,12.794808,1.200784
1242,12.405674934387207,-0.468832,13.029224,1.368224
1243,12.415844202041626,0.188968,12.993344,1.313208
1244,12.425478219985962,0.660192,13.034008,1.334736
1245,12.435624361038208,1.451944,12.780456,1.499784
1246,12.445725917816162,2.05712,12.256608,1.672008
1247,12.455147743225098,2.401568,11.498344,1.808352
1248,12.465189456939697,2.432664,10.575032,2.157584
1249,12.475988149642944,2.454192,9.582352,2.329808
1250,12.48507809638977,2.516384,8.656648,2.289144
1251,12.49511432647705,2.392,7.709416,2.28436
1252,12.505847215652466,1.947088,6.991816,2.322632
1253,12.51558232307434,1.389752,6.453616,2.389608
1254,12.525595426559448,0.516672,6.190496,2.36808
1255,12.535806894302368,-0.497536,5.886712,2.387216
1256,12.545597314834595,-1.456728,5.795816,2.131272
1257,12.555583715438843,-2.313064,5.77668,1.98536
1258,12.56587529182434,-2.94216,5.843656,1.65048
1259,12.575620174407959,-3.293784,5.99196,1.380184
1260,12.585456609725952,-3.3488,6.355544,1.097928
1261,12.595823049545288,-3.222024,6.666504,1.119456
1262,12.605640649795532,-3.119168,6.776536,0.940056
1263,12.615654706954956,-3.0498,6.814808,1.258192
1264,12.62582015991211,-2.793856,7.113808,1.349088
1265,12.635585069656372,-2.363296,7.14012,1.014208
1266,12.645618438720703,-2.564224,7.238192,0.973544
1267,12.655701637268066,-1.987752,7.15208,-0.07176
1268,12.665400981903076,-1.296464,7.326696,0.349232
1269,12.675613164901733,-1.48304,7.477392,0.37076
1270,12.685842037200928,-1.3156,9.051328,0.315744
1271,12.695078611373901,-1.035736,10.469784,-0.052624
1272,12.705658912658691,-2.461368,11.251968,0.25116
1273,12.7158362865448,-3.640624,11.718408,0.684112
1274,12.725643396377563,-3.784144,11.586848,1.253408
1275,12.735632419586182,-3.042624,11.043864,1.772472
1276,12.745862245559692,-2.219776,10.675496,2.167152
1277,12.755644798278809,-1.767688,10.670712,2.24848
1278,12.765259027481079,-1.74616,10.99124,1.856192
1279,12.775963544845581,-1.947088,11.402664,1.53088
1280,12.78519868850708,-2.437448,12.3786,1.2558
1281,12.795604705810547,-3.045016,13.557856,1.174472
1282,12.805774927139282,-3.382288,13.37128,1.382576
1283,12.815630912780762,-3.210064,11.869104,2.24848
1284,12.825424432754517,-2.635984,10.199488,2.970864
1285,12.835793733596802,-1.621776,8.773856,3.437304
1286,12.845590591430664,-0.495144,7.34344,3.222024
1287,12.855149984359741,0.272688,6.05176,3.13352
1288,12.865838050842285,0.703248,5.300672,3.011528
1289,12.87517237663269,0.700856,5.599672,2.79864
1290,12.885639429092407,0.28704,7.515664,2.413528
1291,12.895824432373047,-0.51428,11.299808,1.882504
1292,12.905486583709717,-1.289288,14.057784,1.875328
1293,12.915625095367432,-1.468688,13.086632,2.569008
1294,12.925928592681885,-1.033344,12.302056,2.662296
1295,12.935638666152954,-0.344448,12.883312,2.392
1296,12.94563341140747,0.196144,12.854608,2.609672
1297,12.955798149108887,0.638664,11.895416,2.812992
1298,12.965608358383179,1.030952,10.783136,3.047408
1299,12.975566864013672,1.528488,9.658896,3.303352
1300,12.985995054244995,1.803568,8.804952,3.753048
1301,12.995623588562012,1.846624,8.197384,4.028128
1302,13.00560712814331,1.473472,7.628088,4.32952
1303,13.015867948532104,0.52624,6.975072,4.599816
1304,13.025630474090576,-0.325312,6.50624,4.829448
1305,13.035587072372437,-0.786968,6.298136,4.984928
1306,13.045809984207153,-0.906568,6.097208,4.666792
1307,13.055538654327393,-0.875472,6.408168,4.566328
1308,13.065446615219116,-0.499928,6.70956,4.03052
1309,13.075841188430786,-1.463904,6.881784,3.712384
1310,13.085293292999268,-1.753336,7.12816,3.135912
1311,13.095308780670166,-1.468688,8.367216,3.709992
1312,13.10580849647522,-1.59068,9.790456,4.494568
1313,13.115621328353882,-2.753192,7.848152,1.786824
1314,13.125632524490356,-2.973256,8.297848,2.693392
1315,13.135918617248535,-2.8704,8.86236,3.06176
1316,13.14547085762024,-2.79864,8.65904,2.899104
1317,13.155636310577393,-2.659904,8.52748,3.01392
1318,13.165925741195679,-2.518776,8.285888,2.99
1319,13.175191402435303,-2.616848,8.422232,2.99
1320,13.185622930526733,-2.765152,8.47964,2.88236
1321,13.195605039596558,-3.171792,8.733192,2.47572
1322,13.205624341964722,-3.741088,8.974784,2.23652
1323,13.215625524520874,-4.456296,8.996312,1.94948
1324,13.225890636444092,-5.109312,8.836048,1.657656
1325,13.235578060150146,-5.47768,8.917376,1.514136
1326,13.24557089805603,-5.470504,9.182888,1.454336
1327,13.255899667739868,-5.255224,9.548864,1.514136
1328,13.265604734420776,-4.554368,10.053576,1.466296
1329,13.275648832321167,-4.03052,10.809448,1.270152
1330,13.285889148712158,-3.532984,11.931296,1.0764
1331,13.29559850692749,-3.064152,12.799592,1.069224
1332,13.305430173873901,-2.435056,13.194272,0.978328
1333,13.315895318984985,-1.78204,12.914408,1.248624
1334,13.325913667678833,-1.246232,12.440792,1.394536
1335,13.33564305305481,-1.018992,12.00784,1.585896
1336,13.345811605453491,-0.963976,11.383528,1.863368
1337,13.355605363845825,-1.045304,10.771176,1.908816
1338,13.365607261657715,-1.3156,10.366928,1.947088
1339,13.375944137573242,-1.655264,10.276032,1.760512
1340,13.385973930358887,-2.238912,10.670712,1.564368
1341,13.395108938217163,-2.549872,11.216088,1.420848
1342,13.405931949615479,-2.817776,11.682528,1.368224
1343,13.415603876113892,-2.805816,11.775816,1.205568
1344,13.425583839416504,-2.38004,11.902592,1.162512
1345,13.435583591461182,-2.028416,12.141792,1.109888
1346,13.445609331130981,-1.597856,12.45036,1.117064
1347,13.455609321594238,-0.978328,12.636936,1.246232
1348,13.466053485870361,-0.39468,12.464712,1.413672
1349,13.47514820098877,0.270296,12.225512,1.59068
1350,13.485612630844116,0.894608,11.802128,1.894464
1351,13.495911121368408,1.39932,11.151504,2.004496
1352,13.505578756332397,1.660048,10.35736,2.198248
1353,13.515601634979248,1.774864,9.536904,2.303496
1354,13.52595853805542,1.87772,8.75472,2.377648
1355,13.535577774047852,1.750944,8.046688,2.389608
1356,13.545396327972412,1.322776,7.489352,2.418312
1357,13.555569171905518,0.818064,7.195136,2.372864
1358,13.565570831298828,0.229632,6.903312,2.298712
1359,13.575137376785278,-0.32292,6.704776,2.246088
1360,13.585896968841553,-0.851552,6.544512,2.229344
1361,13.595902681350708,-1.234272,6.680856,2.23652
1362,13.605586528778076,-1.559584,6.800456,2.073864
1363,13.615901231765747,-1.719848,6.903312,1.863368
1364,13.625415086746216,-1.839448,7.063576,1.648088
1365,13.635141849517822,-1.813136,7.357792,1.39932
1366,13.645936012268066,-1.80596,7.668752,1.282112
1367,13.655582427978516,-1.750944,7.872072,1.380184
1368,13.665610790252686,-1.7342,7.625696,1.157728
1369,13.676156759262085,-1.643304,7.321912,0.928096
1370,13.685642004013062,-0.985504,7.475,0.751088
1371,13.695638418197632,-1.514136,7.982104,1.236664
1372,13.705564737319946,-1.681576,8.501168,0.110032
1373,13.716108083724976,-0.40664,9.620624,-0.25116
1374,13.725612163543701,-0.942448,11.460072,1.277328
1375,13.735920906066895,-2.26044,11.754288,0.327704
1376,13.745296478271484,-3.509064,11.35004,0.121992
1377,13.75560474395752,-3.535376,11.041472,0.966368
1378,13.765907049179077,-2.554656,10.744864,1.619384
1379,13.775892496109009,-1.322776,10.618088,1.784432
1380,13.785405158996582,-0.464048,10.77596,1.82988
1381,13.795131921768188,-0.098072,10.929048,1.382576
1382,13.8056480884552,-0.260728,11.531832,1.090752
1383,13.815192937850952,-0.96876,12.782848,0.963976
1384,13.826051950454712,-1.760512,13.64636,0.9568
1385,13.835300922393799,-2.549872,13.177528,1.485432
1386,13.845383644104004,-2.564224,11.873888,2.18868
1387,13.856077194213867,-2.040376,10.677888,2.506816
1388,13.866060018539429,-1.188824,9.599096,2.70296
1389,13.875148296356201,-0.363584,8.56336,2.805816
1390,13.885293960571289,-0.141128,7.628088,2.827344
1391,13.895429849624634,-0.129168,6.929624,3.035448
1392,13.905412197113037,-0.3588,6.955936,3.076112
1393,13.916137456893921,-0.748696,8.015592,2.868008
1394,13.925401449203491,-1.294072,9.969856,2.712528
1395,13.935410737991333,-1.707888,11.80452,2.887144
1396,13.945932626724243,-1.640912,12.419264,3.128736
1397,13.955376625061035,-1.301248,12.517336,3.174184
1398,13.965628623962402,-0.775008,12.735008,3.126344
1399,13.976090669631958,-0.337272,12.679992,2.934984
1400,13.985655784606934,-0.100464,12.110696,2.949336
1401,13.995615720748901,0.39468,11.055824,3.188536
1402,14.005913496017456,1.047696,10.127728,3.757832
1403,14.015637874603271,1.717456,9.264216,4.35344
1404,14.025396347045898,2.16476,8.450936,4.630912
1405,14.036110877990723,2.014064,7.783568,4.757688
1406,14.045905113220215,1.368224,7.388888,4.774432
1407,14.055607557296753,0.751088,6.898528,4.444336
1408,14.065921068191528,-0.088504,7.006168,5.173896
1409,14.075209140777588,0.545376,6.585176,3.999424
1410,14.085304737091064,-0.664976,6.298136,3.547336
1411,14.095927715301514,-0.660192,6.568432,3.1096
1412,14.105406284332275,-0.157872,8.33612,4.23384
1413,14.11562705039978,-0.440128,9.34076,3.820024
1414,14.125581741333008,-1.408888,8.89824,2.992392
1415,14.135622262954712,-1.932736,8.415056,2.226952
1416,14.145152807235718,-2.336984,8.560968,2.513992
1417,14.155881881713867,-2.724488,8.99392,3.033056
1418,14.165184259414673,-2.968472,9.297704,3.100032
1419,14.175603151321411,-2.920632,9.343152,2.884752
1420,14.186090469360352,-2.920632,9.084816,2.691
1421,14.195177793502808,-3.1096,8.692528,2.492464
1422,14.205633401870728,-3.39664,8.187816,2.303496
1423,14.21590256690979,-3.865472,7.915128,2.093
1424,14.225606441497803,-4.441944,8.03712,2.037984
1425,14.235297203063965,-5.087784,8.142368,2.006888
1426,14.24588131904602,-5.46572,8.063432,2.095392
1427,14.25518798828125,-5.511168,7.843368,1.930344
1428,14.265408515930176,-5.58532,7.70224,1.894464
1429,14.276100158691406,-5.492032,7.757256,1.669616
1430,14.285290241241455,-5.279144,8.010808,1.535664
1431,14.295597553253174,-4.95144,8.572928,1.487824
1432,14.305904150009155,-4.489784,9.419696,1.394536
1433,14.315731763839722,-3.968328,10.402808,1.384968
1434,14.325578927993774,-3.497104,11.359608,1.30364
1435,14.335901498794556,-2.79864,11.878672,1.475864
1436,14.345255851745605,-1.98536,12.081992,1.648088
1437,14.355094909667969,-1.258192,12.005448,2.066688
1438,14.365808963775635,-0.827632,11.806912,2.430272
1439,14.375126123428345,-0.64584,11.51748,2.466152
1440,14.38562560081482,-0.770224,11.1228,2.4518
1441,14.395770788192749,-0.930488,10.952968,2.346552
1442,14.405613660812378,-1.181648,10.996024,2.100176
1443,14.41562533378601,-1.396928,11.113232,1.65048
1444,14.426043510437012,-1.595464,11.491168,1.39932
1445,14.43520975112915,-1.80596,11.687312,1.167296
1446,14.445631504058838,-1.9136,11.91216,1.105104
1447,14.456061363220215,-1.932736,11.99588,0.863512
1448,14.4656400680542,-1.94948,12.036544,0.782184
1449,14.4751877784729,-1.834664,12.443184,0.911352
1450,14.485748291015625,-1.59068,12.30684,1.152944
1451,14.495622873306274,-1.196,11.747112,1.320384
1452,14.505394220352173,-0.55016,11.321336,1.533272
1453,14.51577639579773,0.13156,10.929048,1.846624
1454,14.52556848526001,0.827632,10.438688,2.093
1455,14.535559177398682,1.224704,9.876568,2.339376
1456,14.545730829238892,1.432808,9.350328,2.43984
1457,14.555449962615967,1.497392,8.733192,2.640768
1458,14.565568923950195,1.406496,8.235656,2.875184
1459,14.575886964797974,1.131416,7.805096,2.913456
1460,14.585402011871338,0.877864,7.470216,2.812992
1461,14.595583200454712,0.564512,7.305168,2.78668
1462,14.60584020614624,0.255944,7.350616,2.566616
1463,14.615547895431519,-0.258336,7.39128,2.54748
1464,14.625569820404053,-0.614744,7.532408,2.456584
1465,14.635887384414673,-0.841984,7.63048,2.30828
1466,14.645578384399414,-0.92092,7.778784,2.191072
1467,14.655192136764526,-0.887432,7.867288,2.155192
1468,14.665996313095093,-0.875472,7.979712,1.923168
1469,14.675098657608032,-0.760656,8.21652,1.786824
1470,14.685598373413086,-0.578864,8.355256,1.425632
1471,14.695872783660889,-0.299,8.513128,1.313208
1472,14.705614805221558,-0.186576,8.69492,1.30364
1473,14.715587377548218,-0.196144,8.773856,1.090752
1474,14.725758790969849,0.138736,8.773856,0.918528
1475,14.735569715499878,-0.696072,9.4484,1.009424
1476,14.745376110076904,-0.39468,9.6278,-0.447304
1477,14.755849599838257,-0.794144,11.211304,1.420848
1478,14.765580177307129,-2.035592,12.290096,1.750944
1479,14.775573015213013,-3.152656,11.845184,0.593216
1480,14.78588056564331,-3.274648,11.079744,0.710424
1481,14.7956223487854,-2.35612,11.273496,1.707888
1482,14.805610418319702,-1.191216,11.393096,2.179112
1483,14.8157799243927,-0.193752,11.306984,1.908816
1484,14.825420141220093,0.145912,11.57728,1.349088
1485,14.835158348083496,-0.086112,12.416872,1.11228
1486,14.845948219299316,-0.851552,13.44304,1.17208
1487,14.855177164077759,-2.093,13.73008,1.7342
1488,14.8656005859375,-2.66708,12.780456,2.100176
1489,14.875832796096802,-2.626416,11.388312,2.518776
1490,14.885607957839966,-1.667224,10.33344,2.85844
1491,14.895587921142578,-0.363584,9.462752,3.0498
1492,14.90603518486023,0.75348,8.556184,2.937376
1493,14.915597438812256,1.523704,7.61852,2.712528
1494,14.925602912902832,1.492608,7.097064,2.712528
1495,14.935856819152832,0.7176,7.494136,2.829736
1496,14.94560694694519,-0.265512,9.025016,2.48768
1497,14.955239534378052,-1.317992,10.854896,1.982968
1498,14.965754508972168,-1.880112,11.897808,2.002104
1499,14.975608825683594,-1.803568,11.909768,2.377648
1500,14.985420942306519,-1.265368,12.098736,2.616848
1501,14.99603819847107,-0.58604,12.203984,2.860832
