//Date Created 2022-12-09 13:09:00.555672
"//Units: sec, m/s/s"
Action,waiting
SampleRate,100.0
Frames#,Time,AccX,AccY,AccZ
1,3.5762786865234375e-06,-0.576472,9.553648,1.9734
2,0.006822109222412109,-0.576472,9.539296,2.047552
3,0.017032861709594727,-0.643448,9.65172,1.990144
4,0.02694225311279297,-0.672152,9.589528,1.963832
5,0.037523508071899414,-0.708032,9.572784,2.061904
6,0.046993255615234375,-0.710424,9.649328,2.002104
7,0.057035207748413086,-0.679328,9.721088,1.932736
8,0.06701135635375977,-0.698464,9.673248,1.908816
9,0.07708740234375,-0.507104,9.718696,1.92556
10,0.08702254295349121,-0.55016,9.72348,1.92556
11,0.09762430191040039,-0.485576,9.692384,1.896856
12,0.10673069953918457,-0.397072,9.670856,1.975792
13,0.11676621437072754,-0.270296,9.697168,2.002104
14,0.1277017593383789,-0.220064,9.666072,1.956656
15,0.1369495391845703,-0.172224,9.65172,1.999712
16,0.14732789993286133,-0.208104,9.658896,1.9136
17,0.1575789451599121,-0.291824,9.57996,1.999712
18,0.16736412048339844,-0.351624,9.577568,1.93752
19,0.17738080024719238,-0.365976,9.53212,2.047552
20,0.18757295608520508,-0.416208,9.510592,1.932736
21,0.19704723358154297,-0.523848,9.512984,1.927952
22,0.20703339576721191,-0.626704,9.493848,1.927952
23,0.21758079528808594,-0.662584,9.455576,1.923168
24,0.2273399829864502,-0.631488,9.477104,1.927952
25,0.23734402656555176,-0.676936,9.422088,2.011672
26,0.24762487411499023,-0.75348,9.503416,1.978184
27,0.2573363780975342,-0.727168,9.467536,1.963832
28,0.2673988342285156,-0.686504,9.321624,1.92556
29,0.2777061462402344,-0.605176,9.312056,2.004496
30,0.2873356342315674,-0.600392,9.199632,2.054728
31,0.29703497886657715,-0.559728,9.235512,1.98536
32,0.307750940322876,-0.569296,9.168536,2.066688
33,0.31735849380493164,-0.581256,9.302488,2.052336
34,0.3273437023162842,-0.708032,9.264216,2.016456
35,0.33751797676086426,-0.69368,9.3886,2.085824
36,0.34705018997192383,-0.784576,9.405344,1.94948
37,0.3573591709136963,-0.832416,9.613448,1.887288
38,0.36754369735717773,-0.966368,9.733048,1.980576
39,0.3768930435180664,-1.011816,9.69956,1.975792
40,0.3873269557952881,-0.928096,9.73544,1.887288
41,0.3975718021392822,-0.827632,9.697168,2.016456
42,0.4073302745819092,-0.636272,9.713912,1.99732
43,0.41729736328125,-0.449696,9.685208,2.037984
44,0.4275350570678711,-0.224848,9.69956,1.99732
45,0.4373443126678467,-0.157872,9.733048,2.195856
46,0.44733333587646484,-0.055016,9.697168,2.145624
47,0.4576699733734131,0.02392,9.752184,2.133664
48,0.4673197269439697,-0.105248,9.773712,2.255656
49,0.47730588912963867,-0.138736,9.742616,2.174328
50,0.4878561496734619,-0.33488,9.725872,2.226952
51,0.49729061126708984,-0.399464,9.65172,2.179112
52,0.5069911479949951,-0.389896,9.606272,2.231736
53,0.5175318717956543,-0.432952,9.565608,2.16476
54,0.5270824432373047,-0.411424,9.49624,2.131272
55,0.5373318195343018,-0.330096,9.49624,2.040376
56,0.5475306510925293,-0.440128,9.565608,2.073864
57,0.5573148727416992,-0.464048,9.637368,2.002104
58,0.5673036575317383,-0.45448,9.618232,1.932736
59,0.5775518417358398,-0.483184,9.694776,1.990144
60,0.5869128704071045,-0.523848,9.661288,2.016456
61,0.5973513126373291,-0.554944,9.673248,2.090608
62,0.6077005863189697,-0.605176,9.730656,1.959048
63,0.6167435646057129,-0.554944,9.668464,2.042768
64,0.6270291805267334,-0.559728,9.608664,2.02124
65,0.6376051902770996,-0.5382,9.577568,2.193464
66,0.6469597816467285,-0.533416,9.489064,2.083432
67,0.6570520401000977,-0.38272,9.477104,2.085824
68,0.6676206588745117,-0.4186,9.422088,2.131272
69,0.6770386695861816,-0.420992,9.379032,2.124096
70,0.6873345375061035,-0.404248,9.369464,2.26044
71,0.6976335048675537,-0.411424,9.331192,2.162368
72,0.707087516784668,-0.356408,9.477104,2.12888
73,0.7173905372619629,-0.420992,9.453184,2.198248
74,0.7276060581207275,-0.437736,9.338368,2.169544
75,0.737375020980835,-0.432952,9.429264,2.157584
76,0.7469251155853271,-0.5382,9.37664,2.262832
77,0.7575793266296387,-0.557336,9.462752,2.17672
78,0.7673437595367432,-0.547768,9.417304,2.174328
79,0.7769434452056885,-0.64584,9.395776,2.159976
80,0.7875781059265137,-0.600392,9.49624,2.214992
81,0.7973802089691162,-0.653016,9.551256,2.23652
82,0.8074376583099365,-0.700856,9.524944,2.24848
83,0.8175835609436035,-0.691288,9.582352,2.289144
84,0.8273782730102539,-0.734344,9.577568,2.303496
85,0.8373708724975586,-0.667368,9.60388,2.250872
86,0.8475866317749023,-0.569296,9.594312,2.363296
87,0.8573575019836426,-0.583648,9.599096,2.262832
88,0.8673441410064697,-0.423384,9.608664,2.28436
89,0.8775744438171387,-0.330096,9.565608,2.231736
90,0.8868634700775146,-0.27508,9.479496,2.171936
91,0.8973851203918457,-0.200928,9.54408,2.066688
92,0.9076056480407715,-0.188968,9.522552,2.131272
93,0.9173734188079834,-0.157872,9.486672,2.095392
94,0.9273674488067627,-0.181792,9.501024,2.083432
95,0.9376423358917236,-0.177008,9.493848,2.10496
96,0.9473538398742676,-0.193752,9.503416,2.064296
97,0.9573650360107422,-0.222456,9.534512,2.030808
98,0.9675626754760742,-0.260728,9.575176,2.1528
99,0.9772424697875977,-0.344448,9.55604,2.066688
100,0.9872987270355225,-0.282256,9.568,2.088216
101,0.9975416660308838,-0.289432,9.656504,2.078648
102,1.0073065757751465,-0.160264,9.606272,2.112136
103,1.0173194408416748,-0.177008,9.52016,2.17672
104,1.0275366306304932,-0.117208,9.539296,2.157584
105,1.037290096282959,-0.03588,9.551256,2.179112
106,1.0473260879516602,-0.062192,9.505808,2.234128
107,1.0575206279754639,-0.07176,9.4484,2.085824
108,1.0673160552978516,-0.090896,9.493848,2.169544
109,1.077298641204834,-0.133952,9.438832,2.289144
110,1.0877761840820312,-0.172224,9.512984,2.219776
111,1.096977949142456,-0.253552,9.563216,2.262832
112,1.1069929599761963,-0.320528,9.575176,2.250872
113,1.1172847747802734,-0.416208,9.59192,2.313064
114,1.1273202896118164,-0.456872,9.546472,2.291536
115,1.1373708248138428,-0.480792,9.503416,2.334592
116,1.1475369930267334,-0.600392,9.565608,2.265224
117,1.1572959423065186,-0.569296,9.575176,2.217384
118,1.1673402786254883,-0.545376,9.682816,2.145624
119,1.1775305271148682,-0.363584,9.666072,2.08104
120,1.187284231185913,-0.208104,9.608664,2.155192
121,1.1968908309936523,-0.04784,9.54408,2.085824
122,1.2075397968292236,0.069368,9.443616,2.14084
123,1.2168385982513428,0.172224,9.36468,2.174328
124,1.2269420623779297,0.22724,9.276176,2.22456
125,1.237637996673584,0.349232,9.144616,2.136056
126,1.246945858001709,0.315744,9.130264,2.289144
127,1.256955862045288,0.243984,9.094384,2.253264
128,1.267702579498291,0.15548,9.080032,2.24848
129,1.2770092487335205,0.021528,9.130264,2.2126
130,1.2870373725891113,-0.19136,9.206808,2.22456
131,1.29752516746521,-0.31096,9.237904,2.198248
132,1.3075809478759766,-0.45448,9.290528,2.219776
133,1.317328691482544,-0.542984,9.302488,2.136056
134,1.3273203372955322,-0.56212,9.4484,2.148016
135,1.337352991104126,-0.533416,9.474712,2.138448
136,1.3473584651947021,-0.624312,9.505808,2.198248
137,1.3575546741485596,-0.679328,9.572784,2.222168
138,1.3672912120819092,-0.746304,9.55604,2.167152
139,1.3773655891418457,-0.81328,9.646936,2.226952
140,1.3876962661743164,-0.779792,9.666072,2.262832
141,1.3969569206237793,-0.760656,9.620624,2.303496
142,1.4073147773742676,-0.698464,9.67564,2.339376
143,1.4176576137542725,-0.770224,9.625408,2.29632
144,1.426917552947998,-0.70564,9.63976,2.375256
145,1.4367916584014893,-0.722384,9.57996,2.382432
146,1.4476699829101562,-0.672152,9.611056,2.298712
147,1.456984519958496,-0.63388,9.63976,2.234128
148,1.4668879508972168,-0.600392,9.649328,2.250872
149,1.4774491786956787,-0.365976,9.678032,2.36808
150,1.4872534275054932,-0.349232,9.673248,2.29632
151,1.4969797134399414,-0.270296,9.740224,2.241304
152,1.5075674057006836,-0.217672,9.66368,2.229344
153,1.5176010131835938,-0.193752,9.678032,2.279576
154,1.5273175239562988,-0.212888,9.733048,2.2126
155,1.5375151634216309,-0.212888,9.697168,2.2126
156,1.547579288482666,-0.306176,9.630192,2.193464
157,1.5573358535766602,-0.20332,9.568,2.205424
158,1.5675327777862549,-0.318136,9.486672,2.327416
159,1.5768849849700928,-0.349232,9.457968,2.226952
160,1.5873024463653564,-0.468832,9.371856,2.327416
161,1.5980784893035889,-0.542984,9.357504,2.258048
162,1.6073298454284668,-0.662584,9.374248,2.22456
163,1.6173312664031982,-0.698464,9.381424,2.193464
164,1.627030372619629,-0.655408,9.371856,2.18868
165,1.6373627185821533,-0.724776,9.395776,2.10496
166,1.6473331451416016,-0.667368,9.36468,2.136056
167,1.657550573348999,-0.674544,9.467536,2.148016
168,1.6673407554626465,-0.6578,9.48428,2.2126
169,1.677231788635254,-0.626704,9.477104,2.179112
170,1.6875817775726318,-0.56212,9.505808,2.097784
171,1.6973562240600586,-0.456872,9.42448,2.097784
172,1.7072818279266357,-0.397072,9.505808,2.12888
173,1.7175297737121582,-0.313352,9.505808,2.131272
174,1.7273352146148682,-0.289432,9.467536,2.119312
175,1.7369742393493652,-0.279864,9.510592,2.14084
176,1.7475674152374268,-0.279864,9.479496,2.052336
177,1.7573573589324951,-0.27508,9.503416,2.090608
178,1.7673804759979248,-0.279864,9.498632,2.11692
179,1.7775304317474365,-0.351624,9.462752,2.066688
180,1.7873268127441406,-0.473616,9.541688,2.085824
181,1.7970702648162842,-0.416208,9.52016,2.138448
182,1.8077402114868164,-0.392288,9.527336,2.16476
183,1.8169898986816406,-0.411424,9.572784,2.124096
184,1.827043056488037,-0.404248,9.589528,2.08104
185,1.8376033306121826,-0.399464,9.553648,2.159976
186,1.8469946384429932,-0.487968,9.642152,2.1528
187,1.8570115566253662,-0.521456,9.649328,2.109744
188,1.8676583766937256,-0.521456,9.61584,2.258048
189,1.8770403861999512,-0.614744,9.63976,2.119312
190,1.8870398998260498,-0.631488,9.649328,2.193464
191,1.8975887298583984,-0.62192,9.646936,2.138448
192,1.9069700241088867,-0.588432,9.546472,2.205424
193,1.9169909954071045,-0.653016,9.575176,2.210208
194,1.9277050495147705,-0.631488,9.594312,2.207816
195,1.9370391368865967,-0.688896,9.546472,2.24848
196,1.9473342895507812,-0.739128,9.479496,2.193464
197,1.9572949409484863,-0.69368,9.479496,2.279576
198,1.9673194885253906,-0.662584,9.5082,2.32024
199,1.9773168563842773,-0.593216,9.465144,2.136056
200,1.987565040588379,-0.58604,9.47232,2.148016
201,1.9972779750823975,-0.499928,9.486672,2.131272
202,2.0074400901794434,-0.483184,9.5082,2.107352
203,2.0173399448394775,-0.397072,9.481888,2.112136
204,2.0273687839508057,-0.365976,9.515376,2.131272
205,2.0373780727386475,-0.3588,9.48428,2.109744
206,2.047616481781006,-0.32292,9.565608,2.193464
207,2.056994915008545,-0.289432,9.548864,2.169544
208,2.0673561096191406,-0.387504,9.541688,2.102568
209,2.0776073932647705,-0.399464,9.486672,2.214992
210,2.08735990524292,-0.46644,9.575176,2.238912
211,2.0973751544952393,-0.590824,9.477104,2.179112
212,2.107592821121216,-0.564512,9.515376,2.243696
213,2.1173439025878906,-0.583648,9.524944,2.143232
214,2.1274008750915527,-0.547768,9.503416,2.2126
215,2.137615203857422,-0.629096,9.512984,2.162368
216,2.147353172302246,-0.614744,9.565608,2.262832
217,2.157372236251831,-0.631488,9.52016,2.222168
218,2.1676042079925537,-0.629096,9.534512,2.29632
219,2.1773524284362793,-0.660192,9.503416,2.279576
220,2.187368154525757,-0.674544,9.417304,2.28436
221,2.197580337524414,-0.552552,9.438832,2.234128
222,2.2073569297790527,-0.535808,9.419696,2.298712
223,2.217050790786743,-0.5382,9.479496,2.2126
224,2.227592706680298,-0.52624,9.455576,2.126488
225,2.2373642921447754,-0.509496,9.455576,2.229344
226,2.247363567352295,-0.629096,9.469928,2.207816
227,2.2576076984405518,-0.648232,9.501024,2.198248
228,2.2670161724090576,-0.607568,9.434048,2.234128
229,2.277378559112549,-0.559728,9.474712,2.270008
230,2.2875216007232666,-0.679328,9.491456,2.179112
231,2.2970921993255615,-0.612352,9.477104,2.277184
232,2.3070530891418457,-0.679328,9.43644,2.258048
233,2.317659378051758,-0.64584,9.489064,2.310672
234,2.3273961544036865,-0.69368,9.481888,2.317848
235,2.3370518684387207,-0.743912,9.46036,2.281968
236,2.34696364402771,-0.7176,9.443616,2.267616
237,2.357051372528076,-0.715208,9.47232,2.298712
238,2.367306709289551,-0.727168,9.467536,2.298712
239,2.377582311630249,-0.739128,9.434048,2.360904
240,2.387368679046631,-0.686504,9.467536,2.270008
241,2.3973617553710938,-0.743912,9.481888,2.351336
242,2.407628059387207,-0.679328,9.474712,2.317848
243,2.416692018508911,-0.698464,9.481888,2.274792
244,2.426849603652954,-0.664976,9.46036,2.250872
245,2.437528133392334,-0.547768,9.486672,2.267616
246,2.446868896484375,-0.653016,9.46036,2.24848
247,2.4570329189300537,-0.578864,9.398168,2.28436
248,2.467653274536133,-0.605176,9.49624,2.289144
249,2.477797269821167,-0.590824,9.465144,2.222168
250,2.4873242378234863,-0.629096,9.515376,2.238912
251,2.4975385665893555,-0.631488,9.455576,2.24848
252,2.507321357727051,-0.653016,9.489064,2.28436
253,2.516993999481201,-0.612352,9.539296,2.250872
254,2.5275635719299316,-0.63388,9.5082,2.205424
255,2.536963939666748,-0.612352,9.42448,2.181504
256,2.547320604324341,-0.619528,9.40056,2.317848
257,2.5575578212738037,-0.607568,9.453184,2.265224
258,2.567304849624634,-0.626704,9.410128,2.277184
259,2.577317953109741,-0.554944,9.47232,2.281968
260,2.5875322818756104,-0.58604,9.517768,2.250872
261,2.597323417663574,-0.614744,9.479496,2.18868
262,2.6070003509521484,-0.631488,9.534512,2.234128
263,2.617645025253296,-0.58604,9.446008,2.193464
264,2.6273558139801025,-0.540592,9.4484,2.293928
265,2.637324810028076,-0.516672,9.48428,2.145624
266,2.6478111743927,-0.552552,9.450792,2.241304
267,2.6572468280792236,-0.499928,9.455576,2.234128
268,2.667323350906372,-0.521456,9.489064,2.203032
269,2.677553653717041,-0.49036,9.493848,2.133664
270,2.687321662902832,-0.440128,9.5082,2.289144
271,2.697039842605591,-0.46644,9.479496,2.179112
272,2.7075412273406982,-0.46644,9.477104,2.174328
273,2.716870069503784,-0.468832,9.534512,2.195856
274,2.7273192405700684,-0.495144,9.558432,2.24848
275,2.737542152404785,-0.52624,9.587136,2.195856
276,2.747318744659424,-0.542984,9.625408,2.234128
277,2.7573325634002686,-0.542984,9.48428,2.207816
278,2.767545700073242,-0.535808,9.49624,2.286752
279,2.777583360671997,-0.545376,9.52016,2.293928
280,2.7873458862304688,-0.531024,9.5082,2.253264
281,2.7977683544158936,-0.540592,9.474712,2.195856
282,2.807370662689209,-0.49036,9.505808,2.205424
283,2.8169965744018555,-0.519064,9.477104,2.145624
284,2.827547550201416,-0.485576,9.568,2.131272
285,2.8373470306396484,-0.4186,9.517768,2.124096
286,2.846931219100952,-0.423384,9.469928,2.191072
287,2.857578754425049,-0.399464,9.548864,2.131272
288,2.8673410415649414,-0.38272,9.53212,2.229344
289,2.8772225379943848,-0.46644,9.587136,2.24848
290,2.887544631958008,-0.540592,9.632584,2.255656
291,2.897331953048706,-0.5382,9.522552,2.293928
292,2.907357931137085,-0.57408,9.539296,2.217384
293,2.917543411254883,-0.648232,9.599096,2.303496
294,2.9273297786712646,-0.58604,9.608664,2.360904
295,2.9372804164886475,-0.63388,9.623016,2.315456
296,2.9475595951080322,-0.667368,9.606272,2.286752
297,2.9573068618774414,-0.686504,9.632584,2.34416
298,2.967331647872925,-0.751088,9.587136,2.234128
299,2.977570056915283,-0.746304,9.596704,2.281968
300,2.9873180389404297,-0.700856,9.501024,2.277184
301,2.997314453125,-0.653016,9.48428,2.17672
302,3.007596492767334,-0.528632,9.474712,2.253264
303,3.0169930458068848,-0.45448,9.383816,2.274792
304,3.027001142501831,-0.437736,9.417304,2.24848
305,3.0375990867614746,-0.473616,9.41252,2.191072
306,3.046947956085205,-0.547768,9.481888,2.207816
307,3.057027578353882,-0.5382,9.510592,2.207816
308,3.067556381225586,-0.476008,9.426872,2.181504
309,3.0773534774780273,-0.397072,9.431656,2.217384
310,3.087149143218994,-0.397072,9.465144,2.17672
311,3.097609519958496,-0.37076,9.419696,2.207816
312,3.107036590576172,-0.387504,9.438832,2.133664
313,3.117272138595581,-0.373152,9.446008,2.22456
314,3.127608299255371,-0.399464,9.505808,2.198248
315,3.1373965740203857,-0.351624,9.5082,2.267616
316,3.1474037170410156,-0.373152,9.417304,2.23652
317,3.157832145690918,-0.444912,9.467536,2.241304
318,3.167391300201416,-0.432952,9.467536,2.26044
319,3.1770095825195312,-0.373152,9.407736,2.203032
320,3.1876118183135986,-0.368368,9.390992,2.138448
321,3.197230339050293,-0.349232,9.367072,2.114528
322,3.2070505619049072,-0.377936,9.414912,2.061904
323,3.217756986618042,-0.447304,9.422088,2.102568
324,3.227121591567993,-0.554944,9.359896,2.23652
325,3.2370667457580566,-0.650624,9.398168,2.265224
326,3.2476603984832764,-0.691288,9.357504,2.246088
327,3.256868600845337,-0.786968,9.414912,2.253264
328,3.2670040130615234,-0.782184,9.434048,2.327416
329,3.2777342796325684,-0.763048,9.407736,2.313064
330,3.287040948867798,-0.786968,9.474712,2.35612
331,3.297027587890625,-0.779792,9.510592,2.35612
332,3.3077404499053955,-0.731952,9.522552,2.265224
333,3.3170552253723145,-0.588432,9.47232,2.246088
334,3.327054262161255,-0.504712,9.481888,2.313064
335,3.3376355171203613,-0.540592,9.501024,2.229344
336,3.347075939178467,-0.531024,9.503416,2.279576
337,3.357206344604492,-0.605176,9.548864,2.30828
338,3.36759090423584,-0.557336,9.524944,2.262832
339,3.3773791790008545,-0.590824,9.453184,2.229344
340,3.3873560428619385,-0.614744,9.503416,2.2724
341,3.397615909576416,-0.674544,9.47232,2.310672
342,3.4073379039764404,-0.715208,9.453184,2.167152
343,3.417361259460449,-0.662584,9.46036,2.291536
344,3.4275691509246826,-0.667368,9.453184,2.217384
345,3.437040328979492,-0.650624,9.462752,2.136056
346,3.4470887184143066,-0.600392,9.524944,2.23652
347,3.457598924636841,-0.624312,9.477104,2.205424
348,3.467395067214966,-0.588432,9.524944,2.217384
349,3.47739577293396,-0.581256,9.515376,2.217384
350,3.4873692989349365,-0.56212,9.52016,2.198248
351,3.49710750579834,-0.629096,9.517768,2.279576
352,3.50734543800354,-0.653016,9.481888,2.30828
353,3.5176093578338623,-0.638664,9.517768,2.255656
354,3.527377128601074,-0.58604,9.52016,2.334592
355,3.5372533798217773,-0.631488,9.584744,2.217384
356,3.546968460083008,-0.667368,9.534512,2.22456
357,3.5573596954345703,-0.672152,9.560824,2.231736
358,3.5671510696411133,-0.643448,9.517768,2.12888
359,3.5776174068450928,-0.688896,9.515376,2.145624
360,3.5873587131500244,-0.578864,9.443616,2.171936
361,3.597365140914917,-0.471224,9.467536,2.171936
362,3.6076173782348633,-0.464048,9.49624,2.1528
363,3.617192029953003,-0.4186,9.517768,2.10496
364,3.626992702484131,-0.289432,9.54408,2.222168
365,3.6377382278442383,-0.339664,9.5082,2.148016
366,3.6470048427581787,-0.344448,9.541688,2.234128
367,3.657092332839966,-0.423384,9.568,2.226952
368,3.6670148372650146,-0.432952,9.536904,2.205424
369,3.6769704818725586,-0.552552,9.527336,2.241304
370,3.687394380569458,-0.583648,9.54408,2.281968
371,3.6975486278533936,-0.600392,9.551256,2.346552
372,3.707598924636841,-0.535808,9.534512,2.329808
373,3.717263698577881,-0.607568,9.5082,2.255656
374,3.727656364440918,-0.612352,9.55604,2.339376
375,3.737370014190674,-0.569296,9.54408,2.29632
376,3.7473862171173096,-0.6578,9.529728,2.258048
377,3.7576043605804443,-0.629096,9.5082,2.262832
378,3.7669594287872314,-0.581256,9.501024,2.229344
379,3.777388095855713,-0.571688,9.434048,2.219776
380,3.7875847816467285,-0.507104,9.462752,2.26044
381,3.7974133491516113,-0.511888,9.469928,2.298712
382,3.8073911666870117,-0.461656,9.46036,2.100176
383,3.81701922416687,-0.435344,9.462752,2.20064
384,3.827423334121704,-0.449696,9.48428,2.167152
385,3.8372044563293457,-0.480792,9.493848,2.183896
386,3.847550868988037,-0.476008,9.505808,2.2724
387,3.8568928241729736,-0.507104,9.534512,2.250872
388,3.8673439025878906,-0.533416,9.517768,2.183896
389,3.8775384426116943,-0.552552,9.469928,2.293928
390,3.8873298168182373,-0.581256,9.465144,2.234128
391,3.8972840309143066,-0.5382,9.462752,2.205424
392,3.9075560569763184,-0.5382,9.474712,2.281968
393,3.9173786640167236,-0.571688,9.453184,2.16476
394,3.927342414855957,-0.56212,9.486672,2.20064
395,3.9375524520874023,-0.523848,9.53212,2.179112
396,3.9473531246185303,-0.471224,9.53212,2.174328
397,3.9573583602905273,-0.509496,9.493848,2.203032
398,3.967761754989624,-0.492752,9.467536,2.186288
399,3.977039098739624,-0.511888,9.5082,2.229344
400,3.987302303314209,-0.492752,9.469928,2.279576
401,3.997551202774048,-0.566904,9.46036,2.222168
402,4.007335901260376,-0.564512,9.457968,2.217384
403,4.017328977584839,-0.52624,9.512984,2.322632
404,4.02754807472229,-0.57408,9.510592,2.2724
405,4.037347316741943,-0.605176,9.52016,2.246088
406,4.0473551750183105,-0.667368,9.491456,2.262832
407,4.057596683502197,-0.64584,9.465144,2.159976
408,4.0670061111450195,-0.653016,9.47232,2.22456
409,4.076903820037842,-0.684112,9.489064,2.207816
410,4.087553977966309,-0.629096,9.493848,2.226952
411,4.097326278686523,-0.605176,9.572784,2.136056
412,4.107324123382568,-0.69368,9.53212,2.226952
413,4.117312669754028,-0.672152,9.474712,2.191072
414,4.126835823059082,-0.636272,9.465144,2.195856
415,4.1367411613464355,-0.590824,9.541688,2.18868
416,4.147687196731567,-0.566904,9.489064,2.234128
417,4.156986474990845,-0.564512,9.52016,2.109744
418,4.166860342025757,-0.528632,9.517768,2.210208
419,4.1775803565979,-0.468832,9.477104,2.186288
420,4.18720817565918,-0.464048,9.501024,2.12888
421,4.197040319442749,-0.519064,9.493848,2.145624
422,4.207636833190918,-0.487968,9.524944,2.090608
423,4.216831207275391,-0.471224,9.457968,2.193464
424,4.227069854736328,-0.483184,9.481888,2.214992
425,4.237663984298706,-0.483184,9.49624,2.210208
426,4.247031211853027,-0.528632,9.48428,2.20064
427,4.257097244262695,-0.507104,9.49624,2.167152
428,4.267639875411987,-0.636272,9.469928,2.286752
429,4.2770397663116455,-0.60996,9.536904,2.270008
430,4.287349224090576,-0.662584,9.517768,2.293928
431,4.297577619552612,-0.617136,9.498632,2.169544
432,4.30735182762146,-0.643448,9.49624,2.291536
433,4.317245721817017,-0.598,9.546472,2.179112
434,4.3275978565216064,-0.598,9.486672,2.2724
435,4.337418794631958,-0.63388,9.541688,2.143232
436,4.347113370895386,-0.648232,9.52016,2.250872
437,4.357637166976929,-0.708032,9.560824,2.226952
438,4.367410898208618,-0.605176,9.498632,2.238912
439,4.377413272857666,-0.650624,9.512984,2.179112
440,4.3876049518585205,-0.629096,9.512984,2.219776
441,4.3974151611328125,-0.571688,9.558432,2.219776
442,4.407417297363281,-0.56212,9.486672,2.222168
443,4.4176013469696045,-0.52624,9.517768,2.32024
444,4.427086591720581,-0.46644,9.536904,2.255656
445,4.437438726425171,-0.504712,9.558432,2.32024
446,4.447627305984497,-0.492752,9.510592,2.157584
447,4.457026243209839,-0.483184,9.486672,2.193464
448,4.467425346374512,-0.404248,9.474712,2.155192
449,4.477395534515381,-0.485576,9.539296,2.159976
450,4.487429857254028,-0.51428,9.522552,2.203032
451,4.497420072555542,-0.607568,9.493848,2.243696
452,4.507625102996826,-0.583648,9.560824,2.1528
453,4.51738715171814,-0.614744,9.529728,2.24848
454,4.527419090270996,-0.710424,9.510592,2.171936
455,4.537616491317749,-0.686504,9.422088,2.234128
456,4.547403335571289,-0.674544,9.481888,2.214992
457,4.557401180267334,-0.617136,9.441224,2.274792
458,4.567601203918457,-0.576472,9.374248,2.253264
459,4.577385663986206,-0.56212,9.429264,2.229344
460,4.586970806121826,-0.533416,9.462752,2.279576
461,4.597615957260132,-0.552552,9.47232,2.217384
462,4.607357740402222,-0.540592,9.512984,2.214992
463,4.617048978805542,-0.56212,9.465144,2.238912
464,4.627614498138428,-0.509496,9.498632,2.219776
465,4.637391090393066,-0.485576,9.501024,2.186288
466,4.647385120391846,-0.509496,9.527336,2.231736
467,4.657557487487793,-0.449696,9.503416,2.246088
468,4.6673290729522705,-0.509496,9.527336,2.16476
469,4.677448034286499,-0.471224,9.493848,2.203032
470,4.6875879764556885,-0.531024,9.498632,2.214992
471,4.696960687637329,-0.542984,9.534512,2.217384
472,4.707070350646973,-0.564512,9.48428,2.198248
473,4.717562198638916,-0.650624,9.455576,2.2724
474,4.727361440658569,-0.70564,9.481888,2.231736
475,4.73738956451416,-0.636272,9.429264,2.217384
476,4.747560977935791,-0.648232,9.517768,2.210208
477,4.757418155670166,-0.63388,9.527336,2.281968
478,4.7673962116241455,-0.600392,9.524944,2.22456
479,4.777596950531006,-0.583648,9.443616,2.277184
480,4.786923170089722,-0.554944,9.450792,2.2126
481,4.797395706176758,-0.535808,9.493848,2.267616
482,4.8075830936431885,-0.499928,9.503416,2.229344
483,4.817066669464111,-0.5382,9.441224,2.198248
484,4.827195882797241,-0.51428,9.515376,2.126488
485,4.837751865386963,-0.459264,9.465144,2.289144
486,4.847015380859375,-0.571688,9.515376,2.198248
487,4.85704231262207,-0.626704,9.443616,2.20064
488,4.867677450180054,-0.557336,9.529728,2.22456
489,4.8773393630981445,-0.6578,9.503416,2.24848
490,4.887394666671753,-0.614744,9.512984,2.222168
491,4.897762298583984,-0.614744,9.53212,2.179112
492,4.907395601272583,-0.64584,9.498632,2.2126
493,4.917376518249512,-0.595608,9.529728,2.258048
494,4.9275970458984375,-0.605176,9.575176,2.310672
495,4.937026023864746,-0.571688,9.548864,2.270008
496,4.94739842414856,-0.569296,9.49624,2.191072
497,4.9575817584991455,-0.571688,9.534512,2.183896
498,4.96737813949585,-0.519064,9.5082,2.12888
499,4.977390289306641,-0.519064,9.493848,2.179112
500,4.987756013870239,-0.542984,9.49624,2.136056
501,4.99737286567688,-0.590824,9.49624,2.097784
502,5.007376432418823,-0.571688,9.517768,2.169544
503,5.017576217651367,-0.557336,9.512984,2.231736
504,5.0273590087890625,-0.569296,9.541688,2.2126
505,5.037403345108032,-0.566904,9.536904,2.250872
506,5.047553539276123,-0.509496,9.52016,2.219776
507,5.057387590408325,-0.476008,9.457968,2.231736
508,5.067383766174316,-0.495144,9.441224,2.353728
509,5.077570676803589,-0.523848,9.563216,2.258048
510,5.087362766265869,-0.519064,9.49624,2.171936
511,5.096950054168701,-0.595608,9.49624,2.28436
512,5.107579708099365,-0.63388,9.498632,2.198248
513,5.117208003997803,-0.542984,9.498632,2.214992
514,5.127009391784668,-0.617136,9.534512,2.195856
515,5.137621164321899,-0.664976,9.54408,2.238912
516,5.147042989730835,-0.629096,9.570392,2.155192
517,5.157059907913208,-0.696072,9.501024,2.11692
518,5.167742490768433,-0.719992,9.515376,2.17672
519,5.177111387252808,-0.576472,9.548864,2.11692
520,5.187022924423218,-0.619528,9.481888,2.195856
521,5.197754383087158,-0.535808,9.534512,2.219776
522,5.206946611404419,-0.516672,9.512984,2.267616
523,5.217066764831543,-0.349232,9.515376,2.195856
524,5.227734088897705,-0.368368,9.558432,2.219776
525,5.237116813659668,-0.40664,9.5082,2.11692
526,5.2471418380737305,-0.401856,9.565608,2.169544
527,5.257654666900635,-0.428168,9.599096,2.157584
528,5.267036199569702,-0.519064,9.5082,2.205424
529,5.277282238006592,-0.495144,9.539296,2.064296
530,5.287550687789917,-0.437736,9.524944,2.16476
531,5.297333002090454,-0.528632,9.515376,2.217384
532,5.3073625564575195,-0.483184,9.510592,2.198248
533,5.31756067276001,-0.511888,9.501024,2.2126
534,5.326954126358032,-0.624312,9.54408,2.159976
535,5.337350368499756,-0.571688,9.515376,2.205424
536,5.347578048706055,-0.598,9.49624,2.246088
537,5.357334852218628,-0.540592,9.479496,2.205424
538,5.367302656173706,-0.648232,9.501024,2.18868
539,5.377440690994263,-0.571688,9.469928,2.279576
540,5.387332916259766,-0.540592,9.517768,2.205424
541,5.397325754165649,-0.507104,9.515376,2.255656
542,5.407568454742432,-0.571688,9.560824,2.267616
543,5.416984558105469,-0.607568,9.505808,2.193464
544,5.426806449890137,-0.531024,9.489064,2.281968
545,5.4377357959747314,-0.576472,9.467536,2.262832
546,5.4469826221466064,-0.55016,9.524944,2.229344
547,5.45704197883606,-0.476008,9.47232,2.234128
548,5.467564582824707,-0.473616,9.512984,2.195856
549,5.4773406982421875,-0.49036,9.441224,2.186288
550,5.48699164390564,-0.459264,9.450792,2.325024
551,5.497738599777222,-0.452088,9.474712,2.222168
552,5.507033109664917,-0.50232,9.455576,2.119312
553,5.5169994831085205,-0.516672,9.529728,2.18868
554,5.527742385864258,-0.56212,9.551256,2.238912
555,5.5372841358184814,-0.60996,9.498632,2.195856
556,5.547354221343994,-0.605176,9.539296,2.270008
557,5.557568550109863,-0.521456,9.457968,2.214992
558,5.567359209060669,-0.552552,9.52016,2.219776
559,5.5770018100738525,-0.5382,9.465144,2.222168
560,5.587556838989258,-0.52624,9.524944,2.262832
561,5.597339391708374,-0.50232,9.498632,2.262832
562,5.6073362827301025,-0.483184,9.510592,2.222168
563,5.617558717727661,-0.569296,9.48428,2.193464
564,5.627152442932129,-0.581256,9.558432,2.2724
565,5.6373450756073,-0.63388,9.455576,2.241304
566,5.6476356983184814,-0.612352,9.450792,2.193464
567,5.65735387802124,-0.698464,9.462752,2.250872
568,5.667327165603638,-0.590824,9.422088,2.243696
569,5.677559852600098,-0.691288,9.455576,2.258048
570,5.687351226806641,-0.624312,9.453184,2.250872
571,5.697351694107056,-0.605176,9.498632,2.24848
572,5.707573652267456,-0.626704,9.527336,2.253264
573,5.716996431350708,-0.602784,9.527336,2.317848
574,5.727338552474976,-0.583648,9.498632,2.250872
575,5.737716197967529,-0.6578,9.48428,2.23652
576,5.747408628463745,-0.617136,9.536904,2.339376
577,5.757453918457031,-0.624312,9.52016,2.281968
578,5.767616271972656,-0.566904,9.47232,2.250872
579,5.777376651763916,-0.569296,9.5082,2.138448
580,5.787384986877441,-0.509496,9.501024,2.148016
581,5.797348976135254,-0.533416,9.524944,2.205424
582,5.807377576828003,-0.447304,9.587136,2.253264
583,5.817386865615845,-0.464048,9.551256,2.205424
584,5.827596426010132,-0.516672,9.536904,2.219776
585,5.837423086166382,-0.55016,9.52016,2.16476
586,5.847447872161865,-0.557336,9.52016,2.226952
587,5.857619762420654,-0.499928,9.503416,2.167152
588,5.867386341094971,-0.552552,9.479496,2.253264
589,5.8773884773254395,-0.499928,9.510592,2.217384
590,5.88736629486084,-0.4784,9.481888,2.181504
591,5.896979570388794,-0.51428,9.4484,2.195856
592,5.907412528991699,-0.535808,9.512984,2.234128
593,5.91782021522522,-0.62192,9.479496,2.250872
594,5.927377462387085,-0.64584,9.493848,2.214992
595,5.9374048709869385,-0.56212,9.5082,2.258048
596,5.947618007659912,-0.56212,9.477104,2.222168
597,5.9574384689331055,-0.559728,9.517768,2.279576
598,5.96741795539856,-0.595608,9.474712,2.246088
599,5.977632522583008,-0.583648,9.48428,2.203032
600,5.987401485443115,-0.581256,9.498632,2.150408
601,5.996865510940552,-0.547768,9.4484,2.207816
602,6.0075459480285645,-0.564512,9.4484,2.145624
603,6.017177104949951,-0.523848,9.42448,2.222168
604,6.026943922042847,-0.4186,9.4484,2.150408
605,6.037682771682739,-0.420992,9.455576,2.231736
606,6.046983242034912,-0.389896,9.510592,2.167152
607,6.057024717330933,-0.389896,9.52016,2.241304
608,6.067651271820068,-0.413816,9.48428,2.217384
609,6.0774195194244385,-0.459264,9.48428,2.2126
610,6.087388515472412,-0.507104,9.536904,2.191072
611,6.097380638122559,-0.50232,9.498632,2.138448
612,6.107372283935547,-0.435344,9.546472,2.179112
613,6.116944313049316,-0.459264,9.536904,2.186288
614,6.127613544464111,-0.499928,9.551256,2.243696
615,6.137423276901245,-0.459264,9.527336,2.145624
616,6.14739990234375,-0.471224,9.522552,2.169544
617,6.15764594078064,-0.50232,9.438832,2.267616
618,6.167442083358765,-0.51428,9.5082,2.210208
619,6.177372455596924,-0.504712,9.491456,2.250872
620,6.187621593475342,-0.497536,9.429264,2.24848
621,6.196976900100708,-0.504712,9.48428,2.226952
622,6.207382440567017,-0.4784,9.4484,2.186288
623,6.217690944671631,-0.533416,9.438832,2.207816
624,6.227884531021118,-0.531024,9.503416,2.171936
625,6.237130403518677,-0.504712,9.52016,2.217384
626,6.247774362564087,-0.533416,9.489064,2.1528
627,6.257521629333496,-0.569296,9.467536,2.229344
628,6.26742959022522,-0.542984,9.489064,2.186288
629,6.2778120040893555,-0.528632,9.477104,2.222168
630,6.287394046783447,-0.547768,9.522552,2.238912
631,6.297325372695923,-0.528632,9.47232,2.226952
632,6.307635307312012,-0.468832,9.501024,2.277184
633,6.31740140914917,-0.485576,9.491456,2.205424
634,6.327406406402588,-0.516672,9.465144,2.241304
635,6.337667942047119,-0.52624,9.457968,2.229344
636,6.34704327583313,-0.55016,9.536904,2.291536
637,6.357108116149902,-0.60996,9.539296,2.222168
638,6.367622137069702,-0.641056,9.55604,2.17672
639,6.377218723297119,-0.724776,9.55604,2.322632
640,6.387390613555908,-0.66976,9.527336,2.24848
641,6.39762020111084,-0.715208,9.565608,2.186288
642,6.407127857208252,-0.69368,9.517768,2.238912
643,6.417087554931641,-0.69368,9.477104,2.234128
644,6.427596569061279,-0.72956,9.46036,2.250872
645,6.437450170516968,-0.751088,9.429264,2.238912
646,6.447419166564941,-0.719992,9.481888,2.159976
647,6.457552909851074,-0.758264,9.55604,2.210208
648,6.467426061630249,-0.770224,9.503416,2.24848
649,6.477408170700073,-0.698464,9.560824,2.231736
650,6.487626552581787,-0.76544,9.560824,2.217384
651,6.497401237487793,-0.698464,9.55604,2.23652
652,6.5073630809783936,-0.643448,9.54408,2.241304
653,6.517646312713623,-0.614744,9.501024,2.17672
654,6.5273597240448,-0.631488,9.479496,2.234128
655,6.537059783935547,-0.629096,9.434048,2.238912
656,6.547420501708984,-0.57408,9.431656,2.210208
657,6.557304620742798,-0.664976,9.465144,2.23652
658,6.5674889087677,-0.607568,9.434048,2.26044
659,6.577369689941406,-0.715208,9.455576,2.198248
660,6.587379455566406,-0.708032,9.414912,2.186288
661,6.597412586212158,-0.76544,9.410128,2.26044
662,6.607616662979126,-0.794144,9.498632,2.183896
663,6.617057800292969,-0.808496,9.4484,2.267616
664,6.627073287963867,-0.746304,9.479496,2.179112
665,6.637840986251831,-0.7774,9.462752,2.1528
666,6.647087812423706,-0.696072,9.568,2.267616
667,6.657121181488037,-0.662584,9.52016,2.286752
668,6.667662143707275,-0.614744,9.563216,2.12888
669,6.677657842636108,-0.533416,9.47232,2.186288
670,6.687444448471069,-0.605176,9.501024,2.23652
671,6.6976635456085205,-0.605176,9.572784,2.222168
672,6.707366943359375,-0.614744,9.54408,2.138448
673,6.7173848152160645,-0.674544,9.515376,2.191072
674,6.727629661560059,-0.68172,9.5082,2.191072
675,6.737441301345825,-0.63388,9.489064,2.234128
676,6.747442007064819,-0.602784,9.568,2.150408
677,6.757661581039429,-0.70564,9.527336,2.286752
678,6.767455577850342,-0.69368,9.501024,2.169544
679,6.7774388790130615,-0.7176,9.489064,2.100176
680,6.787629842758179,-0.686504,9.443616,2.095392
681,6.797447443008423,-0.698464,9.41252,2.222168
682,6.807438373565674,-0.619528,9.465144,2.17672
683,6.817615509033203,-0.581256,9.405344,2.167152
684,6.827651500701904,-0.576472,9.505808,2.217384
685,6.837404489517212,-0.559728,9.395776,2.265224
686,6.847683906555176,-0.57408,9.469928,2.1528
687,6.85705828666687,-0.636272,9.489064,2.167152
688,6.867426156997681,-0.667368,9.498632,2.267616
689,6.877558946609497,-0.648232,9.498632,2.109744
690,6.88742733001709,-0.72956,9.43644,2.169544
691,6.897417306900024,-0.698464,9.441224,2.205424
692,6.907867670059204,-0.68172,9.551256,2.226952
693,6.917433023452759,-0.736736,9.450792,2.226952
694,6.92742133140564,-0.74152,9.498632,2.246088
695,6.937681674957275,-0.775008,9.546472,2.219776
696,6.947410345077515,-0.775008,9.572784,2.219776
697,6.9574134349823,-0.767832,9.477104,2.109744
698,6.967586278915405,-0.636272,9.505808,2.2126
699,6.977405071258545,-0.684112,9.49624,2.250872
700,6.986985445022583,-0.595608,9.48428,2.270008
701,6.997684717178345,-0.523848,9.481888,2.217384
702,7.007404088973999,-0.576472,9.558432,2.114528
703,7.01705527305603,-0.605176,9.522552,2.207816
704,7.0276408195495605,-0.590824,9.596704,2.12888
705,7.037410497665405,-0.664976,9.57996,2.124096
706,7.047405481338501,-0.679328,9.548864,2.11692
707,7.057632207870483,-0.64584,9.570392,2.20064
708,7.067407608032227,-0.636272,9.529728,2.22456
709,7.0775041580200195,-0.7176,9.524944,2.226952
710,7.087663888931274,-0.650624,9.505808,2.222168
711,7.097299098968506,-0.614744,9.446008,2.219776
712,7.107454538345337,-0.641056,9.414912,2.226952
713,7.117654085159302,-0.808496,9.457968,2.17672
714,7.12687349319458,-0.78936,9.46036,2.219776
715,7.137099027633667,-0.770224,9.503416,2.18868
716,7.147687196731567,-0.796536,9.47232,2.226952
717,7.157193422317505,-0.798928,9.4484,2.167152
718,7.166979074478149,-0.7774,9.414912,2.148016
719,7.1776816844940186,-0.731952,9.486672,2.205424
720,7.186992168426514,-0.698464,9.503416,2.174328
721,7.197040796279907,-0.612352,9.503416,2.157584
722,7.207808971405029,-0.664976,9.489064,2.121704
723,7.216922283172607,-0.617136,9.47232,2.06908
724,7.22697901725769,-0.545376,9.505808,2.162368
725,7.237715721130371,-0.590824,9.515376,2.195856
726,7.247011184692383,-0.62192,9.512984,2.214992
727,7.257030487060547,-0.62192,9.42448,2.210208
728,7.267759323120117,-0.636272,9.46036,2.179112
729,7.27703857421875,-0.719992,9.474712,2.226952
730,7.287344932556152,-0.727168,9.455576,2.11692
731,7.297583103179932,-0.743912,9.431656,2.159976
732,7.307366132736206,-0.6578,9.446008,2.157584
733,7.317347049713135,-0.69368,9.481888,2.20064
734,7.3275837898254395,-0.664976,9.515376,2.12888
735,7.337044954299927,-0.664976,9.48428,2.145624
736,7.347376585006714,-0.648232,9.501024,2.167152
737,7.35758113861084,-0.619528,9.47232,2.095392
738,7.3673670291900635,-0.686504,9.441224,2.150408
739,7.377341032028198,-0.607568,9.455576,2.124096
740,7.387547969818115,-0.631488,9.455576,2.198248
741,7.3973166942596436,-0.605176,9.5082,2.174328
742,7.407325506210327,-0.624312,9.43644,2.145624
743,7.417568206787109,-0.643448,9.486672,2.186288
744,7.426747798919678,-0.612352,9.565608,2.24848
745,7.43665623664856,-0.595608,9.491456,2.181504
746,7.447634220123291,-0.662584,9.522552,2.186288
747,7.457233905792236,-0.69368,9.560824,2.231736
748,7.46736741065979,-0.703248,9.534512,2.157584
749,7.477578401565552,-0.755872,9.548864,2.226952
750,7.4873597621917725,-0.712816,9.510592,2.219776
751,7.496950387954712,-0.660192,9.505808,2.243696
752,7.507613897323608,-0.703248,9.469928,2.267616
753,7.5173516273498535,-0.662584,9.465144,2.291536
754,7.527367830276489,-0.664976,9.481888,2.258048
755,7.537737131118774,-0.650624,9.481888,2.198248
756,7.547071695327759,-0.696072,9.541688,2.219776
757,7.557391405105591,-0.672152,9.479496,2.162368
758,7.5675880908966064,-0.581256,9.465144,2.179112
759,7.577405691146851,-0.531024,9.40056,2.124096
760,7.587224245071411,-0.473616,9.503416,2.169544
761,7.597599744796753,-0.483184,9.46036,2.210208
762,7.607384920120239,-0.468832,9.522552,2.159976
763,7.61734414100647,-0.590824,9.455576,2.255656
764,7.627593278884888,-0.617136,9.479496,2.138448
765,7.637273550033569,-0.648232,9.534512,2.2126
766,7.64737868309021,-0.672152,9.503416,2.193464
767,7.6576690673828125,-0.679328,9.491456,2.198248
768,7.667426347732544,-0.719992,9.48428,2.198248
769,7.67726993560791,-0.712816,9.517768,2.205424
770,7.687622547149658,-0.641056,9.49624,2.179112
771,7.696956396102905,-0.679328,9.505808,2.143232
772,7.707383871078491,-0.712816,9.534512,2.133664
773,7.7176501750946045,-0.69368,9.455576,2.253264
774,7.727385520935059,-0.602784,9.438832,2.143232
775,7.7373998165130615,-0.55016,9.4484,2.193464
776,7.747603893280029,-0.533416,9.457968,2.148016
777,7.757224798202515,-0.58604,9.503416,2.226952
778,7.767377614974976,-0.660192,9.493848,2.109744
779,7.777608394622803,-0.58604,9.5082,2.150408
780,7.787390947341919,-0.648232,9.546472,2.121704
781,7.796780109405518,-0.6578,9.453184,2.195856
782,7.80759859085083,-0.676936,9.457968,2.145624
783,7.816975116729736,-0.619528,9.477104,2.2724
784,7.82699728012085,-0.624312,9.467536,2.26044
785,7.837657690048218,-0.600392,9.548864,2.243696
786,7.847026348114014,-0.598,9.49624,2.214992
787,7.857032299041748,-0.617136,9.46036,2.289144
788,7.867701292037964,-0.629096,9.53212,2.28436
789,7.877218246459961,-0.614744,9.47232,2.222168
790,7.887067556381226,-0.679328,9.501024,2.186288
791,7.897603511810303,-0.68172,9.539296,2.23652
792,7.9069435596466064,-0.715208,9.522552,2.17672
793,7.917385101318359,-0.638664,9.52016,2.169544
794,7.9276018142700195,-0.66976,9.498632,2.159976
795,7.937387228012085,-0.619528,9.481888,2.143232
796,7.947380304336548,-0.576472,9.49624,2.20064
797,7.957595109939575,-0.631488,9.474712,2.243696
798,7.967401742935181,-0.566904,9.512984,2.217384
799,7.977003574371338,-0.631488,9.474712,2.136056
800,7.98760724067688,-0.629096,9.49624,2.241304
801,7.996994972229004,-0.64584,9.489064,2.12888
802,8.007408380508423,-0.600392,9.498632,2.217384
803,8.017382144927979,-0.600392,9.498632,2.143232
804,8.027403116226196,-0.662584,9.49624,2.12888
805,8.037379741668701,-0.64584,9.522552,2.157584
806,8.04760479927063,-0.68172,9.48428,2.207816
807,8.057400465011597,-0.624312,9.474712,2.234128
808,8.067405462265015,-0.602784,9.501024,2.14084
809,8.07758116722107,-0.653016,9.489064,2.214992
810,8.087340354919434,-0.636272,9.52016,2.171936
811,8.097368478775024,-0.664976,9.505808,2.22456
812,8.107569694519043,-0.605176,9.426872,2.207816
813,8.117334842681885,-0.528632,9.49624,2.18868
814,8.12738847732544,-0.614744,9.47232,2.112136
815,8.138160467147827,-0.588432,9.450792,2.066688
816,8.146945714950562,-0.540592,9.467536,2.183896
817,8.156743049621582,-0.499928,9.37664,2.145624
818,8.1675546169281,-0.473616,9.457968,2.124096
819,8.176968812942505,-0.444912,9.560824,2.138448
820,8.187325477600098,-0.519064,9.529728,2.155192
821,8.197055578231812,-0.447304,9.462752,2.20064
822,8.207213163375854,-0.631488,9.5082,2.234128
823,8.217353820800781,-0.576472,9.53212,2.217384
824,8.227576732635498,-0.643448,9.53212,2.279576
825,8.236933708190918,-0.655408,9.536904,2.126488
826,8.2473783493042,-0.7176,9.479496,2.157584
827,8.25757384300232,-0.667368,9.446008,2.193464
828,8.26734447479248,-0.751088,9.481888,2.22456
829,8.277346849441528,-0.660192,9.455576,2.112136
830,8.287611722946167,-0.63388,9.55604,2.090608
831,8.29695749282837,-0.57408,9.524944,2.17672
832,8.307001113891602,-0.471224,9.479496,2.210208
833,8.317654848098755,-0.476008,9.529728,2.181504
834,8.327446699142456,-0.49036,9.55604,2.219776
835,8.337177515029907,-0.416208,9.53212,2.210208
836,8.347671747207642,-0.440128,9.498632,2.219776
837,8.357428550720215,-0.50232,9.563216,2.250872
838,8.367429971694946,-0.593216,9.584744,2.22456
839,8.37764859199524,-0.602784,9.582352,2.214992
840,8.387400388717651,-0.58604,9.469928,2.171936
841,8.397243976593018,-0.698464,9.5082,2.169544
842,8.4076247215271,-0.655408,9.498632,2.157584
843,8.416935443878174,-0.674544,9.527336,2.174328
844,8.427234888076782,-0.63388,9.503416,2.231736
845,8.437630653381348,-0.605176,9.486672,2.210208
846,8.447050333023071,-0.557336,9.457968,2.195856
847,8.457036256790161,-0.459264,9.42448,2.2126
848,8.467672109603882,-0.416208,9.479496,2.203032
849,8.477399826049805,-0.440128,9.539296,2.124096
850,8.487393617630005,-0.45448,9.46036,2.114528
851,8.497661352157593,-0.614744,9.558432,2.095392
852,8.506927967071533,-0.6578,9.534512,2.088216
853,8.51740050315857,-0.664976,9.546472,2.114528
854,8.527620077133179,-0.68172,9.553648,2.193464
855,8.537391185760498,-0.605176,9.539296,2.133664
856,8.547427415847778,-0.552552,9.541688,2.23652
857,8.557641983032227,-0.547768,9.49624,2.159976
858,8.567474126815796,-0.4784,9.53212,2.279576
859,8.577391862869263,-0.50232,9.53212,2.267616
860,8.587658166885376,-0.452088,9.469928,2.162368
861,8.597417116165161,-0.533416,9.539296,2.066688
862,8.607386827468872,-0.487968,9.510592,2.169544
863,8.617646217346191,-0.523848,9.498632,2.157584
864,8.627402544021606,-0.619528,9.52016,2.167152
865,8.637072324752808,-0.617136,9.410128,2.145624
866,8.647668838500977,-0.643448,9.486672,2.126488
867,8.657459020614624,-0.63388,9.426872,2.238912
868,8.667450428009033,-0.676936,9.469928,2.203032
869,8.677660703659058,-0.660192,9.455576,2.24848
870,8.687418699264526,-0.583648,9.46036,2.17672
871,8.697370052337646,-0.581256,9.53212,2.181504
872,8.707631587982178,-0.545376,9.553648,2.198248
873,8.717487812042236,-0.492752,9.491456,2.148016
874,8.72709345817566,-0.480792,9.560824,2.191072
875,8.737655401229858,-0.552552,9.5082,2.214992
876,8.747455596923828,-0.50232,9.493848,2.167152
877,8.757423162460327,-0.507104,9.529728,2.114528
878,8.767414569854736,-0.576472,9.534512,2.138448
879,8.77707552909851,-0.595608,9.522552,2.195856
880,8.787380456924438,-0.528632,9.479496,2.179112
881,8.796957015991211,-0.535808,9.48428,2.107352
882,8.807347536087036,-0.590824,9.503416,2.145624
883,8.817204713821411,-0.531024,9.501024,2.229344
884,8.82730746269226,-0.595608,9.572784,2.119312
885,8.837351560592651,-0.57408,9.515376,2.148016
886,8.847390413284302,-0.564512,9.529728,2.181504
887,8.857602834701538,-0.557336,9.568,2.207816
888,8.867383480072021,-0.552552,9.546472,2.148016
889,8.877388715744019,-0.540592,9.493848,2.16476
890,8.887346982955933,-0.56212,9.52016,2.18868
891,8.897353649139404,-0.504712,9.558432,2.198248
892,8.90704870223999,-0.581256,9.52016,2.145624
893,8.91756010055542,-0.600392,9.54408,2.26044
894,8.927634477615356,-0.571688,9.489064,2.205424
895,8.936962842941284,-0.662584,9.539296,2.179112
896,8.947574615478516,-0.624312,9.517768,2.217384
897,8.957355737686157,-0.581256,9.527336,2.186288
898,8.96731948852539,-0.643448,9.536904,2.136056
899,8.977543115615845,-0.712816,9.501024,2.097784
900,8.98759388923645,-0.629096,9.524944,2.145624
901,8.997360229492188,-0.578864,9.524944,2.11692
902,9.007547616958618,-0.495144,9.479496,2.23652
903,9.016926527023315,-0.447304,9.47232,2.219776
904,9.02713680267334,-0.456872,9.503416,2.159976
905,9.037679195404053,-0.411424,9.517768,2.138448
906,9.047083616256714,-0.449696,9.560824,2.23652
907,9.057101249694824,-0.423384,9.61584,2.136056
908,9.067667961120605,-0.497536,9.572784,2.112136
909,9.077112436294556,-0.533416,9.541688,2.143232
910,9.087420225143433,-0.588432,9.546472,2.107352
911,9.097692489624023,-0.64584,9.568,2.24848
912,9.107442855834961,-0.724776,9.505808,2.181504
913,9.11725664138794,-0.712816,9.491456,2.109744
914,9.12739086151123,-0.63388,9.515376,2.073864
915,9.137409448623657,-0.63388,9.522552,2.167152
916,9.146991729736328,-0.614744,9.510592,2.234128
917,9.157799243927002,-0.519064,9.48428,2.2126
918,9.167128324508667,-0.521456,9.42448,2.179112
919,9.177089929580688,-0.464048,9.501024,2.241304
920,9.187610864639282,-0.452088,9.46036,2.214992
921,9.19717001914978,-0.516672,9.49624,2.217384
922,9.207184314727783,-0.547768,9.489064,2.131272
923,9.217602252960205,-0.542984,9.539296,2.1528
924,9.227820634841919,-0.552552,9.534512,2.102568
925,9.237109184265137,-0.509496,9.572784,2.17672
926,9.247098922729492,-0.552552,9.558432,2.217384
927,9.257038354873657,-0.519064,9.53212,2.159976
928,9.267077207565308,-0.58604,9.49624,2.159976
929,9.277721643447876,-0.557336,9.541688,2.112136
930,9.287198543548584,-0.51428,9.527336,2.145624
931,9.297239303588867,-0.55016,9.469928,2.078648
932,9.307682991027832,-0.58604,9.589528,2.131272
933,9.317465782165527,-0.531024,9.54408,2.12888
934,9.327462196350098,-0.56212,9.512984,2.198248
935,9.336951494216919,-0.535808,9.5082,2.169544
936,9.346931219100952,-0.545376,9.510592,2.107352
937,9.356911182403564,-0.521456,9.491456,2.17672
938,9.368125438690186,-0.533416,9.43644,2.207816
939,9.377241849899292,-0.535808,9.486672,2.16476
940,9.387459754943848,-0.50232,9.493848,2.22456
941,9.397650957107544,-0.571688,9.486672,2.097784
942,9.407418012619019,-0.533416,9.501024,2.195856
943,9.417023420333862,-0.516672,9.565608,2.131272
944,9.42762017250061,-0.566904,9.541688,2.198248
945,9.43727970123291,-0.516672,9.522552,2.17672
946,9.447418451309204,-0.569296,9.474712,2.183896
947,9.457855701446533,-0.600392,9.501024,2.195856
948,9.467410802841187,-0.542984,9.481888,2.255656
949,9.477413654327393,-0.516672,9.479496,2.124096
950,9.487626075744629,-0.521456,9.536904,2.207816
951,9.49733591079712,-0.459264,9.474712,2.076256
952,9.50742506980896,-0.557336,9.491456,2.2126
953,9.517604112625122,-0.504712,9.493848,2.1528
954,9.52740740776062,-0.5382,9.462752,2.2126
955,9.537410736083984,-0.581256,9.489064,2.11692
956,9.547781229019165,-0.566904,9.524944,2.214992
957,9.557461500167847,-0.516672,9.493848,2.109744
958,9.567449569702148,-0.576472,9.455576,2.155192
959,9.577636003494263,-0.590824,9.465144,2.250872
960,9.587042093276978,-0.55016,9.536904,2.1528
961,9.597385883331299,-0.593216,9.53212,2.205424
962,9.607583999633789,-0.540592,9.611056,2.231736
963,9.617241859436035,-0.509496,9.5082,2.26044
964,9.62700867652893,-0.473616,9.575176,2.28436
965,9.63760232925415,-0.533416,9.582352,2.231736
966,9.647113561630249,-0.576472,9.522552,2.241304
967,9.657137393951416,-0.540592,9.491456,2.274792
968,9.667784929275513,-0.444912,9.55604,2.255656
969,9.677058458328247,-0.566904,9.450792,2.253264
970,9.687419414520264,-0.583648,9.434048,2.219776
971,9.697623252868652,-0.487968,9.498632,2.217384
972,9.707415580749512,-0.600392,9.5082,2.181504
973,9.717417001724243,-0.56212,9.429264,2.207816
974,9.72759199142456,-0.521456,9.498632,2.124096
975,9.737375974655151,-0.476008,9.422088,2.131272
976,9.747360706329346,-0.432952,9.41252,2.195856
977,9.75758409500122,-0.380328,9.481888,2.17672
978,9.767410516738892,-0.377936,9.501024,2.171936
979,9.777418851852417,-0.354016,9.477104,2.2126
980,9.787602663040161,-0.318136,9.5082,2.24848
981,9.796917915344238,-0.440128,9.479496,2.229344
982,9.807490348815918,-0.365976,9.534512,2.193464
983,9.817714929580688,-0.449696,9.529728,2.183896
984,9.82746171951294,-0.497536,9.503416,2.22456
985,9.837045431137085,-0.600392,9.515376,2.181504
986,9.847642421722412,-0.588432,9.467536,2.121704
987,9.857429027557373,-0.643448,9.503416,2.107352
988,9.867414474487305,-0.598,9.55604,2.205424
989,9.877650022506714,-0.571688,9.498632,2.155192
990,9.88713002204895,-0.559728,9.512984,2.241304
991,9.89746618270874,-0.578864,9.501024,2.095392
992,9.907716035842896,-0.528632,9.47232,2.131272
993,9.917479515075684,-0.480792,9.434048,2.133664
994,9.92745590209961,-0.44252,9.503416,2.1528
995,9.937660455703735,-0.40664,9.501024,2.171936
996,9.947314739227295,-0.43056,9.43644,2.169544
997,9.957420110702515,-0.542984,9.489064,2.121704
998,9.967660188674927,-0.545376,9.524944,2.136056
999,9.977421522140503,-0.56212,9.49624,2.203032
1000,9.98743200302124,-0.540592,9.539296,2.214992
1001,9.997634887695312,-0.533416,9.474712,2.279576
1002,10.007416486740112,-0.511888,9.493848,2.231736
1003,10.017425775527954,-0.461656,9.565608,2.203032
1004,10.027641773223877,-0.542984,9.498632,2.219776
1005,10.036949157714844,-0.554944,9.575176,2.193464
1006,10.047404527664185,-0.542984,9.548864,2.2126
1007,10.05764627456665,-0.535808,9.539296,2.195856
1008,10.0674147605896,-0.507104,9.498632,2.262832
1009,10.077409505844116,-0.449696,9.510592,2.207816
1010,10.087647438049316,-0.507104,9.565608,2.157584
1011,10.09743356704712,-0.50232,9.52016,2.169544
1012,10.10740852355957,-0.509496,9.527336,2.2126
1013,10.117668151855469,-0.545376,9.517768,2.100176
1014,10.12695837020874,-0.51428,9.539296,2.171936
1015,10.137409210205078,-0.492752,9.548864,2.214992
1016,10.147601842880249,-0.485576,9.534512,2.258048
1017,10.157416105270386,-0.519064,9.534512,2.119312
1018,10.16742205619812,-0.51428,9.5082,2.183896
1019,10.177660465240479,-0.509496,9.493848,2.150408
1020,10.187466144561768,-0.516672,9.5082,2.145624
1021,10.19744324684143,-0.52624,9.503416,2.162368
1022,10.207661151885986,-0.495144,9.501024,2.198248
1023,10.217000484466553,-0.533416,9.493848,2.157584
1024,10.227002382278442,-0.542984,9.491456,2.124096
1025,10.23770785331726,-0.593216,9.560824,2.112136
1026,10.24743938446045,-0.571688,9.53212,2.11692
1027,10.257101774215698,-0.540592,9.52016,2.10496
1028,10.267698764801025,-0.569296,9.52016,2.090608
1029,10.277150869369507,-0.52624,9.47232,2.150408
1030,10.287431478500366,-0.50232,9.517768,2.112136
1031,10.297568559646606,-0.495144,9.481888,2.219776
1032,10.307363510131836,-0.492752,9.498632,2.095392
1033,10.317397832870483,-0.409032,9.515376,2.143232
1034,10.327671527862549,-0.46644,9.524944,2.191072
1035,10.337431192398071,-0.540592,9.491456,2.109744
1036,10.3470299243927,-0.483184,9.48428,2.183896
1037,10.357648849487305,-0.55016,9.54408,2.262832
1038,10.367679595947266,-0.495144,9.5082,2.159976
1039,10.377424240112305,-0.473616,9.536904,2.1528
1040,10.38765287399292,-0.495144,9.582352,2.174328
1041,10.397444009780884,-0.552552,9.568,2.205424
1042,10.40745234489441,-0.516672,9.524944,2.186288
1043,10.417646884918213,-0.542984,9.512984,2.191072
1044,10.427411317825317,-0.46644,9.443616,2.121704
1045,10.437415838241577,-0.511888,9.493848,2.162368
1046,10.447638511657715,-0.492752,9.515376,2.16476
1047,10.457449913024902,-0.55016,9.517768,2.234128
1048,10.467450618743896,-0.55016,9.417304,2.159976
1049,10.477640628814697,-0.564512,9.49624,2.217384
1050,10.487410545349121,-0.559728,9.510592,2.253264
1051,10.497451543807983,-0.655408,9.48428,2.124096
1052,10.507422924041748,-0.629096,9.534512,2.281968
1053,10.517410039901733,-0.664976,9.575176,2.14084
1054,10.527443885803223,-0.69368,9.505808,2.124096
1055,10.537644386291504,-0.636272,9.529728,2.171936
1056,10.54726529121399,-0.58604,9.527336,2.219776
1057,10.557372093200684,-0.480792,9.527336,2.191072
1058,10.567588329315186,-0.437736,9.52016,2.167152
1059,10.577405452728271,-0.40664,9.489064,2.219776
1060,10.587367534637451,-0.377936,9.558432,2.157584
1061,10.597590923309326,-0.447304,9.49624,2.155192
1062,10.607403755187988,-0.392288,9.565608,2.107352
1063,10.617408514022827,-0.437736,9.534512,2.143232
1064,10.62758994102478,-0.504712,9.560824,2.133664
1065,10.637423038482666,-0.533416,9.553648,2.179112
1066,10.646928071975708,-0.590824,9.505808,2.109744
1067,10.657590627670288,-0.660192,9.486672,2.095392
1068,10.667386054992676,-0.66976,9.493848,2.171936
1069,10.677402019500732,-0.554944,9.536904,2.157584
1070,10.687592267990112,-0.624312,9.560824,2.093
1071,10.697652339935303,-0.595608,9.515376,2.042768
1072,10.706897497177124,-0.50232,9.560824,2.136056
1073,10.717585325241089,-0.473616,9.438832,2.14084
1074,10.727412223815918,-0.440128,9.512984,2.23652
1075,10.737422704696655,-0.43056,9.560824,2.210208
1076,10.747651815414429,-0.540592,9.52016,2.181504
1077,10.75729513168335,-0.492752,9.539296,2.143232
1078,10.767009019851685,-0.559728,9.527336,2.159976
1079,10.777589082717896,-0.588432,9.568,2.181504
1080,10.78738522529602,-0.521456,9.551256,2.265224
1081,10.796948432922363,-0.509496,9.489064,2.205424
1082,10.807620763778687,-0.523848,9.536904,2.16476
1083,10.817431211471558,-0.495144,9.457968,2.203032
1084,10.827064037322998,-0.497536,9.551256,2.181504
1085,10.837821960449219,-0.468832,9.49624,2.167152
1086,10.84689974784851,-0.449696,9.501024,2.207816
1087,10.857119798660278,-0.521456,9.477104,2.20064
1088,10.867759704589844,-0.509496,9.498632,2.286752
1089,10.877092838287354,-0.509496,9.493848,2.088216
1090,10.887427568435669,-0.523848,9.541688,2.17672
1091,10.897583723068237,-0.576472,9.522552,2.231736
1092,10.907426834106445,-0.588432,9.512984,2.133664
1093,10.917412519454956,-0.576472,9.481888,2.222168
1094,10.9277663230896,-0.483184,9.501024,2.22456
1095,10.937407970428467,-0.540592,9.501024,2.150408
1096,10.946982860565186,-0.531024,9.479496,2.29632
1097,10.957587003707886,-0.440128,9.493848,2.186288
1098,10.967384099960327,-0.547768,9.551256,2.205424
1099,10.977366924285889,-0.487968,9.563216,2.229344
1100,10.987623929977417,-0.476008,9.48428,2.253264
1101,10.997421741485596,-0.581256,9.515376,2.150408
1102,11.007352352142334,-0.581256,9.548864,2.179112
1103,11.017653703689575,-0.547768,9.553648,2.26044
1104,11.027391910552979,-0.545376,9.505808,2.210208
1105,11.036853551864624,-0.504712,9.52016,2.20064
1106,11.047040462493896,-0.535808,9.539296,2.119312
1107,11.057429552078247,-0.5382,9.553648,2.2126
1108,11.067389011383057,-0.528632,9.486672,2.229344
1109,11.077588319778442,-0.528632,9.477104,2.203032
1110,11.087428569793701,-0.552552,9.53212,2.205424
1111,11.097299814224243,-0.631488,9.486672,2.11692
1112,11.10759449005127,-0.492752,9.546472,2.148016
1113,11.117596864700317,-0.533416,9.477104,2.205424
1114,11.127451419830322,-0.564512,9.54408,2.23652
1115,11.137829542160034,-0.583648,9.560824,2.195856
1116,11.147109746932983,-0.545376,9.498632,2.183896
1117,11.157055854797363,-0.497536,9.493848,2.16476
1118,11.167782306671143,-0.559728,9.52016,2.148016
1119,11.17712688446045,-0.542984,9.510592,2.198248
1120,11.187103033065796,-0.509496,9.536904,2.143232
1121,11.197727680206299,-0.542984,9.515376,2.143232
1122,11.20713472366333,-0.56212,9.479496,2.2126
1123,11.217153072357178,-0.581256,9.477104,2.157584
1124,11.22702956199646,-0.605176,9.501024,2.195856
1125,11.23713207244873,-0.545376,9.489064,2.30828
1126,11.247118949890137,-0.56212,9.568,2.238912
1127,11.257651090621948,-0.60996,9.524944,2.150408
1128,11.267051935195923,-0.63388,9.479496,2.181504
1129,11.277087211608887,-0.648232,9.477104,2.171936
1130,11.287589073181152,-0.595608,9.47232,2.270008
1131,11.297385692596436,-0.58604,9.505808,2.214992
1132,11.307427644729614,-0.614744,9.477104,2.183896
1133,11.317584037780762,-0.552552,9.541688,2.12888
1134,11.327396154403687,-0.576472,9.491456,2.085824
1135,11.337381839752197,-0.533416,9.441224,2.193464
1136,11.347951412200928,-0.507104,9.481888,2.040376
1137,11.357188701629639,-0.483184,9.434048,2.169544
1138,11.367425680160522,-0.420992,9.434048,2.17672
1139,11.377666234970093,-0.3588,9.524944,2.124096
1140,11.387436389923096,-0.409032,9.47232,2.22456
1141,11.397430181503296,-0.440128,9.515376,2.229344
1142,11.4076566696167,-0.571688,9.493848,2.169544
1143,11.417441844940186,-0.571688,9.560824,2.162368
1144,11.427412033081055,-0.595608,9.517768,2.219776
1145,11.437889814376831,-0.612352,9.55604,2.231736
1146,11.447450399398804,-0.598,9.477104,2.2126
1147,11.45746922492981,-0.583648,9.5082,2.18868
1148,11.467698335647583,-0.617136,9.491456,2.258048
1149,11.47749662399292,-0.62192,9.5082,2.26044
1150,11.487423181533813,-0.631488,9.515376,2.16476
1151,11.497663021087646,-0.58604,9.541688,2.243696
1152,11.50744366645813,-0.46644,9.49624,2.238912
1153,11.517441749572754,-0.4784,9.453184,2.23652
1154,11.527675151824951,-0.49036,9.429264,2.2126
1155,11.537434577941895,-0.437736,9.503416,2.1528
1156,11.547029495239258,-0.540592,9.462752,2.124096
1157,11.557645320892334,-0.55016,9.52016,2.169544
1158,11.56742262840271,-0.566904,9.553648,2.198248
1159,11.577428817749023,-0.571688,9.546472,2.198248
1160,11.587625741958618,-0.528632,9.541688,2.23652
1161,11.597432851791382,-0.533416,9.501024,2.145624
1162,11.607435703277588,-0.554944,9.493848,2.205424
1163,11.617670059204102,-0.564512,9.438832,2.265224
1164,11.627076625823975,-0.511888,9.477104,2.191072
1165,11.637117624282837,-0.4784,9.534512,2.207816
1166,11.647645711898804,-0.487968,9.5082,2.265224
1167,11.657145500183105,-0.49036,9.465144,2.274792
1168,11.667416334152222,-0.49036,9.541688,2.219776
1169,11.67784833908081,-0.547768,9.54408,2.207816
1170,11.687443733215332,-0.58604,9.455576,2.238912
1171,11.697399377822876,-0.531024,9.450792,2.234128
1172,11.707642078399658,-0.636272,9.52016,2.238912
1173,11.717432260513306,-0.533416,9.498632,2.210208
1174,11.727423191070557,-0.542984,9.469928,2.234128
1175,11.737655401229858,-0.487968,9.498632,2.214992
1176,11.74754285812378,-0.542984,9.489064,2.303496
1177,11.757298469543457,-0.471224,9.501024,2.119312
1178,11.767632722854614,-0.459264,9.534512,2.229344
1179,11.777435064315796,-0.519064,9.541688,2.174328
1180,11.787420749664307,-0.528632,9.469928,2.234128
1181,11.797677040100098,-0.480792,9.493848,2.198248
1182,11.80741548538208,-0.480792,9.551256,2.2724
1183,11.817441701889038,-0.511888,9.489064,2.17672
1184,11.827656507492065,-0.523848,9.522552,2.159976
1185,11.837207794189453,-0.52624,9.43644,2.193464
1186,11.847441673278809,-0.619528,9.47232,2.250872
1187,11.85766315460205,-0.557336,9.48428,2.22456
1188,11.867437362670898,-0.55016,9.517768,2.303496
1189,11.877410411834717,-0.581256,9.474712,2.16476
1190,11.887659311294556,-0.583648,9.462752,2.207816
1191,11.897396564483643,-0.607568,9.517768,2.267616
1192,11.907475709915161,-0.605176,9.510592,2.203032
1193,11.91768217086792,-0.564512,9.503416,2.171936
1194,11.926960468292236,-0.571688,9.563216,2.18868
1195,11.937423944473267,-0.576472,9.474712,2.2126
1196,11.947602272033691,-0.46644,9.517768,2.183896
1197,11.957451343536377,-0.528632,9.522552,2.186288
1198,11.967418909072876,-0.497536,9.558432,2.243696
1199,11.977662324905396,-0.471224,9.498632,2.181504
1200,11.987425565719604,-0.464048,9.53212,2.095392
1201,11.997438192367554,-0.471224,9.491456,2.174328
1202,12.007647514343262,-0.471224,9.524944,2.16476
1203,12.017456293106079,-0.468832,9.486672,2.217384
1204,12.027431964874268,-0.528632,9.4484,2.191072
1205,12.037656307220459,-0.511888,9.462752,2.191072
1206,12.047451496124268,-0.521456,9.517768,2.131272
1207,12.05747938156128,-0.612352,9.446008,2.131272
1208,12.067654609680176,-0.636272,9.429264,2.155192
1209,12.077432870864868,-0.626704,9.477104,2.243696
1210,12.087449550628662,-0.619528,9.553648,2.325024
1211,12.097645044326782,-0.605176,9.512984,2.167152
1212,12.107416868209839,-0.636272,9.489064,2.217384
1213,12.117417097091675,-0.612352,9.510592,2.167152
1214,12.12800121307373,-0.571688,9.469928,2.181504
1215,12.137441396713257,-0.5382,9.501024,2.05712
1216,12.147480249404907,-0.471224,9.52016,2.181504
1217,12.157637596130371,-0.356408,9.467536,2.17672
1218,12.167738914489746,-0.389896,9.5082,2.205424
1219,12.17709755897522,-0.344448,9.536904,2.277184
1220,12.187447309494019,-0.368368,9.536904,2.26044
1221,12.197023391723633,-0.428168,9.489064,2.222168
1222,12.207056999206543,-0.46644,9.577568,2.23652
1223,12.217727661132812,-0.581256,9.541688,2.097784
1224,12.227074146270752,-0.605176,9.534512,2.174328
1225,12.23726224899292,-0.664976,9.560824,2.138448
1226,12.247522592544556,-0.605176,9.48428,2.217384
1227,12.257413625717163,-0.588432,9.457968,2.16476
1228,12.267074823379517,-0.63388,9.48428,2.193464
1229,12.277557134628296,-0.58604,9.512984,2.159976
1230,12.287421703338623,-0.583648,9.522552,2.150408
1231,12.297441244125366,-0.607568,9.479496,2.24848
1232,12.307507753372192,-0.51428,9.49624,2.131272
1233,12.317451238632202,-0.464048,9.505808,2.267616
1234,12.327434778213501,-0.487968,9.524944,2.18868
1235,12.33750867843628,-0.571688,9.455576,2.229344
1236,12.347439765930176,-0.600392,9.48428,2.238912
1237,12.356971263885498,-0.590824,9.53212,2.191072
1238,12.367512941360474,-0.69368,9.565608,2.186288
1239,12.377432346343994,-0.700856,9.551256,2.131272
1240,12.387451410293579,-0.708032,9.493848,2.198248
1241,12.397514820098877,-0.674544,9.563216,2.286752
1242,12.407372236251831,-0.614744,9.55604,2.214992
1243,12.417405128479004,-0.578864,9.457968,2.291536
1244,12.42758846282959,-0.542984,9.536904,2.191072
1245,12.437406301498413,-0.540592,9.457968,2.234128
1246,12.447427749633789,-0.411424,9.46036,2.214992
1247,12.457645654678345,-0.437736,9.438832,2.12888
1248,12.46695065498352,-0.397072,9.503416,2.195856
1249,12.477010488510132,-0.416208,9.469928,2.167152
1250,12.487650632858276,-0.50232,9.505808,2.241304
1251,12.497410774230957,-0.540592,9.527336,2.159976
1252,12.50730562210083,-0.492752,9.54408,2.11692
1253,12.517640113830566,-0.495144,9.534512,2.124096
1254,12.526992082595825,-0.576472,9.524944,2.169544
1255,12.537024974822998,-0.583648,9.5082,2.26044
1256,12.547584533691406,-0.545376,9.546472,2.100176
1257,12.557084321975708,-0.578864,9.48428,2.162368
1258,12.567347764968872,-0.583648,9.47232,2.155192
1259,12.57797646522522,-0.5382,9.510592,2.258048
1260,12.587382793426514,-0.545376,9.529728,2.2126
1261,12.597372770309448,-0.542984,9.55604,2.193464
1262,12.607604026794434,-0.519064,9.43644,2.174328
1263,12.617081880569458,-0.58604,9.527336,2.183896
1264,12.62687611579895,-0.523848,9.568,2.121704
1265,12.637686014175415,-0.547768,9.517768,2.174328
1266,12.647388219833374,-0.535808,9.541688,2.191072
1267,12.657476663589478,-0.52624,9.563216,2.138448
1268,12.667811393737793,-0.521456,9.503416,2.22456
1269,12.677472352981567,-0.464048,9.46036,2.231736
1270,12.687479734420776,-0.521456,9.524944,2.145624
1271,12.697606801986694,-0.452088,9.429264,2.253264
1272,12.707139492034912,-0.492752,9.477104,2.23652
1273,12.71741533279419,-0.535808,9.53212,2.12888
1274,12.727635860443115,-0.464048,9.524944,2.148016
1275,12.737420082092285,-0.552552,9.54408,2.217384
1276,12.747416019439697,-0.540592,9.59192,2.174328
1277,12.757860660552979,-0.483184,9.527336,2.093
1278,12.767459869384766,-0.461656,9.512984,2.162368
1279,12.777343273162842,-0.49036,9.457968,2.174328
1280,12.787717819213867,-0.464048,9.481888,2.207816
1281,12.797438859939575,-0.473616,9.527336,2.207816
1282,12.807464122772217,-0.461656,9.52016,2.12888
1283,12.817646741867065,-0.432952,9.522552,2.2126
1284,12.827467441558838,-0.468832,9.53212,2.210208
1285,12.8374605178833,-0.46644,9.52016,2.243696
1286,12.84746241569519,-0.50232,9.510592,2.2126
1287,12.85748028755188,-0.554944,9.469928,2.157584
1288,12.866984605789185,-0.631488,9.479496,2.258048
1289,12.877662658691406,-0.590824,9.43644,2.171936
1290,12.887112617492676,-0.476008,9.522552,2.203032
1291,12.897444009780884,-0.5382,9.465144,2.22456
1292,12.907711505889893,-0.569296,9.48428,2.159976
1293,12.917459964752197,-0.559728,9.453184,2.100176
1294,12.927450895309448,-0.583648,9.53212,2.143232
1295,12.937721967697144,-0.593216,9.536904,2.14084
1296,12.947426319122314,-0.566904,9.541688,2.11692
1297,12.957367658615112,-0.464048,9.563216,2.119312
1298,12.967575788497925,-0.40664,9.539296,2.179112
1299,12.977420568466187,-0.356408,9.503416,2.205424
1300,12.987456560134888,-0.363584,9.5082,2.207816
1301,12.997535228729248,-0.452088,9.47232,2.186288
1302,13.007384300231934,-0.428168,9.572784,2.18868
1303,13.01740574836731,-0.521456,9.54408,2.133664
1304,13.027509212493896,-0.44252,9.536904,2.148016
1305,13.03739309310913,-0.576472,9.52016,2.181504
1306,13.047385692596436,-0.507104,9.52016,2.078648
1307,13.057607889175415,-0.612352,9.53212,2.17672
1308,13.06741714477539,-0.583648,9.477104,2.229344
1309,13.077433824539185,-0.602784,9.467536,2.167152
1310,13.087725400924683,-0.557336,9.434048,2.076256
1311,13.097377061843872,-0.557336,9.54408,2.203032
1312,13.10745120048523,-0.581256,9.443616,2.162368
1313,13.117529153823853,-0.485576,9.49624,2.16476
1314,13.127033710479736,-0.444912,9.462752,2.219776
1315,13.137436151504517,-0.497536,9.49624,2.186288
1316,13.147628545761108,-0.497536,9.414912,2.14084
1317,13.15690541267395,-0.464048,9.5082,2.217384
1318,13.167088985443115,-0.50232,9.541688,2.226952
1319,13.177716732025146,-0.471224,9.491456,2.241304
1320,13.187075138092041,-0.552552,9.477104,2.183896
1321,13.197106122970581,-0.540592,9.558432,2.138448
1322,13.20768928527832,-0.511888,9.517768,2.205424
1323,13.217075109481812,-0.559728,9.546472,2.155192
1324,13.227147579193115,-0.497536,9.505808,2.205424
1325,13.237081289291382,-0.50232,9.515376,2.171936
1326,13.247122764587402,-0.516672,9.47232,2.250872
1327,13.257078409194946,-0.588432,9.517768,2.159976
1328,13.26781153678894,-0.571688,9.54408,2.193464
1329,13.277867078781128,-0.55016,9.481888,2.150408
1330,13.287160873413086,-0.509496,9.49624,2.143232
1331,13.297802925109863,-0.471224,9.541688,2.238912
1332,13.307091474533081,-0.509496,9.481888,2.229344
1333,13.317439794540405,-0.4784,9.465144,2.214992
1334,13.327601432800293,-0.528632,9.517768,2.179112
1335,13.337435483932495,-0.559728,9.498632,2.2126
1336,13.347400903701782,-0.619528,9.527336,2.238912
1337,13.356914520263672,-0.559728,9.512984,2.219776
1338,13.367420673370361,-0.583648,9.47232,2.281968
1339,13.37743067741394,-0.452088,9.505808,2.167152
1340,13.387645959854126,-0.473616,9.47232,2.23652
1341,13.397410154342651,-0.492752,9.524944,2.167152
1342,13.407400608062744,-0.487968,9.49624,2.207816
1343,13.417651891708374,-0.487968,9.443616,2.231736
1344,13.427425622940063,-0.519064,9.486672,2.157584
1345,13.437230587005615,-0.516672,9.522552,2.198248
1346,13.44710373878479,-0.495144,9.599096,2.150408
1347,13.45700478553772,-0.531024,9.541688,2.22456
1348,13.467482566833496,-0.521456,9.534512,2.114528
1349,13.477704048156738,-0.483184,9.527336,2.162368
1350,13.487486600875854,-0.531024,9.501024,2.203032
1351,13.497483015060425,-0.437736,9.462752,2.255656
1352,13.507677555084229,-0.507104,9.46036,2.241304
1353,13.517492055892944,-0.487968,9.522552,2.186288
1354,13.527451276779175,-0.492752,9.493848,2.11692
1355,13.53770661354065,-0.531024,9.474712,2.12888
1356,13.547703742980957,-0.566904,9.512984,2.169544
1357,13.556957721710205,-0.509496,9.52016,2.159976
1358,13.567696571350098,-0.519064,9.462752,2.167152
1359,13.577486991882324,-0.509496,9.462752,2.198248
1360,13.587492942810059,-0.521456,9.453184,2.253264
1361,13.597673892974854,-0.521456,9.551256,2.169544
1362,13.607420921325684,-0.545376,9.5082,2.291536
1363,13.61747145652771,-0.58604,9.534512,2.17672
1364,13.627663850784302,-0.552552,9.522552,2.181504
1365,13.63747525215149,-0.516672,9.53212,2.198248
1366,13.64733624458313,-0.468832,9.481888,2.179112
1367,13.657678365707397,-0.483184,9.493848,2.222168
1368,13.667446613311768,-0.499928,9.527336,2.203032
1369,13.677138328552246,-0.487968,9.613448,2.219776
1370,13.68785285949707,-0.533416,9.522552,2.171936
1371,13.697068691253662,-0.521456,9.493848,2.2724
1372,13.707476139068604,-0.499928,9.434048,2.191072
1373,13.71769094467163,-0.516672,9.426872,2.1528
1374,13.7274751663208,-0.4784,9.536904,2.198248
1375,13.737098455429077,-0.528632,9.524944,2.24848
1376,13.747700214385986,-0.60996,9.515376,2.136056
1377,13.757094860076904,-0.62192,9.505808,2.112136
1378,13.767476320266724,-0.617136,9.465144,2.124096
1379,13.777724981307983,-0.523848,9.477104,2.157584
1380,13.787481307983398,-0.5382,9.515376,2.1528
1381,13.79750108718872,-0.49036,9.419696,2.174328
1382,13.807711839675903,-0.416208,9.49624,2.186288
1383,13.817489385604858,-0.444912,9.536904,2.207816
1384,13.827467679977417,-0.44252,9.546472,2.16476
1385,13.837707281112671,-0.497536,9.505808,2.238912
1386,13.847473621368408,-0.552552,9.551256,2.205424
1387,13.857426166534424,-0.581256,9.563216,2.219776
1388,13.86769151687622,-0.581256,9.577568,2.222168
1389,13.877532005310059,-0.598,9.539296,2.12888
1390,13.887450933456421,-0.595608,9.431656,2.179112
1391,13.897688388824463,-0.612352,9.52016,2.198248
1392,13.90744400024414,-0.590824,9.529728,2.17672
1393,13.91750979423523,-0.629096,9.551256,2.18868
1394,13.927719593048096,-0.547768,9.498632,2.157584
1395,13.937493801116943,-0.464048,9.524944,2.097784
1396,13.947429418563843,-0.492752,9.512984,2.150408
1397,13.957693576812744,-0.44252,9.59192,2.136056
1398,13.96746826171875,-0.428168,9.515376,2.198248
1399,13.977454662322998,-0.435344,9.491456,2.217384
1400,13.987686157226562,-0.459264,9.455576,2.169544
1401,13.997456073760986,-0.456872,9.536904,2.05712
1402,14.00744342803955,-0.468832,9.505808,2.20064
1403,14.017699956893921,-0.46644,9.536904,2.145624
1404,14.027446508407593,-0.533416,9.54408,2.174328
1405,14.037460565567017,-0.57408,9.565608,2.18868
1406,14.047667503356934,-0.547768,9.527336,2.179112
1407,14.056976079940796,-0.521456,9.534512,2.059512
1408,14.067159175872803,-0.50232,9.486672,2.231736
1409,14.077704906463623,-0.468832,9.52016,2.136056
1410,14.087487936019897,-0.535808,9.515376,2.126488
1411,14.097164392471313,-0.495144,9.517768,2.238912
1412,14.107691049575806,-0.521456,9.493848,2.16476
1413,14.117443561553955,-0.476008,9.54408,2.12888
1414,14.127450942993164,-0.480792,9.534512,2.148016
1415,14.13771367073059,-0.497536,9.522552,2.214992
1416,14.147457122802734,-0.523848,9.481888,2.2724
1417,14.15737533569336,-0.504712,9.501024,2.191072
1418,14.167676448822021,-0.43056,9.510592,2.214992
1419,14.177212953567505,-0.440128,9.503416,2.159976
1420,14.187449932098389,-0.437736,9.486672,2.150408
1421,14.197635889053345,-0.456872,9.52016,2.155192
1422,14.206979751586914,-0.464048,9.477104,2.11692
1423,14.217433452606201,-0.4784,9.546472,2.181504
1424,14.227645874023438,-0.497536,9.524944,2.157584
1425,14.237245082855225,-0.452088,9.477104,2.193464
1426,14.247446298599243,-0.51428,9.539296,2.076256
1427,14.257675886154175,-0.535808,9.565608,2.150408
1428,14.26745319366455,-0.55016,9.582352,2.100176
1429,14.277457237243652,-0.499928,9.575176,2.174328
1430,14.28795862197876,-0.52624,9.52016,2.1528
1431,14.297418594360352,-0.542984,9.522552,2.1528
1432,14.307462930679321,-0.492752,9.477104,2.167152
1433,14.317749977111816,-0.473616,9.517768,2.17672
1434,14.327136993408203,-0.435344,9.498632,2.234128
1435,14.337441682815552,-0.420992,9.515376,2.174328
1436,14.347750186920166,-0.401856,9.462752,2.150408
1437,14.35748028755188,-0.492752,9.479496,2.078648
1438,14.367418766021729,-0.440128,9.49624,2.119312
1439,14.377686738967896,-0.528632,9.462752,2.06908
1440,14.387481451034546,-0.473616,9.493848,2.1528
1441,14.396981716156006,-0.519064,9.515376,2.167152
1442,14.407838344573975,-0.528632,9.47232,2.14084
1443,14.417485237121582,-0.49036,9.491456,2.159976
1444,14.427470684051514,-0.452088,9.46036,2.095392
1445,14.437685012817383,-0.511888,9.479496,2.186288
1446,14.44747281074524,-0.504712,9.503416,2.2126
1447,14.45746660232544,-0.504712,9.522552,2.203032
1448,14.467708826065063,-0.487968,9.510592,2.22456
1449,14.477120399475098,-0.461656,9.529728,2.145624
1450,14.487460613250732,-0.473616,9.49624,2.205424
1451,14.49765658378601,-0.483184,9.54408,2.226952
1452,14.507465124130249,-0.557336,9.529728,2.16476
1453,14.516955614089966,-0.507104,9.457968,2.26044
1454,14.527718305587769,-0.49036,9.49624,2.203032
1455,14.536990642547607,-0.55016,9.438832,2.219776
1456,14.547053575515747,-0.554944,9.53212,2.1528
1457,14.557847023010254,-0.619528,9.55604,2.186288
1458,14.567474842071533,-0.566904,9.52016,2.136056
1459,14.577078580856323,-0.588432,9.522552,2.162368
1460,14.587732076644897,-0.638664,9.505808,2.085824
1461,14.597470998764038,-0.519064,9.515376,2.169544
1462,14.607198715209961,-0.440128,9.522552,2.150408
1463,14.617687702178955,-0.449696,9.477104,2.2126
1464,14.627134323120117,-0.392288,9.477104,2.12888
1465,14.637465000152588,-0.3588,9.536904,2.205424
1466,14.647693395614624,-0.409032,9.517768,2.217384
1467,14.65743088722229,-0.435344,9.534512,2.23652
1468,14.667471408843994,-0.499928,9.558432,2.157584
1469,14.67768669128418,-0.557336,9.536904,2.08104
1470,14.687434673309326,-0.576472,9.541688,2.186288
1471,14.697106122970581,-0.533416,9.489064,2.121704
1472,14.707699060440063,-0.571688,9.498632,2.241304
1473,14.716973304748535,-0.607568,9.48428,2.095392
1474,14.727455377578735,-0.662584,9.498632,2.183896
1475,14.737679243087769,-0.607568,9.489064,2.193464
1476,14.747453689575195,-0.588432,9.541688,2.114528
1477,14.757424116134644,-0.557336,9.457968,2.171936
1478,14.767678499221802,-0.449696,9.527336,2.18868
1479,14.777444124221802,-0.476008,9.465144,2.219776
1480,14.787461280822754,-0.483184,9.524944,2.049944
1481,14.797699213027954,-0.535808,9.5082,2.219776
1482,14.807482957839966,-0.471224,9.515376,2.119312
1483,14.81747841835022,-0.521456,9.515376,2.112136
1484,14.827746152877808,-0.56212,9.529728,2.150408
1485,14.837491750717163,-0.583648,9.539296,2.1528
1486,14.847050905227661,-0.588432,9.536904,2.14084
1487,14.85766339302063,-0.531024,9.501024,2.2126
1488,14.867432594299316,-0.557336,9.505808,2.167152
1489,14.877436399459839,-0.559728,9.5082,2.138448
1490,14.887691497802734,-0.511888,9.515376,2.169544
1491,14.897456884384155,-0.55016,9.510592,2.114528
1492,14.907439708709717,-0.535808,9.527336,2.193464
1493,14.9176504611969,-0.492752,9.594312,2.171936
1494,14.92743706703186,-0.507104,9.539296,2.2126
1495,14.937326669692993,-0.581256,9.455576,2.195856
1496,14.947707653045654,-0.557336,9.498632,2.181504
1497,14.95741891860962,-0.5382,9.529728,2.169544
1498,14.967413187026978,-0.535808,9.568,2.20064
1499,14.97769808769226,-0.547768,9.49624,2.195856
1500,14.987427234649658,-0.528632,9.498632,2.186288
1501,14.997431993484497,-0.566904,9.446008,2.243696
