//Date Created 2022-12-09 13:08:18.835143
"//Units: sec, m/s/s"
Action,cutting
SampleRate,100.0
Frames#,Time,AccX,AccY,AccZ
1,3.5762786865234375e-06,-2.875184,8.98196,2.327416
2,0.011737346649169922,-2.84648,8.924552,2.341768
3,0.02167487144470215,-2.851264,8.926944,2.399176
4,0.031177759170532227,-2.796248,8.984352,2.36808
5,0.041934967041015625,-2.772328,9.020232,2.34416
6,0.051059722900390625,-2.801032,9.05372,2.231736
7,0.06115531921386719,-2.889536,9.094384,2.253264
8,0.0718071460723877,-2.970864,9.17332,2.32024
9,0.08125472068786621,-2.975648,9.218768,2.258048
10,0.09128904342651367,-3.028272,9.19724,2.279576
11,0.10182404518127441,-3.147872,9.170928,2.310672
12,0.11128520965576172,-3.090464,9.187672,2.234128
13,0.12161827087402344,-3.03784,9.13744,2.375256
14,0.13175606727600098,-2.994784,9.139832,2.36808
15,0.14160895347595215,-2.875184,9.111128,2.430272
16,0.15160751342773438,-2.934984,9.082424,2.418312
17,0.16179847717285156,-2.79864,9.060896,2.377648
18,0.17152070999145508,-2.801032,9.075248,2.396784
19,0.18157196044921875,-2.817776,9.163752,2.461368
20,0.1916794776916504,-2.691,9.187672,2.437448
21,0.20159697532653809,-2.734056,9.228336,2.482896
22,0.2116103172302246,-2.812992,9.18528,2.60728
23,0.22177433967590332,-2.789072,9.111128,2.509208
24,0.23157382011413574,-2.812992,9.115912,2.53552
25,0.2415914535522461,-2.741232,9.13744,2.430272
26,0.25177907943725586,-2.76276,9.091992,2.485288
27,0.2611541748046875,-2.760368,9.091992,2.518776
28,0.27159881591796875,-2.803424,9.12548,2.384824
29,0.28179001808166504,-2.8106,9.087208,2.425488
30,0.29155874252319336,-2.734056,9.213984,2.423096
31,0.3015437126159668,-2.82256,9.206808,2.566616
32,0.31153035163879395,-2.707744,9.156576,2.545088
33,0.32153987884521484,-2.688608,9.1494,2.59532
34,0.3314938545227051,-2.674256,9.235512,2.537912
35,0.34172892570495605,-2.7508,9.259432,2.612064
36,0.35155653953552246,-2.793856,9.345544,2.791464
37,0.3615849018096924,-2.88236,9.4484,2.820168
38,0.3715553283691406,-3.023488,9.419696,2.812992
39,0.38158559799194336,-3.243552,9.417304,2.946944
40,0.3915700912475586,-3.442088,9.31684,2.777112
41,0.40175366401672363,-3.544944,9.307272,2.927808
42,0.4114723205566406,-3.442088,9.230728,2.8704
43,0.421520471572876,-3.344016,9.056112,2.693392
44,0.43178224563598633,-3.344016,8.733192,2.506816
45,0.4415416717529297,-3.202888,8.537048,2.444624
46,0.45157814025878906,-2.997176,8.352864,2.394392
47,0.4617280960083008,-3.083288,8.257184,2.277184
48,0.47129058837890625,-3.150264,8.340904,2.214992
49,0.48113465309143066,-3.281824,8.510736,2.277184
50,0.49176573753356934,-3.406208,8.663824,2.169544
51,0.5016148090362549,-3.580824,8.594456,2.183896
52,0.5115933418273926,-3.762616,8.486816,2.119312
53,0.5217278003692627,-3.8272,8.190208,2.138448
54,0.5315439701080322,-3.836768,8.0132,2.334592
55,0.5412464141845703,-3.932448,7.922304,2.449408
56,0.5516562461853027,-3.69564,7.96536,2.753192
57,0.5611319541931152,-3.243552,7.98928,2.899104
58,0.5713014602661133,-3.006744,7.807488,2.40396
59,0.5817604064941406,-3.06176,7.625696,1.880112
60,0.5912864208221436,-3.286608,7.764432,1.535664
61,0.601111650466919,-3.530592,8.1926,1.784432
62,0.611839771270752,-3.654976,8.800168,2.08104
63,0.6215336322784424,-3.559296,9.044152,2.399176
64,0.6315557956695557,-3.119168,8.948472,2.41592
65,0.641904354095459,-2.760368,8.639904,2.341768
66,0.6512730121612549,-2.52356,8.309808,2.2126
67,0.6612679958343506,-2.521168,8.202168,2.238912
68,0.6717941761016846,-2.839304,8.293064,2.447016
69,0.681593656539917,-3.303352,8.534656,2.528344
70,0.6915931701660156,-3.944408,8.733192,2.71492
71,0.7017629146575928,-4.415632,8.845616,2.815384
72,0.7115912437438965,-4.597424,8.797776,2.824952
73,0.7215855121612549,-4.40128,8.62316,2.920632
74,0.731741189956665,-4.274504,8.50356,2.987608
75,0.7412664890289307,-4.147728,8.314592,2.944552
76,0.7513222694396973,-4.068792,8.297848,2.958904
77,0.7617738246917725,-4.085536,8.295456,2.949336
78,0.7711222171783447,-4.140552,8.3122,3.064152
79,0.7811381816864014,-4.159688,8.333728,2.987608
80,0.7920398712158203,-4.181216,8.36004,2.82256
81,0.8011527061462402,-4.075968,8.297848,2.71492
82,0.8115286827087402,-4.13816,8.34808,2.55944
83,0.8217394351959229,-4.0664,8.446152,2.478112
84,0.8315894603729248,-3.977896,8.570536,2.652728
85,0.8415899276733398,-3.879824,8.692528,2.860832
86,0.8519587516784668,-3.633448,8.771464,2.89432
87,0.8612241744995117,-3.370328,8.77864,3.066544
88,0.8711233139038086,-3.183752,8.759504,3.245944
89,0.8817579746246338,-3.080896,8.728408,3.257904
90,0.8910501003265381,-3.248336,8.788208,3.344016
91,0.901200532913208,-3.394248,8.675784,3.401424
92,0.9117996692657471,-3.42056,8.771464,3.822416
93,0.9212703704833984,-3.188536,8.9102,3.437304
94,0.9312565326690674,-2.844088,8.529872,1.552408
95,0.9417846202850342,-3.028272,8.092136,0.913744
96,0.9512369632720947,-3.250728,8.400704,1.825096
97,0.9612462520599365,-3.628664,9.522552,3.272256
98,0.9717977046966553,-3.944408,10.376496,4.291248
99,0.9812285900115967,-4.047264,10.223408,4.128592
100,0.9913337230682373,-3.796104,9.417304,3.51624
101,1.0017521381378174,-3.291392,8.59924,3.078504
102,1.0116169452667236,-2.707744,7.984496,2.688608
103,1.0216498374938965,-2.540304,7.711808,2.815384
104,1.0317137241363525,-2.72688,7.745296,2.77472
105,1.0415773391723633,-3.147872,8.04908,2.616848
106,1.0515053272247314,-3.56408,8.446152,2.49964
107,1.0617640018463135,-3.89896,8.663824,2.41592
108,1.071230173110962,-4.145336,8.537048,2.561832
109,1.0812361240386963,-4.46108,8.223696,2.755584
110,1.0917835235595703,-4.798352,8.068216,2.662296
111,1.1010186672210693,-4.941872,7.934264,2.585752
112,1.1115615367889404,-4.681144,7.900776,2.796248
113,1.1217215061187744,-4.468256,8.099312,3.076112
114,1.1314761638641357,-4.107064,8.154328,3.310528
115,1.1415369510650635,-3.762616,8.194992,3.298568
116,1.1517202854156494,-3.678896,7.996456,3.171792
117,1.1615314483642578,-3.841552,7.8338,3.458832
118,1.1715576648712158,-3.776968,7.924696,3.963544
119,1.1817936897277832,-3.73152,8.116056,4.025736
120,1.1915497779846191,-3.549728,8.26436,3.078504
121,1.2012252807617188,-3.410992,8.482032,1.825096
122,1.211766242980957,-3.030664,8.87432,1.645696
123,1.221489429473877,-1.987752,9.28096,1.741376
124,1.231236219406128,-0.796536,9.670856,1.9136
125,1.24190354347229,-0.066976,9.867,1.959048
126,1.2513048648834229,0.172224,9.89092,1.77008
127,1.2612543106079102,-0.528632,9.355112,1.990144
128,1.27174973487854,-1.727024,8.747544,2.315456
129,1.2815825939178467,-3.147872,8.45572,2.688608
130,1.291501760482788,-4.446728,8.159112,2.872792
131,1.3020069599151611,-5.54944,7.855328,2.79864
132,1.3116023540496826,-6.020664,7.515664,2.946944
133,1.3212769031524658,-6.01588,7.460648,3.064152
134,1.3317198753356934,-5.582928,7.58264,3.334448
135,1.3411223888397217,-4.791176,7.730944,3.83916
136,1.3515865802764893,-4.09032,7.948616,4.166864
137,1.3618485927581787,-3.748264,8.03712,4.37736
138,1.371521234512329,-3.745872,8.080176,4.298424
139,1.3811402320861816,-4.044872,8.111272,4.052048
140,1.391796588897705,-4.374968,8.21652,3.820024
141,1.4016757011413574,-4.693104,8.283496,3.626272
142,1.411635398864746,-4.76008,8.328944,3.79132
143,1.4216642379760742,-4.47304,8.532264,3.808064
144,1.431152105331421,-4.001816,8.77864,3.544944
145,1.4412651062011719,-3.74348,8.891064,3.13352
146,1.4516611099243164,-3.06176,8.87432,2.540304
147,1.4615957736968994,-2.466152,8.747544,2.016456
148,1.4715569019317627,-1.681576,9.032192,1.813136
149,1.481672763824463,-0.928096,9.182888,1.251016
150,1.491586685180664,-0.763048,9.467536,1.44716
151,1.5015792846679688,-1.18404,10.005736,2.449408
152,1.5117075443267822,-2.04516,10.414768,3.183752
153,1.5216622352600098,-2.767544,10.0464,3.131128
154,1.5315604209899902,-3.451656,9.048936,2.767544
155,1.5411417484283447,-3.961152,8.269144,2.647944
156,1.5515556335449219,-4.463472,7.886424,2.640768
157,1.5615291595458984,-4.786392,7.75008,2.82256
158,1.5717511177062988,-4.889248,7.788352,3.138304
159,1.5816893577575684,-4.872504,7.94144,3.03784
160,1.5908763408660889,-4.647656,8.022768,3.102424
161,1.600679874420166,-4.346264,8.094528,3.15744
162,1.6114006042480469,-3.932448,8.135192,3.375112
163,1.6215059757232666,-3.750656,8.068216,3.518632
164,1.631495475769043,-3.83916,7.951008,3.571256
165,1.6415157318115234,-4.047264,7.974928,3.477968
166,1.6515109539031982,-4.23384,8.137584,3.379896
167,1.6617088317871094,-4.439552,8.28828,3.59996
168,1.6715097427368164,-4.654832,8.496384,3.700424
169,1.681488037109375,-4.685928,8.53944,3.831984
170,1.691840410232544,-4.738552,8.460504,3.705208
171,1.701554775238037,-4.518488,8.226088,3.638232
172,1.7115492820739746,-4.1262,8.0132,3.24116
173,1.721740484237671,-3.676504,8.135192,2.927808
174,1.7317724227905273,-3.14548,8.135192,2.662296
175,1.7411556243896484,-2.533128,8.321768,2.274792
176,1.7517871856689453,-1.679184,8.273928,1.009424
177,1.7615134716033936,-1.353872,8.482032,0.86112
178,1.7714364528656006,-1.63852,9.216376,2.114528
179,1.7817769050598145,-2.267616,10.139688,3.344016
180,1.7915799617767334,-2.903888,10.390848,3.214848
181,1.8011164665222168,-3.399032,9.599096,2.700568
182,1.81172513961792,-3.549728,8.558576,2.59532
183,1.8213136196136475,-3.63584,7.891208,2.722096
184,1.8311364650726318,-3.717168,7.673536,2.755584
185,1.8418588638305664,-4.011384,7.671144,3.004352
186,1.8512840270996094,-4.2458,7.61852,3.052192
187,1.861570119857788,-4.499352,7.608952,3.004352
188,1.8718616962432861,-4.630912,7.759648,2.781896
189,1.8813109397888184,-4.540016,7.788352,2.848872
190,1.891669511795044,-4.43716,7.78596,3.150264
191,1.9018611907958984,-4.372576,7.805096,3.475576
192,1.9115874767303467,-4.303208,7.704632,3.406208
193,1.9212958812713623,-4.489784,7.915128,3.49232
194,1.9318444728851318,-4.707456,8.20456,3.604744
195,1.941159963607788,-4.956224,8.486816,3.674112
196,1.951643705368042,-5.140408,8.482032,3.55212
197,1.9619770050048828,-5.34612,8.372,3.511456
198,1.9713456630706787,-5.224128,8.14476,3.511456
199,1.9816153049468994,-4.968184,8.063432,3.68368
200,1.9916794300079346,-4.528056,7.97732,3.482752
201,2.001601457595825,-4.037696,8.032336,3.042624
202,2.01155686378479,-3.355976,8.087352,2.602496
203,2.0218427181243896,-2.889536,8.379176,2.24848
204,2.0316221714019775,-2.076256,8.649472,1.915992
205,2.0416147708892822,-1.062048,8.824088,1.04052
206,2.0512514114379883,-1.0166,9.57996,1.82988
207,2.061605930328369,-1.205568,10.319088,2.772328
208,2.071629762649536,-1.719848,10.455432,2.760368
209,2.0819337368011475,-2.29632,9.730656,2.61924
210,2.0918526649475098,-2.712528,8.544224,2.509208
211,2.101621150970459,-3.195712,7.781176,2.588144
212,2.11187481880188,-3.669328,7.599384,2.820168
213,2.121612310409546,-4.348656,7.697456,3.045016
214,2.1313135623931885,-4.965792,7.759648,3.006744
215,2.1418700218200684,-5.52552,7.757256,3.1096
216,2.1512491703033447,-5.975216,7.84576,3.231592
217,2.1615772247314453,-6.023056,8.0132,3.167008
218,2.171820878982544,-5.712096,8.125624,3.391856
219,2.1810195446014404,-5.044728,8.154328,3.281824
220,2.19065523147583,-4.410848,8.020376,3.31292
221,2.201568126678467,-3.884608,7.948616,3.293784
222,2.2109735012054443,-3.860688,8.039512,3.308136
223,2.2212531566619873,-4.154904,8.285888,3.427736
224,2.2317652702331543,-4.642872,8.656648,3.573648
225,2.2415616512298584,-4.817488,8.795384,3.83916
226,2.2514195442199707,-4.889248,8.828872,3.745872
227,2.261741876602173,-4.50892,8.795384,3.518632
228,2.271585464477539,-3.616704,8.582496,3.255512
229,2.2815701961517334,-2.875184,8.427016,3.224416
230,2.2916903495788574,-0.588432,8.434192,2.11692
231,2.3012118339538574,-0.318136,9.063288,1.05248
232,2.311596632003784,-1.683968,10.182744,1.7342
233,2.321714162826538,-3.064152,10.905128,2.41592
234,2.3314850330352783,-3.843944,10.386064,2.310672
235,2.341284990310669,-3.532984,9.259432,2.480504
236,2.3518152236938477,-2.879968,8.178248,2.580968
237,2.361600875854492,-2.54748,7.410416,2.363296
238,2.371584892272949,-2.729272,7.09228,2.174328
239,2.381837844848633,-3.327272,7.278856,2.382432
240,2.3916172981262207,-4.092712,7.85772,2.884752
241,2.4016008377075195,-4.7242,8.319376,2.79864
242,2.4118123054504395,-5.200208,8.465288,2.480504
243,2.4212164878845215,-5.159544,8.41984,2.442232
244,2.4312360286712646,-4.68832,8.3122,2.645552
245,2.4419589042663574,-4.300816,8.175856,2.877576
246,2.451164722442627,-4.059224,8.226088,3.06176
247,2.461164951324463,-3.858296,8.362432,3.071328
248,2.4717886447906494,-3.726736,8.477248,3.147872
249,2.481614828109741,-3.824808,8.62316,3.135912
250,2.491454839706421,-3.968328,8.632728,3.281824
251,2.501802921295166,-4.229056,8.651864,3.363152
252,2.5116302967071533,-4.394104,8.745152,3.489928
253,2.5216236114501953,-4.477824,8.7308,3.525808
254,2.53187894821167,-4.511312,8.56336,3.415776
255,2.541731357574463,-4.248192,8.293064,3.43252
256,2.5516271591186523,-3.855904,8.194992,3.126344
257,2.561824083328247,-3.339232,8.281104,2.829736
258,2.5715041160583496,-2.939768,8.4916,2.707744
259,2.5816152095794678,-2.401568,8.936512,2.145624
260,2.5916213989257812,-2.449408,9.003488,1.234272
261,2.601658582687378,-2.987608,9.36468,2.286752
262,2.6113555431365967,-3.406208,9.833512,2.49964
263,2.621861696243286,-3.399032,9.955504,2.576184
264,2.6316416263580322,-3.040232,9.565608,2.958904
265,2.641631841659546,-2.7508,8.8504,2.985216
266,2.6519086360931396,-2.674256,8.254792,2.939768
267,2.6616098880767822,-3.042624,8.039512,2.923024
268,2.6715846061706543,-3.62388,7.972536,3.104816
269,2.681840181350708,-4.406064,7.94144,2.982824
270,2.691627264022827,-5.121272,8.09692,2.805816
271,2.701611042022705,-5.319808,8.293064,2.891928
272,2.7115259170532227,-5.176288,8.33612,2.887144
273,2.7215564250946045,-4.740944,8.367216,3.078504
274,2.7314536571502686,-4.255368,8.242832,3.37272
275,2.7416415214538574,-3.760224,8.199776,3.55212
276,2.751563549041748,-3.5282,8.261968,3.573648
277,2.761549234390259,-3.547336,8.283496,3.4684
278,2.771777629852295,-3.61192,8.209344,3.296176
279,2.781571865081787,-3.870256,8.065824,3.401424
280,2.791567087173462,-4.178824,8.092136,3.353584
281,2.8017871379852295,-4.32952,7.962968,3.159832
282,2.811481237411499,-4.238624,7.94144,2.925416
283,2.8215973377227783,-4.119024,7.94144,2.99
284,2.831808090209961,-3.757832,8.087352,2.712528
285,2.8418400287628174,-3.458832,7.960576,1.935128
286,2.851607322692871,-3.01392,7.982104,1.442376
287,2.8617732524871826,-2.360904,8.21652,1.203176
288,2.871626853942871,-1.463904,8.781032,1.119456
289,2.8816323280334473,-0.710424,9.43644,1.179256
290,2.8918418884277344,-0.232024,10.087064,1.545232
291,2.901872158050537,-0.294216,10.295168,2.035592
292,2.9116199016571045,-1.06444,9.922016,2.717312
293,2.9218380451202393,-2.274792,9.264216,3.238768
294,2.9313461780548096,-3.7674,8.56336,3.621488
295,2.9412169456481934,-5.016024,7.91752,3.477968
296,2.9519882202148438,-6.08764,7.55872,3.26508
297,2.9614460468292236,-6.707168,7.443904,3.568864
298,2.9715051651000977,-6.72152,7.644832,3.712384
299,2.981860876083374,-6.35076,7.84576,3.676504
300,2.9916040897369385,-5.594888,7.979712,3.657368
301,3.0016238689422607,-4.793568,8.082568,4.028128
302,3.01176118850708,-3.975504,8.326552,4.343872
303,3.0215203762054443,-3.501888,8.46768,4.44912
304,3.031662702560425,-3.571256,8.556184,4.23384
305,3.0418455600738525,-3.925272,8.482032,3.97072
306,3.0514540672302246,-4.207528,8.271536,3.690856
307,3.0611026287078857,-4.28168,8.190208,3.709992
308,3.071708917617798,-3.786536,8.194992,3.808064
309,3.0816195011138916,-3.382288,8.261968,3.224416
310,3.0916123390197754,-2.91824,8.230872,2.040376
311,3.10172176361084,-2.576184,8.343296,1.33952
312,3.1116559505462646,-1.87772,8.771464,1.102712
313,3.121617078781128,-0.839592,9.16136,0.473616
314,3.131836414337158,-0.865904,9.881352,1.349088
315,3.1413333415985107,-1.081184,10.649184,2.592928
316,3.1515800952911377,-1.600248,10.766392,2.533128
317,3.1617400646209717,-2.241304,10.02248,3.028272
318,3.171635389328003,-2.674256,8.769072,3.26508
319,3.1816177368164062,-3.33684,7.848152,3.01392
320,3.1917037963867188,-3.9468,7.544368,2.755584
321,3.2016148567199707,-4.58068,7.527624,2.805816
322,3.211503267288208,-5.03516,7.723768,3.332056
323,3.221714735031128,-5.40592,7.86968,3.772184
324,3.2316291332244873,-5.58532,7.958184,3.59996
325,3.2411365509033203,-5.427448,7.96536,3.650192
326,3.2518434524536133,-4.886856,7.915128,3.887
327,3.2613463401794434,-4.363008,8.017984,4.047264
328,3.2716727256774902,-3.9468,8.111272,4.075968
329,3.281843423843384,-3.681288,8.187816,3.98268
330,3.291517734527588,-3.686072,8.137584,3.690856
331,3.3016393184661865,-3.95876,8.238048,3.568864
332,3.311823606491089,-4.298424,8.38396,3.765008
333,3.321610450744629,-4.697888,8.482032,3.583216
334,3.3316097259521484,-4.812704,8.410272,3.45644
335,3.3418190479278564,-4.767256,8.1926,3.346408
336,3.351647138595581,-4.59264,7.936656,3.243552
337,3.36161732673645,-4.441944,7.86968,3.07372
338,3.3718152046203613,-4.109456,7.812272,2.824952
339,3.381641387939453,-3.757832,7.843368,2.418312
340,3.3916282653808594,-3.332056,8.185424,2.133664
341,3.401831865310669,-2.557048,8.692528,2.026024
342,3.4116625785827637,-1.75812,9.271392,1.813136
343,3.4215080738067627,-1.145768,9.67564,1.813136
344,3.431959629058838,-0.8372,10.000952,2.049944
345,3.4416158199310303,-1.126632,9.845472,2.406352
346,3.45149827003479,-1.915992,9.355112,2.913456
347,3.461850166320801,-2.899104,8.721232,3.583216
348,3.4716384410858154,-3.858296,8.269144,3.784144
349,3.481222629547119,-4.776824,7.936656,3.829592
350,3.491858959197998,-5.293496,7.608952,3.772184
351,3.5011844635009766,-5.616416,7.45108,3.437304
352,3.511664628982544,-5.712096,7.324304,3.363152
353,3.521817922592163,-5.606848,7.302776,3.57604
354,3.5314834117889404,-5.29828,7.544368,3.927664
355,3.541597366333008,-4.803136,7.96536,4.040088
356,3.551846504211426,-4.40128,8.343296,4.188392
357,3.5615930557250977,-4.111848,8.594456,4.008992
358,3.571359395980835,-4.219488,8.685352,3.891784
359,3.581984758377075,-4.286464,8.41984,3.956368
360,3.591651439666748,-4.217096,8.032336,3.949192
361,3.6016342639923096,-3.834376,7.769216,3.705208
362,3.6117937564849854,-3.439696,7.862504,3.052192
363,3.6216306686401367,-3.059368,8.063432,2.2724
364,3.631580352783203,-2.449408,8.27632,1.810744
365,3.641969919204712,-1.473472,8.690136,1.794
366,3.65132212638855,-0.523848,9.237904,2.035592
367,3.6613075733184814,0.174616,9.704344,1.81792
368,3.671828508377075,0.2392,9.957896,1.609816
369,3.681112289428711,-0.571688,9.931584,1.844232
370,3.6915087699890137,-1.96144,9.661288,2.358512
371,3.7018518447875977,-3.267472,9.075248,2.911064
372,3.7116000652313232,-4.420416,8.434192,3.210064
373,3.7215726375579834,-5.1428,7.888816,3.358368
374,3.731828451156616,-5.58532,7.353008,3.365544
375,3.7415690422058105,-5.862792,6.967896,3.370328
376,3.751619577407837,-5.922592,6.994208,3.717168
377,3.761847496032715,-5.77668,7.28364,3.729128
378,3.7716503143310547,-5.547048,7.70224,3.79132
379,3.781578302383423,-5.216952,8.142368,4.13816
380,3.79191517829895,-5.018416,8.398312,4.37736
381,3.8015923500061035,-4.798352,8.64708,4.418024
382,3.811605930328369,-4.83184,8.68296,4.38932
383,3.8219974040985107,-4.908384,8.549008,4.3056
384,3.8313679695129395,-4.913168,8.297848,4.147728
385,3.8415238857269287,-4.690712,8.175856,4.068792
386,3.8515195846557617,-4.1262,8.197384,3.748264
387,3.8616340160369873,-3.310528,8.278712,3.231592
388,3.8716518878936768,-2.461368,8.482032,2.305888
389,3.8817172050476074,-1.466296,8.776248,1.815528
390,3.891667604446411,-0.411424,9.204416,1.715064
391,3.90152907371521,0.315744,9.541688,1.652872
392,3.911785364151001,0.471224,9.821552,1.777256
393,3.921250820159912,-0.124384,9.804808,1.741376
394,3.931396961212158,-1.24384,9.5082,2.107352
395,3.941615104675293,-2.554656,9.013056,2.35612
396,3.9513535499572754,-3.786536,8.427016,2.561832
397,3.9616334438323975,-4.678752,7.76204,2.729272
398,3.9717750549316406,-5.2624,7.28364,2.777112
399,3.9816346168518066,-5.53748,7.027696,3.004352
400,3.991227149963379,-5.542264,7.173608,3.422952
401,4.0018322467803955,-5.554224,7.453472,3.609528
402,4.0114829540252686,-5.348512,7.735728,3.846336
403,4.021609306335449,-5.22652,7.94144,3.918096
404,4.031578063964844,-4.93948,8.015592,4.188392
405,4.041600942611694,-4.62852,8.104096,4.214704
406,4.051622152328491,-4.456296,8.149544,4.186
407,4.0612146854400635,-4.441944,8.080176,4.252976
408,4.071198463439941,-4.609384,8.238048,4.229056
409,4.080933570861816,-4.77204,8.4318,4.171648
410,4.0918848514556885,-4.870112,8.580104,4.212312
411,4.101129770278931,-4.774432,8.630336,4.061616
412,4.111611843109131,-4.346264,8.558576,4.085536
413,4.121774435043335,-3.762616,8.28828,3.953976
414,4.131911993026733,-2.961296,7.967752,3.559296
415,4.1416003704071045,-2.454192,7.836192,2.72688
416,4.151761054992676,-2.279576,8.032336,2.157584
417,4.161806583404541,-2.066688,8.580104,2.136056
418,4.171474933624268,-1.588288,9.187672,2.049944
419,4.1815454959869385,-1.24384,9.594312,1.741376
420,4.191251277923584,-1.009424,9.644544,1.894464
421,4.201242208480835,-1.0166,9.524944,2.219776
422,4.211844444274902,-1.528488,9.216376,2.635984
423,4.221179485321045,-2.336984,8.812128,3.135912
424,4.231359481811523,-3.365544,8.33612,3.303352
425,4.241892099380493,-4.116632,8.04908,3.24116
426,4.251252174377441,-4.829448,7.718984,3.19332
427,4.261554718017578,-5.329376,7.549152,3.497104
428,4.271814584732056,-5.46572,7.632872,3.83916
429,4.281595945358276,-5.482464,7.735728,3.879824
430,4.291630029678345,-5.379608,7.800312,3.808064
431,4.301544427871704,-5.23848,7.747688,3.820024
432,4.311581134796143,-4.865328,7.78596,4.056832
433,4.321313858032227,-4.554368,7.888816,4.169256
434,4.331827402114868,-4.272112,8.094528,4.274504
435,4.3416056632995605,-4.499352,8.261968,4.264936
436,4.35154390335083,-4.850976,8.40788,4.176432
437,4.361547946929932,-5.138016,8.482032,4.119024
438,4.371653318405151,-5.200208,8.415056,3.999424
439,4.3814027309417725,-4.965792,8.369608,3.638232
440,4.391848802566528,-4.559152,8.269144,3.463616
441,4.401618242263794,-3.738696,8.194992,3.284216
442,4.411442041397095,-2.781896,8.135192,2.841696
443,4.421990633010864,-1.63852,8.293064,2.267616
444,4.431588172912598,-0.684112,8.690136,2.090608
445,4.441603183746338,-0.234416,9.321624,2.011672
446,4.45154595375061,-0.320528,9.828728,2.138448
447,4.461632251739502,-0.841984,9.838296,2.198248
448,4.471592903137207,-1.798784,9.395776,2.564224
449,4.481813430786133,-2.801032,8.690136,2.736448
450,4.491119146347046,-3.937232,8.027552,2.748408
451,4.501067876815796,-4.953832,7.556328,2.903888
452,4.511857509613037,-5.791032,7.496528,3.131128
453,4.521613121032715,-6.235944,7.568288,2.99
454,4.531599044799805,-6.353152,7.601776,2.963688
455,4.541820764541626,-6.020664,7.601776,3.339232
456,4.551597833633423,-5.317416,7.69028,3.762616
457,4.5614869594573975,-4.635696,7.840976,4.205136
458,4.571900367736816,-4.164472,7.958184,4.358224
459,4.5816051959991455,-4.0664,8.039512,4.434768
460,4.591622352600098,-4.284072,8.094528,4.255368
461,4.601866006851196,-4.695496,8.261968,4.195568
462,4.611235618591309,-5.161936,8.45572,4.083144
463,4.621630907058716,-4.752904,8.331336,4.083144
464,4.631885766983032,-4.092712,8.235656,4.152512
465,4.64124870300293,-3.394248,8.28828,3.889392
466,4.651493787765503,-2.65512,8.321768,3.183752
467,4.661852598190308,-2.155192,8.38396,2.492464
468,4.6716368198394775,-1.648088,8.687744,2.250872
469,4.681623220443726,-1.196,9.118304,2.313064
470,4.691865921020508,-0.949624,9.434048,1.98536
471,4.7013609409332275,-0.918528,9.563216,1.966224
472,4.711668968200684,-1.078792,9.407736,2.054728
473,4.721923589706421,-1.774864,9.103952,2.425488
474,4.731485605239868,-2.602496,8.776248,2.710136
475,4.741555213928223,-3.554512,8.374392,2.724488
476,4.751833200454712,-4.406064,8.03712,2.741232
477,4.761586904525757,-5.097352,7.730944,3.042624
478,4.77159857749939,-5.480072,7.61852,3.224416
479,4.781683444976807,-5.587712,7.64244,3.334448
480,4.791597127914429,-5.410704,7.721376,3.466008
481,4.801588535308838,-5.013632,7.735728,3.674112
482,4.811776638031006,-4.513704,7.94144,3.9468
483,4.8216331005096436,-4.181216,8.128016,4.1262
484,4.831610441207886,-3.841552,8.221304,4.195568
485,4.841838359832764,-3.717168,8.281104,4.252976
486,4.85128116607666,-3.877432,8.259576,4.15012
487,4.861497163772583,-4.1262,8.221304,4.186
488,4.8718101978302,-4.262544,8.393528,3.99464
489,4.881569862365723,-4.37736,8.46768,3.915704
490,4.891430616378784,-4.25776,8.57532,4.032912
491,4.902004718780518,-4.016168,8.553792,3.714776
492,4.911638021469116,-3.583216,8.254792,3.3488
493,4.921558856964111,-3.155048,8.104096,2.951728
494,4.931797981262207,-2.700568,8.18064,2.573792
495,4.94161057472229,-2.1528,8.45572,2.3322
496,4.95156717300415,-1.791608,8.77864,2.210208
497,4.961082696914673,-1.557192,9.178104,2.136056
498,4.971467971801758,-1.404104,9.326408,2.162368
499,4.981263637542725,-1.633736,9.099168,2.171936
500,4.992021799087524,-2.088216,8.859968,2.40396
501,5.0012736320495605,-2.949336,8.608808,2.836912
502,5.0111846923828125,-3.901352,8.470072,3.200496
503,5.021932363510132,-4.657224,8.374392,3.296176
504,5.031354188919067,-5.252832,8.128016,3.42056
505,5.041318655014038,-5.520736,7.927088,3.334448
506,5.051935911178589,-5.403528,7.764432,3.32488
507,5.061335563659668,-5.016024,7.692672,3.186144
508,5.071393728256226,-4.645264,7.69028,3.327272
509,5.081677436828613,-4.331912,7.862504,3.831984
510,5.090709209442139,-4.03052,8.09692,3.932448
511,5.101186990737915,-4.004208,8.307416,4.013776
512,5.111810922622681,-3.951584,8.570536,4.166864
513,5.121208667755127,-3.908528,8.65904,3.956368
514,5.131234169006348,-3.906136,8.692528,3.619096
515,5.141946792602539,-3.927664,8.565752,3.57604
516,5.151312828063965,-3.896568,8.446152,3.748264
517,5.161348581314087,-3.645408,8.372,3.798496
518,5.171984672546387,-3.38468,8.388744,3.477968
519,5.181267023086548,-3.078504,8.532264,3.104816
520,5.1913368701934814,-2.525952,8.69492,3.059368
521,5.201942682266235,-1.32756,8.556184,1.691144
522,5.211348533630371,-1.133808,8.620768,1.547624
523,5.2212443351745605,-1.60264,9.05372,2.341768
524,5.2319605350494385,-2.801032,9.71152,3.009136
525,5.241257905960083,-3.860688,10.024872,3.059368
526,5.251338481903076,-4.243408,9.654112,3.12156
527,5.261781454086304,-4.016168,8.747544,3.257904
528,5.2716217041015625,-3.56408,7.970144,3.052192
529,5.281595945358276,-3.293784,7.496528,2.985216
530,5.291844129562378,-3.43252,7.470216,3.006744
531,5.301156282424927,-3.800888,7.742904,3.245944
532,5.311279058456421,-4.516096,8.106488,3.339232
533,5.321783065795898,-4.853368,8.26436,3.26508
534,5.331195592880249,-4.860544,8.295456,3.1096
535,5.341597557067871,-4.322344,8.218912,3.128736
536,5.351735353469849,-3.571256,7.98928,3.3488
537,5.36158561706543,-3.183752,8.044296,3.513848
538,5.371480941772461,-3.042624,8.137584,3.544944
539,5.381791591644287,-3.222024,8.3122,3.358368
540,5.391661643981934,-3.547336,8.46768,3.147872
541,5.401569128036499,-3.796104,8.486816,3.023488
542,5.4117724895477295,-4.004208,8.558576,3.164616
543,5.421224594116211,-3.920488,8.57532,3.286608
544,5.431659936904907,-3.855904,8.565752,3.365544
545,5.441842794418335,-3.6478,8.393528,3.238768
546,5.451406002044678,-3.566472,8.259576,3.382288
547,5.461618185043335,-3.43252,8.305024,3.583216
548,5.471860885620117,-3.49232,8.355256,3.365544
549,5.481611728668213,-3.633448,8.400704,3.092856
550,5.49164605140686,-3.7076,8.34808,2.884752
551,5.502018213272095,-3.592784,8.417448,2.626416
552,5.511620283126831,-3.425344,8.434192,2.097784
553,5.521620273590088,-3.583216,8.637512,2.28436
554,5.531893014907837,-3.604744,9.013056,3.03784
555,5.541686534881592,-3.473184,9.29292,3.06176
556,5.551357984542847,-3.4684,9.1494,3.104816
557,5.5618627071380615,-3.401424,8.764288,3.418168
558,5.5716657638549805,-3.497104,8.441368,3.439696
559,5.58165717124939,-3.700424,8.226088,3.370328
560,5.591883182525635,-4.109456,8.173464,3.36076
561,5.601108074188232,-4.334304,8.250008,3.42056
562,5.610958814620972,-4.62852,8.27632,3.305744
563,5.6219422817230225,-4.487392,8.257184,3.272256
564,5.631256103515625,-4.092712,8.183032,3.281824
565,5.641278028488159,-3.69564,8.073,3.19332
566,5.651793956756592,-3.377504,8.18064,3.26508
567,5.661564111709595,-3.116776,8.32416,3.379896
568,5.671603679656982,-3.107208,8.484424,3.422952
569,5.681778907775879,-3.231592,8.556184,3.470792
570,5.691163539886475,-3.379896,8.558576,3.422952
571,5.701469898223877,-3.470792,8.477248,3.50428
572,5.711804151535034,-3.351192,8.379176,3.509064
573,5.721569776535034,-3.13352,8.362432,3.463616
574,5.7316014766693115,-3.111992,8.482032,3.439696
575,5.741775035858154,-3.219632,8.59924,3.0498
576,5.7515740394592285,-3.198104,8.565752,2.8704
577,5.7615861892700195,-2.97804,8.558576,2.815384
578,5.772070646286011,-2.705352,8.723624,2.83452
579,5.7813355922698975,-2.12888,8.776248,2.504424
580,5.791600227355957,-2.186288,8.931728,2.657512
581,5.801800489425659,-2.34416,9.103952,2.736448
582,5.811295986175537,-2.765152,9.254648,2.851264
583,5.821615695953369,-3.401424,9.11352,3.164616
584,5.831836700439453,-3.918096,8.836048,3.303352
585,5.841609477996826,-4.26972,8.453328,3.174184
586,5.851471900939941,-4.396496,8.075392,3.293784
587,5.861862659454346,-4.19796,7.900776,3.391856
588,5.871663808822632,-4.080752,7.874464,3.418168
589,5.881592273712158,-3.853512,7.946224,3.5282
590,5.891851425170898,-3.654976,7.943832,3.604744
591,5.901658773422241,-3.485144,8.111272,3.568864
592,5.911687135696411,-3.332056,8.12084,3.657368
593,5.921946287155151,-3.281824,8.099312,3.50428
594,5.931499481201172,-3.401424,8.080176,3.394248
595,5.941652297973633,-3.329664,8.142368,3.344016
596,5.951835632324219,-3.36076,8.183032,3.20528
597,5.961621284484863,-3.403816,8.352864,3.006744
598,5.971667051315308,-3.561688,8.484424,3.367936
599,5.981956720352173,-3.738696,8.764288,3.559296
600,5.991497278213501,-3.968328,8.876712,3.544944
601,6.001650094985962,-4.128592,8.795384,3.262688
602,6.011915683746338,-4.1262,8.505952,3.068936
603,6.021575450897217,-4.032912,8.233264,3.07372
604,6.031633615493774,-3.796104,8.128016,3.054584
605,6.041253566741943,-3.650192,8.116056,3.02588
606,6.05128812789917,-3.18136,8.290672,3.021096
607,6.061305046081543,-2.353728,8.453328,2.46376
608,6.071688413619995,-2.42788,8.836048,2.588144
609,6.081619024276733,-2.860832,9.283352,3.104816
610,6.091458797454834,-3.267472,9.730656,3.111992
611,6.102064847946167,-3.506672,9.8072,3.25312
612,6.111626863479614,-3.430128,9.324016,3.662152
613,6.121617078781128,-3.226808,8.517912,3.872648
614,6.13168740272522,-3.25312,7.996456,3.733912
615,6.141618251800537,-3.532984,7.781176,3.56408
616,6.151646137237549,-3.999424,7.72616,3.355976
617,6.16189169883728,-4.49696,7.76204,3.052192
618,6.171496391296387,-5.016024,7.90556,3.042624
619,6.1816182136535645,-5.10692,8.039512,3.08568
620,6.191978454589844,-5.020808,8.235656,3.114384
621,6.201595067977905,-4.642872,8.199776,3.19332
622,6.21133279800415,-4.16208,8.125624,3.4684
623,6.221873998641968,-3.786536,8.135192,3.585608
624,6.2316014766693115,-3.61192,8.147152,3.477968
625,6.241315841674805,-3.588,8.199776,3.475576
626,6.252091407775879,-3.762616,8.194992,3.654976
627,6.261637926101685,-3.872648,8.343296,3.867864
628,6.271649122238159,-3.939624,8.33612,4.03052
629,6.281876802444458,-3.786536,8.305024,3.97072
630,6.2911834716796875,-3.449264,8.269144,3.547336
631,6.301359176635742,-3.095248,8.2524,2.923024
632,6.311890363693237,-2.841696,8.226088,2.437448
633,6.321204423904419,-2.34416,8.391136,2.119312
634,6.331415414810181,-1.789216,8.785816,2.136056
635,6.3419342041015625,-1.442376,9.338368,2.234128
636,6.351412296295166,-1.196,9.67564,2.348944
637,6.361661195755005,-1.368224,9.553648,2.281968
638,6.371953010559082,-1.982968,9.223552,2.454192
639,6.38164758682251,-2.96608,8.848008,2.985216
640,6.391223192214966,-3.906136,8.446152,3.49232
641,6.402082204818726,-4.726592,8.21652,3.549728
642,6.411323308944702,-5.22652,7.98928,3.4684
643,6.421611070632935,-5.386784,7.831408,3.45644
644,6.4318811893463135,-5.2026,7.781176,3.561688
645,6.4416186809539795,-4.786392,7.790744,3.566472
646,6.451620101928711,-4.40128,7.831408,3.609528
647,6.46190071105957,-3.937232,7.795528,3.765008
648,6.4716198444366455,-3.879824,7.812272,3.846336
649,6.4816060066223145,-3.98268,7.888816,3.817632
650,6.4920618534088135,-4.284072,8.173464,3.963544
651,6.501588821411133,-4.64048,8.484424,4.052048
652,6.511669397354126,-4.872504,8.606416,3.93484
653,6.522117614746094,-5.001672,8.553792,3.927664
654,6.5316126346588135,-4.920344,8.295456,3.951584
655,6.541621923446655,-4.697888,8.211736,3.65976
656,6.551886796951294,-4.238624,8.118448,2.889536
657,6.561601400375366,-3.805672,8.135192,1.88968
658,6.571462392807007,-3.238768,8.293064,1.432808
659,6.581899642944336,-2.34416,8.53944,1.39932
660,6.591581106185913,-1.430416,9.058504,1.846624
661,6.601612567901611,-0.595608,9.42448,2.12888
662,6.61180853843689,-0.22724,9.632584,2.193464
663,6.621491432189941,-0.557336,9.371856,2.23652
664,6.6313254833221436,-1.585896,9.022624,2.59532
665,6.641225337982178,-2.939768,8.630336,3.052192
666,6.651332855224609,-4.147728,8.393528,3.403816
667,6.661315679550171,-5.204992,8.139976,3.518632
668,6.672119617462158,-5.745584,7.88164,3.38468
669,6.6818931102752686,-5.948904,7.589816,3.410992
670,6.691612243652344,-5.707312,7.527624,3.375112
671,6.701892137527466,-5.403528,7.5348,3.56408
672,6.711621522903442,-4.93948,7.620912,3.788928
673,6.7213380336761475,-4.528056,7.673536,3.877432
674,6.732054710388184,-4.298424,7.884032,3.889392
675,6.74161434173584,-4.123808,8.293064,3.930056
676,6.751616954803467,-4.111848,8.57532,4.040088
677,6.761944055557251,-4.195568,8.737976,3.80328
678,6.771672010421753,-4.348656,8.690136,3.841552
679,6.781661033630371,-4.272112,8.484424,3.808064
680,6.791953086853027,-3.956368,8.178248,3.87504
681,6.801955223083496,-3.4086,8.075392,3.597568
682,6.811426162719727,-2.77472,8.139976,3.178968
683,6.8219146728515625,-2.313064,8.36004,2.59532
684,6.831619501113892,-1.86576,8.685352,2.339376
685,6.8416359424591064,-1.401712,8.900632,1.966224
686,6.851881742477417,-1.033344,9.166144,1.65048
687,6.861639738082886,-0.987896,9.386208,1.760512
688,6.871612310409546,-1.14816,9.634976,1.88968
689,6.881887197494507,-1.77008,9.55604,2.028416
690,6.891475200653076,-2.741232,9.247472,2.40396
691,6.9016265869140625,-3.796104,8.74276,2.8106
692,6.911893606185913,-4.647656,8.374392,3.045016
693,6.9213221073150635,-5.480072,8.020376,3.1694
694,6.931337118148804,-5.905848,7.807488,3.370328
695,6.942047834396362,-5.879536,7.709416,3.437304
696,6.9516072273254395,-5.57336,7.709416,3.588
697,6.961620569229126,-4.965792,7.699848,3.65976
698,6.972060918807983,-4.343872,7.778784,3.690856
699,6.98163366317749,-3.913312,7.994064,3.714776
700,6.991663455963135,-3.578432,8.094528,3.810456
701,7.001906156539917,-3.559296,8.281104,3.831984
702,7.011610984802246,-3.640624,8.357648,3.865472
703,7.021634817123413,-3.652584,8.45572,3.997032
704,7.031893968582153,-3.645408,8.493992,3.944408
705,7.04163932800293,-3.640624,8.53944,3.640624
706,7.051179647445679,-3.475576,8.427016,3.434912
707,7.061877250671387,-3.107208,8.46768,3.310528
708,7.071601152420044,-2.61924,8.711664,3.176576
709,7.081575870513916,-1.552408,8.678176,1.92556
710,7.091889142990112,-1.526096,8.905416,1.63852
711,7.101312637329102,-2.210208,9.443616,2.506816
712,7.111636638641357,-3.303352,9.802416,2.78668
713,7.121929168701172,-4.312776,9.77132,2.791464
714,7.131237745285034,-4.50892,9.300096,2.951728
715,7.1413750648498535,-4.011384,8.458112,3.143088
716,7.151999235153198,-3.48036,7.91752,3.116776
717,7.161283254623413,-3.159832,7.685496,2.946944
718,7.171303987503052,-3.186144,7.836192,3.016312
719,7.182028532028198,-3.640624,8.101704,3.155048
720,7.191369295120239,-4.193176,8.33612,3.54016
721,7.201391696929932,-4.728984,8.470072,3.501888
722,7.211925029754639,-4.70028,8.319376,3.33684
723,7.221219539642334,-4.363008,7.979712,3.30096
724,7.231313943862915,-3.853512,7.788352,3.305744
725,7.2419044971466064,-3.463616,7.759648,3.358368
726,7.251307964324951,-3.394248,8.034728,3.406208
727,7.261266469955444,-3.430128,8.269144,3.255512
728,7.2712976932525635,-3.621488,8.393528,3.128736
729,7.281603097915649,-3.79132,8.594456,3.183752
730,7.291412115097046,-3.942016,8.666216,3.045016
731,7.30185341835022,-3.846336,8.53944,2.951728
732,7.311624526977539,-3.554512,8.379176,3.023488
733,7.32118821144104,-3.284216,8.230872,3.42056
734,7.331867933273315,-3.12156,8.233264,3.652584
735,7.3411705493927,-3.023488,8.250008,3.700424
736,7.35160756111145,-3.1096,8.367216,3.609528
737,7.36186146736145,-3.047408,8.625552,3.568864
738,7.3714210987091064,-2.30828,8.57532,2.217384
739,7.381572723388672,-2.494856,8.577712,1.616992
740,7.391581296920776,-3.147872,9.008272,2.91824
741,7.401583194732666,-3.879824,9.666072,3.36076
742,7.411691665649414,-4.331912,9.991384,3.155048
743,7.421922206878662,-4.171648,9.634976,3.123952
744,7.43113899230957,-3.549728,8.7906,3.257904
745,7.441603422164917,-2.913456,8.111272,3.21724
746,7.452028512954712,-2.824952,7.718984,3.126344
747,7.461580276489258,-3.088072,7.709416,3.224416
748,7.471593379974365,-3.633448,7.903168,3.167008
749,7.481865167617798,-4.456296,8.075392,3.286608
750,7.491595983505249,-5.164328,8.218912,3.351192
751,7.501587629318237,-5.188248,8.28828,3.379896
752,7.511867046356201,-4.815096,8.218912,3.303352
753,7.521582365036011,-4.116632,8.044296,3.30096
754,7.531420707702637,-3.56408,7.888816,3.269864
755,7.541917562484741,-3.164616,7.970144,3.123952
756,7.5515828132629395,-3.071328,8.070608,3.18136
757,7.561183452606201,-3.26508,8.273928,3.224416
758,7.571862459182739,-3.666936,8.374392,3.27704
759,7.581582307815552,-3.98268,8.470072,3.489928
760,7.5915868282318115,-4.044872,8.400704,3.59996
761,7.6018595695495605,-4.087928,8.393528,3.48036
762,7.611391067504883,-3.9468,8.293064,3.274648
763,7.621581077575684,-3.709992,8.211736,3.358368
764,7.63178563117981,-3.50428,8.190208,3.439696
765,7.641576290130615,-3.25312,8.321768,3.176576
766,7.65157675743103,-2.956512,8.379176,2.719704
767,7.661876916885376,-2.389608,8.625552,2.432664
768,7.671593189239502,-1.439984,8.723624,1.75812
769,7.681589365005493,-1.569152,9.099168,2.035592
770,7.692015886306763,-2.205424,9.733048,2.982824
771,7.701568126678467,-2.915848,10.027264,3.387072
772,7.711605548858643,-3.506672,9.876568,3.076112
773,7.7219226360321045,-3.633448,9.072856,3.279432
774,7.731415510177612,-3.5282,8.238048,3.291392
775,7.7414326667785645,-3.604744,7.721376,3.006744
776,7.75185489654541,-3.925272,7.695064,3.08568
777,7.761565923690796,-4.312776,7.895992,3.375112
778,7.771384000778198,-4.81988,8.015592,3.595176
779,7.781873464584351,-5.13084,8.171072,3.24116
780,7.791549921035767,-5.04712,8.178248,2.958904
781,7.801548480987549,-4.398888,8.211736,2.865616
782,7.811869144439697,-3.693248,8.159112,3.131128
783,7.8215625286102295,-3.219632,8.1328,3.37272
784,7.831251382827759,-3.009136,8.221304,3.427736
785,7.842016220092773,-3.14548,8.391136,3.377504
786,7.851052522659302,-3.430128,8.529872,3.389464
787,7.861229419708252,-3.83916,8.56336,3.51624
788,7.872057199478149,-4.071184,8.608808,3.559296
789,7.881607532501221,-4.212312,8.4916,3.530592
790,7.891615390777588,-4.10228,8.331336,3.451656
791,7.90189266204834,-3.879824,8.214128,3.38468
792,7.911625146865845,-3.745872,8.15672,3.162224
793,7.921617746353149,-3.387072,8.221304,2.934984
794,7.932070732116699,-3.080896,8.372,2.729272
795,7.941565036773682,-2.781896,8.644688,2.784288
796,7.9513022899627686,-1.894464,8.714056,1.849016
797,7.962038993835449,-1.750944,8.737976,1.442376
798,7.971613883972168,-2.317848,9.058504,2.401568
799,7.9816694259643555,-2.899104,9.570392,2.801032
800,7.991880416870117,-3.475576,9.66368,2.863224
801,8.0016028881073,-3.686072,9.223552,3.07372
802,8.011449098587036,-3.645408,8.4318,3.126344
803,8.021883249282837,-3.85112,7.958184,3.092856
804,8.031615972518921,-3.908528,7.793136,3.095248
805,8.041568517684937,-4.075968,7.955792,3.30096
806,8.051804780960083,-4.38932,8.183032,3.353584
807,8.061189413070679,-4.348656,8.254792,3.327272
808,8.07123351097107,-4.303208,8.266752,3.26508
809,8.081926584243774,-3.989856,8.106488,3.198104
810,8.091392517089844,-3.676504,7.984496,3.202888
811,8.101598262786865,-3.54016,8.022768,3.233984
812,8.111606121063232,-3.688464,8.15672,3.334448
813,8.121615648269653,-3.776968,8.434192,3.449264
814,8.131614685058594,-4.025736,8.649472,3.628664
815,8.14194393157959,-4.29364,8.769072,3.535376
816,8.15162467956543,-4.224272,8.845616,3.726736
817,8.161201000213623,-4.236232,8.903024,4.10228
818,8.172042846679688,-4.248192,8.864752,4.142944
819,8.181615591049194,-4.212312,8.737976,3.688464
820,8.191608428955078,-3.843944,8.639904,3.382288
821,8.201885461807251,-3.200496,8.6112,2.896712
822,8.211660623550415,-1.825096,8.438976,1.87772
823,8.221603631973267,-0.937664,8.52748,1.284504
824,8.231868028640747,-0.851552,8.795384,2.53552
825,8.241607904434204,-1.258192,9.288136,3.054584
826,8.251425981521606,-1.90164,9.73544,2.447016
827,8.261855602264404,-2.40396,9.694776,2.61924
828,8.271169185638428,-2.518776,9.266608,3.200496
829,8.281616449356079,-2.985216,8.828872,3.222024
830,8.292105436325073,-3.750656,8.314592,3.171792
831,8.3016357421875,-4.463472,7.919912,3.210064
832,8.311618089675903,-5.145192,7.671144,3.44448
833,8.321898221969604,-5.774288,7.608952,3.358368
834,8.331408023834229,-5.960864,7.752472,3.045016
835,8.34162950515747,-5.611632,7.852936,3.021096
836,8.351614236831665,-4.705064,8.008416,3.159832
837,8.361613512039185,-3.67172,7.984496,3.183752
838,8.371617078781128,-2.903888,7.962968,3.26508
839,8.381946802139282,-2.698176,8.14476,3.281824
840,8.391618967056274,-2.812992,8.340904,3.403816
841,8.401614665985107,-3.186144,8.44376,3.3488
842,8.411933898925781,-3.602352,8.517912,3.303352
843,8.421302795410156,-3.884608,8.52748,3.50428
844,8.431346416473389,-4.20992,8.618376,3.786536
845,8.441921472549438,-4.004208,8.592064,3.968328
846,8.451513767242432,-3.509064,8.441368,3.753048
847,8.461267709732056,-3.02588,8.372,3.004352
848,8.471861362457275,-2.52356,8.362432,2.55944
849,8.481637954711914,-2.143232,8.53944,2.226952
850,8.49136757850647,-1.844232,8.941296,2.3322
851,8.501925468444824,-1.56676,9.297704,2.36808
852,8.511910676956177,-1.439984,9.453184,2.525952
853,8.521638631820679,-1.750944,9.52016,2.506816
854,8.531940221786499,-2.351336,9.414912,2.767544
855,8.541520833969116,-3.045016,9.087208,2.865616
856,8.55150318145752,-3.7674,8.759504,2.784288
857,8.561910629272461,-4.372576,8.41984,2.671864
858,8.571449756622314,-4.858152,8.214128,3.009136
859,8.58193039894104,-5.063864,7.974928,3.186144
860,8.591860294342041,-5.006456,8.003632,3.02588
861,8.601879119873047,-4.743336,8.008416,3.06176
862,8.611592769622803,-4.188392,7.972536,3.260296
863,8.621861696243286,-3.56408,8.044296,3.391856
864,8.631611108779907,-3.159832,7.97732,3.382288
865,8.641956090927124,-2.803424,8.003632,3.42056
866,8.652031660079956,-2.899104,8.020376,3.363152
867,8.661617994308472,-3.19332,8.254792,3.511456
868,8.671608924865723,-3.542552,8.460504,3.61192
869,8.681881666183472,-3.891784,8.723624,3.604744
870,8.691277742385864,-4.056832,8.728408,3.549728
871,8.701945066452026,-3.932448,8.723624,3.693248
872,8.711876392364502,-3.74348,8.76668,3.769792
873,8.721591234207153,-3.284216,8.737976,3.654976
874,8.732133388519287,-3.128736,8.764288,3.7674
875,8.741554737091064,-2.035592,8.649472,2.018848
876,8.751947164535522,-1.808352,8.589672,1.174472
877,8.761596441268921,-2.392,8.941296,1.815528
878,8.77186894416809,-3.131128,9.668464,2.447016
879,8.781696081161499,-3.7674,10.295168,2.777112
880,8.791602849960327,-3.643016,9.988992,3.164616
881,8.80185341835022,-3.15744,8.819304,3.298568
882,8.811428785324097,-2.836912,7.90556,3.186144
883,8.821944952011108,-2.997176,7.467824,2.951728
884,8.831596374511719,-3.530592,7.747688,2.932592
885,8.841585397720337,-4.229056,8.257184,3.308136
886,8.851991653442383,-4.815096,8.601632,3.403816
887,8.861549139022827,-5.039944,8.735584,3.14548
888,8.871561765670776,-4.8438,8.374392,2.994784
889,8.88206934928894,-4.159688,7.986888,3.071328
890,8.892031192779541,-3.387072,7.718984,3.162224
891,8.901588916778564,-3.004352,7.76204,3.379896
892,8.911980390548706,-2.899104,8.101704,3.269864
893,8.921576499938965,-3.138304,8.513128,3.274648
894,8.9316086769104,-3.446872,8.716448,3.245944
895,8.942107915878296,-3.69564,8.795384,3.365544
896,8.951870441436768,-3.817632,8.733192,3.470792
897,8.961886644363403,-3.621488,8.651864,3.585608
898,8.972089290618896,-3.482752,8.525088,3.547336
899,8.981871366500854,-3.308136,8.513128,3.676504
900,8.99187183380127,-3.38468,8.556184,3.688464
901,9.001994609832764,-3.365544,8.690136,3.44448
902,9.011854887008667,-3.289,8.704488,3.164616
903,9.021932125091553,-2.91824,8.903024,2.793856
904,9.032089948654175,-2.303496,8.955648,2.171936
905,9.041909456253052,-2.633592,9.020232,2.458976
906,9.051820516586304,-3.092856,9.414912,3.224416
907,9.06188678741455,-3.482752,9.637368,3.006744
908,9.071896314620972,-3.654976,9.55604,3.111992
909,9.081249952316284,-3.461224,9.060896,3.391856
910,9.091936588287354,-3.334448,8.412664,3.12156
911,9.102058172225952,-3.30096,8.06104,2.94216
912,9.11184549331665,-3.422952,7.94144,3.042624
913,9.122074127197266,-3.631056,7.836192,3.01392
914,9.132040977478027,-4.087928,7.92948,2.915848
915,9.141843795776367,-4.298424,8.02516,2.851264
916,9.151943683624268,-4.300816,8.034728,2.731664
917,9.161893844604492,-3.843944,8.12084,2.650336
918,9.171862125396729,-3.30096,8.020376,2.769936
919,9.182056427001953,-2.88236,8.008416,2.963688
920,9.191857814788818,-2.70296,7.967752,2.896712
921,9.202070474624634,-2.748408,7.967752,2.851264
922,9.212144136428833,-3.028272,8.190208,2.868008
923,9.221855401992798,-3.210064,8.458112,3.080896
924,9.231854915618896,-3.578432,8.632728,3.272256
925,9.2419273853302,-3.810456,8.764288,3.33684
926,9.251861810684204,-3.61192,8.704488,3.669328
927,9.26206636428833,-3.427736,8.558576,3.831984
928,9.271564245223999,-3.250728,8.534656,3.774576
929,9.281866550445557,-3.150264,8.331336,3.406208
930,9.292009115219116,-3.016312,8.233264,2.693392
931,9.30193018913269,-2.760368,8.321768,2.420704
932,9.31186294555664,-2.470936,8.639904,2.458976
933,9.32188630104065,-1.939912,9.084816,2.480504
934,9.331915616989136,-1.109888,9.28096,1.90164
935,9.341834306716919,-1.571544,9.510592,2.023632
936,9.351924657821655,-2.734056,9.716304,3.155048
937,9.361972093582153,-3.858296,9.859824,3.489928
938,9.372009992599487,-4.671576,9.524944,3.544944
939,9.381928443908691,-4.726592,8.709272,3.571256
940,9.39155650138855,-4.561544,7.699848,3.355976
941,9.401873350143433,-4.200352,7.405632,3.107208
942,9.411937236785889,-3.939624,7.592208,3.245944
943,9.421945571899414,-3.79132,8.08496,3.511456
944,9.431557178497314,-3.884608,8.352864,3.442088
945,9.44155740737915,-4.008992,8.364824,3.0498
946,9.451344966888428,-4.064008,8.218912,3.06176
947,9.461861371994019,-3.889392,8.113664,2.913456
948,9.471901893615723,-3.511456,8.099312,3.004352
949,9.482095003128052,-3.18136,8.27632,3.222024
950,9.491867303848267,-3.021096,8.51552,3.310528
951,9.501908779144287,-2.94216,8.828872,3.284216
952,9.511560678482056,-3.167008,8.965216,3.305744
953,9.521859645843506,-3.355976,8.917376,3.1694
954,9.532073020935059,-3.721952,8.87432,3.439696
955,9.541553258895874,-3.846336,8.761896,3.738696
956,9.551833629608154,-3.650192,8.58728,3.674112
957,9.56196665763855,-3.394248,8.46768,3.406208
958,9.572065830230713,-3.06176,8.448544,3.071328
959,9.58184027671814,-2.119312,8.58728,2.502032
960,9.591240406036377,-1.490216,8.625552,1.729416
961,9.601357460021973,-1.791608,8.9102,1.904032
962,9.612020015716553,-2.468544,9.565608,2.65512
963,9.621747255325317,-3.38468,10.149256,2.65512
964,9.630954027175903,-3.736304,10.24972,2.887144
965,9.641760349273682,-3.45644,9.534512,3.30096
966,9.65202283859253,-3.09764,8.47964,3.286608
967,9.661198854446411,-2.97804,7.7142,2.963688
968,9.671896934509277,-3.308136,7.532408,2.946944
969,9.682034730911255,-3.776968,7.616128,3.281824
970,9.691346883773804,-4.420416,8.046688,3.518632
971,9.701847553253174,-5.092568,8.386352,3.195712
972,9.711900234222412,-5.326984,8.53944,2.99
973,9.72159719467163,-4.850976,8.326552,3.100032
974,9.731590747833252,-3.853512,8.223696,3.143088
975,9.741886615753174,-2.999568,8.214128,3.291392
976,9.75157618522644,-2.564224,8.235656,3.3488
977,9.761879205703735,-2.49964,8.302632,3.279432
978,9.772048473358154,-2.827344,8.472464,3.188536
979,9.781911849975586,-3.207672,8.654256,3.298568
980,9.791847705841064,-3.65976,8.80256,3.3488
981,9.801909685134888,-3.949192,8.792992,3.233984
982,9.811548709869385,-3.93484,8.809736,3.056976
983,9.821851968765259,-3.865472,8.962824,3.231592
984,9.831868410110474,-3.796104,9.020232,3.150264
985,9.841953754425049,-3.733912,9.04176,2.829736
986,9.851765394210815,-3.39664,8.977176,2.561832
987,9.861911535263062,-2.049944,8.570536,1.358656
988,9.871254682540894,-1.380184,8.381568,1.050088
989,9.881842851638794,-1.557192,8.32416,2.109744
990,9.891901016235352,-2.219776,8.8504,3.08568
991,9.901557445526123,-2.90628,9.730656,3.714776
992,9.911856412887573,-3.224416,9.881352,4.195568
993,9.921925783157349,-3.351192,8.998704,4.087928
994,9.931349992752075,-3.657368,8.118448,3.334448
995,9.941853284835815,-4.075968,7.668752,2.801032
996,9.951879739761353,-4.358224,7.508488,2.8704
997,9.961639881134033,-4.499352,7.568288,3.317704
998,9.971872568130493,-4.602208,7.8936,3.523416
999,9.981915950775146,-4.662008,8.197384,3.497104
1000,9.991602420806885,-4.391712,8.230872,3.497104
1001,10.001861095428467,-3.741088,8.082568,3.547336
1002,10.012099266052246,-3.03784,8.04908,3.733912
1003,10.021551370620728,-2.609672,8.094528,3.588
1004,10.031837940216064,-2.528344,8.2524,3.571256
1005,10.041909217834473,-2.695784,8.496384,3.442088
1006,10.051607847213745,-3.119168,8.644688,3.248336
1007,10.061855792999268,-3.439696,8.733192,3.1694
1008,10.071910858154297,-3.867864,8.759504,3.363152
1009,10.081194162368774,-4.154904,8.800168,3.669328
1010,10.091886043548584,-4.097496,8.62316,3.681288
1011,10.101913690567017,-3.619096,8.46768,3.559296
1012,10.111549854278564,-3.291392,8.259576,3.317704
1013,10.121856212615967,-2.944552,8.223696,2.755584
1014,10.131920337677002,-2.659904,8.259576,2.46376
1015,10.141541719436646,-2.473328,8.460504,2.32024
1016,10.15186333656311,-2.102568,8.781032,2.48768
1017,10.16190481185913,-1.313208,9.204416,1.858584
1018,10.171329975128174,-1.306032,9.649328,1.808352
1019,10.18204116821289,-1.655264,9.883744,2.36808
1020,10.191874980926514,-2.289144,9.85504,2.868008
1021,10.201545000076294,-3.190928,9.505808,3.308136
1022,10.211846590042114,-3.817632,8.816912,3.291392
1023,10.221933126449585,-4.267328,8.032336,3.286608
1024,10.231545209884644,-4.609384,7.513272,3.150264
1025,10.241878032684326,-4.769648,7.513272,3.19332
1026,10.251923561096191,-4.774432,7.695064,3.13352
1027,10.261342525482178,-4.633304,7.919912,3.040232
1028,10.271914720535278,-4.300816,8.094528,3.272256
1029,10.28188419342041,-3.965936,8.137584,3.198104
1030,10.291264057159424,-3.463616,8.065824,3.281824
1031,10.301841497421265,-3.030664,8.058648,3.394248
1032,10.311895370483398,-2.791464,8.20456,3.477968
1033,10.321588516235352,-2.980432,8.45572,3.55212
1034,10.33203935623169,-3.327272,8.771464,3.654976
1035,10.342053174972534,-3.738696,8.938904,3.511456
1036,10.35155200958252,-4.059224,8.845616,3.748264
1037,10.361895322799683,-4.142944,8.82648,3.93484
1038,10.371898412704468,-4.073576,8.824088,3.686072
1039,10.381124019622803,-3.817632,8.70688,3.111992
1040,10.391861200332642,-3.25312,8.656648,2.719704
1041,10.40175747871399,-2.540304,8.52748,2.38004
1042,10.411410808563232,-1.779648,8.613592,2.40396
1043,10.421862363815308,-0.999856,8.836048,1.667224
1044,10.431890964508057,-0.882648,9.132656,1.420848
1045,10.441587209701538,-1.492608,9.441224,2.011672
1046,10.451859951019287,-2.506816,9.680424,2.435056
1047,10.461915254592896,-3.50428,9.66368,2.784288
1048,10.471622705459595,-4.224272,9.204416,2.961296
1049,10.482043981552124,-4.47304,8.364824,3.188536
1050,10.492064476013184,-4.585464,7.807488,3.138304
1051,10.501614809036255,-4.453904,7.518056,3.09764
1052,10.511832237243652,-4.300816,7.704632,3.415776
1053,10.52188754081726,-4.272112,8.032336,3.846336
1054,10.531541585922241,-4.276896,8.381568,3.61192
1055,10.541846990585327,-4.310384,8.470072,3.568864
1056,10.551916360855103,-4.202744,8.446152,3.48036
1057,10.561530590057373,-4.023344,8.453328,3.446872
1058,10.571999311447144,-3.74348,8.46768,3.55212
1059,10.581907033920288,-3.674112,8.541832,3.62388
1060,10.59129524230957,-3.497104,8.620768,3.638232
1061,10.601847648620605,-3.430128,8.601632,3.51624
1062,10.611882209777832,-3.413384,8.656648,3.4684
1063,10.621543407440186,-3.513848,8.735584,3.621488
1064,10.63185715675354,-3.74348,8.833656,3.566472
1065,10.641897201538086,-3.858296,8.936512,3.583216
1066,10.65133285522461,-3.729128,9.00588,3.42056
1067,10.661864995956421,-3.32488,8.77864,2.872792
1068,10.671891927719116,-2.832128,8.50356,2.32024
1069,10.681543827056885,-2.447016,8.45572,2.616848
1070,10.691838264465332,-1.164904,8.45572,1.813136
1071,10.701943159103394,-0.820456,8.52748,1.107496
1072,10.71153211593628,-1.41128,8.888672,1.54284
1073,10.721840858459473,-2.549872,9.658896,2.38004
1074,10.732039213180542,-3.626272,10.242544,3.083288
1075,10.741540908813477,-4.2458,9.948328,3.296176
1076,10.751853942871094,-4.238624,8.781032,3.152656
1077,10.76191520690918,-4.111848,7.735728,3.02588
1078,10.77130389213562,-3.951584,7.25972,2.896712
1079,10.781990051269531,-3.8272,7.434336,3.004352
1080,10.791912317276001,-3.97072,7.783568,3.344016
1081,10.80153203010559,-4.13816,8.197384,3.43252
1082,10.81201434135437,-4.334304,8.247616,3.20528
1083,10.821917533874512,-4.374968,8.209344,2.970864
1084,10.83139181137085,-4.035304,8.010808,3.07372
1085,10.841922521591187,-3.669328,7.948616,3.128736
1086,10.851995706558228,-3.353584,8.051472,3.272256
1087,10.861396789550781,-3.190928,8.352864,3.346408
1088,10.871887683868408,-3.104816,8.671,3.413384
1089,10.882041692733765,-3.245944,8.953256,3.281824
1090,10.891365051269531,-3.48036,8.98196,3.198104
1091,10.902039527893066,-3.537768,8.852792,3.224416
1092,10.912023305892944,-3.518632,8.773856,3.45644
1093,10.921386003494263,-3.363152,8.560968,3.693248
1094,10.93196964263916,-2.934984,8.32416,3.762616
1095,10.94205117225647,-2.633592,8.202168,3.391856
1096,10.951411008834839,-2.437448,8.20456,2.743624
1097,10.962032794952393,-2.217384,8.386352,2.066688
1098,10.972118616104126,-1.71028,8.804952,1.98536
1099,10.98147988319397,-0.935272,9.194848,1.48304
1100,10.992042303085327,-1.002248,9.630192,1.669616
1101,11.00209665298462,-1.695928,9.792848,2.525952
1102,11.011403799057007,-2.64316,9.931584,2.99
1103,11.021891355514526,-3.595176,9.644544,3.305744
1104,11.031912565231323,-4.181216,8.914984,3.403816
1105,11.041614294052124,-4.465864,8.073,3.37272
1106,11.051904439926147,-4.609384,7.5946,3.07372
1107,11.061930418014526,-4.77204,7.675928,3.030664
1108,11.071724653244019,-4.685928,7.78596,3.233984
1109,11.081846714019775,-4.618952,8.0132,3.178968
1110,11.091938257217407,-4.44912,8.130408,3.15744
1111,11.101603507995605,-4.13816,8.029944,3.190928
1112,11.111910104751587,-3.79132,8.034728,3.286608
1113,11.122006177902222,-3.30096,8.092136,3.43252
1114,11.131435632705688,-3.018704,8.26436,3.439696
1115,11.1419358253479,-2.889536,8.513128,3.437304
1116,11.151762962341309,-3.078504,8.69492,3.418168
1117,11.16126275062561,-3.190928,8.80256,3.344016
1118,11.171804904937744,-3.50428,8.75472,3.461224
1119,11.181890726089478,-3.669328,8.604024,3.530592
1120,11.191521644592285,-3.757832,8.510736,3.525808
1121,11.201819896697998,-3.51624,8.637512,3.413384
1122,11.212005853652954,-3.367936,8.80256,3.155048
1123,11.22149920463562,-3.164616,8.895848,2.609672
1124,11.231795310974121,-2.920632,8.86236,2.432664
1125,11.241833209991455,-2.143232,8.876712,2.131272
1126,11.251521825790405,-1.404104,8.83844,1.442376
1127,11.261831521987915,-1.636128,8.840832,1.456728
1128,11.272000074386597,-2.301104,9.202024,2.384824
1129,11.281502723693848,-3.303352,9.65172,3.164616
1130,11.29196310043335,-3.999424,9.969856,3.485144
1131,11.301826000213623,-3.98268,9.407736,3.5282
1132,11.311285018920898,-3.698032,8.290672,3.406208
1133,11.32181715965271,-3.403816,7.596992,3.126344
1134,11.331838130950928,-3.281824,7.48696,3.092856
1135,11.341505765914917,-3.497104,7.747688,3.248336
1136,11.351808547973633,-3.855904,8.089744,3.401424
1137,11.361814498901367,-4.355832,8.22848,3.243552
1138,11.371340990066528,-4.673968,8.166288,3.15744
1139,11.382020473480225,-4.53284,7.982104,3.092856
1140,11.391839981079102,-4.037696,7.939048,3.212456
1141,11.401495456695557,-3.588,8.04908,3.355976
1142,11.411811590194702,-3.071328,8.36004,3.39664
1143,11.42195439338684,-2.937376,8.69492,3.238768
1144,11.431517601013184,-2.927808,8.94608,3.123952
1145,11.441798210144043,-3.164616,9.00588,3.274648
1146,11.451862335205078,-3.501888,8.965216,3.674112
1147,11.461496829986572,-3.616704,8.740368,4.119024
1148,11.471943378448486,-3.57604,8.59924,4.176432
1149,11.4818274974823,-3.358368,8.53944,3.693248
1150,11.491519927978516,-3.116776,8.434192,3.143088
1151,11.5019690990448,-2.863224,8.436584,2.375256
1152,11.511820554733276,-2.585752,8.544224,2.18868
1153,11.521127939224243,-1.35148,8.702096,1.332344
1154,11.531801700592041,-0.722384,9.027408,0.971152
1155,11.54185938835144,-0.844376,9.47232,1.523704
1156,11.5514817237854,-1.504568,9.941152,2.241304
1157,11.561947584152222,-2.492464,10.137296,2.868008
1158,11.571531772613525,-3.174184,9.67564,3.320096
1159,11.581177234649658,-3.690856,8.644688,3.303352
1160,11.591833591461182,-3.92288,7.79792,3.045016
1161,11.601206064224243,-4.358224,7.541976,2.872792
1162,11.611260175704956,-4.662008,7.788352,3.092856
1163,11.621942281723022,-4.6644,8.214128,3.44448
1164,11.631954193115234,-4.769648,8.393528,3.446872
1165,11.641493082046509,-4.666792,8.40788,3.317704
1166,11.651816606521606,-4.276896,8.250008,3.375112
1167,11.661994695663452,-3.69564,8.06104,3.236376
1168,11.671520709991455,-3.27704,7.8936,3.2292
1169,11.681814432144165,-3.092856,8.00124,3.36076
1170,11.691267967224121,-3.159832,8.316984,3.284216
1171,11.701210021972656,-3.485144,8.749936,3.339232
1172,11.7120201587677,-3.985072,9.046544,3.394248
1173,11.7211594581604,-4.363008,9.142224,3.61192
1174,11.731526136398315,-4.52088,9.034584,3.956368
1175,11.741791725158691,-4.37736,8.785816,4.044872
1176,11.75183892250061,-3.867864,8.70688,3.846336
1177,11.761513710021973,-3.379896,8.654256,3.351192
1178,11.771984815597534,-2.836912,8.584888,2.70296
1179,11.78114938735962,-1.920776,8.69492,2.174328
1180,11.791522026062012,-0.763048,8.797776,1.026168
1181,11.8018057346344,-0.631488,8.917376,0.846768
1182,11.812096357345581,-1.045304,9.582352,1.573936
1183,11.82149362564087,-1.832272,10.175568,2.157584
1184,11.831809520721436,-2.640768,10.378888,2.712528
1185,11.841488361358643,-3.00196,9.347936,3.011528
1186,11.851473331451416,-3.147872,8.171072,2.944552
1187,11.861889839172363,-3.571256,7.252544,2.722096
1188,11.872078895568848,-4.052048,7.09228,2.753192
1189,11.881578922271729,-4.650048,7.398456,2.89432
1190,11.891870260238647,-5.1428,7.783568,3.155048
1191,11.901562452316284,-5.52552,8.171072,3.08568
1192,11.91134238243103,-5.54944,8.355256,3.083288
1193,11.921896696090698,-5.020808,8.350472,3.38468
1194,11.931356430053711,-4.133376,8.187816,3.403816
1195,11.941565990447998,-3.262688,8.142368,3.532984
1196,11.951887130737305,-2.982824,8.22848,3.566472
1197,11.961284160614014,-2.875184,8.307416,3.621488
1198,11.971561193466187,-3.162224,8.513128,3.511456
1199,11.982054233551025,-3.686072,8.699704,3.67172
1200,11.991567611694336,-4.17404,8.86236,3.891784
1201,12.001557111740112,-4.410848,8.938904,3.937232
1202,12.011883974075317,-4.41324,9.013056,3.74348
1203,12.021520376205444,-3.949192,8.859968,3.463616
1204,12.031521320343018,-3.24116,8.59924,2.856048
1205,12.041868925094604,-2.53552,8.398312,2.334592
1206,12.05152153968811,-1.779648,8.412664,2.107352
1207,12.06120777130127,-0.875472,8.69492,2.28436
1208,12.072048425674438,-0.04784,9.094384,1.571544
1209,12.081570625305176,-0.40664,9.47232,1.573936
1210,12.091349840164185,-1.619384,9.905272,2.485288
1211,12.101887702941895,-3.054584,10.173176,2.944552
1212,12.111573457717896,-4.092712,9.910056,3.31292
1213,12.121560096740723,-4.609384,9.058504,3.391856
1214,12.131863355636597,-4.590248,7.982104,3.24116
1215,12.141566038131714,-4.494568,7.171216,2.932592
1216,12.151561498641968,-4.370184,7.013344,2.829736
1217,12.161850929260254,-4.243408,7.276464,3.00196
1218,12.17134976387024,-4.339088,7.640048,3.162224
1219,12.181551218032837,-4.635696,8.034728,3.078504
1220,12.19185209274292,-4.685928,8.226088,2.879968
1221,12.201514720916748,-4.5448,8.333728,2.899104
1222,12.211522817611694,-3.951584,8.309808,3.143088
1223,12.221843957901001,-3.207672,8.372,3.272256
1224,12.231526374816895,-2.78668,8.422232,3.588
1225,12.241517066955566,-2.58336,8.508344,3.499496
1226,12.251996278762817,-2.700568,8.680568,3.568864
1227,12.261520624160767,-2.96608,8.855184,3.700424
1228,12.271524667739868,-3.332056,9.068072,3.975504
1229,12.281838178634644,-3.518632,9.237904,3.853512
1230,12.291529893875122,-3.37272,9.249864,3.568864
1231,12.30153489112854,-3.31292,9.247472,3.518632
1232,12.31186556816101,-2.071472,9.060896,2.47572
1233,12.321530818939209,-1.162512,8.747544,1.60264
1234,12.331339597702026,-1.169688,8.845616,1.96144
1235,12.341894149780273,-1.715064,9.489064,2.470936
1236,12.351528882980347,-2.557048,10.2258,2.72688
1237,12.361643552780151,-3.126344,10.206664,3.088072
1238,12.371849536895752,-3.33684,9.34076,3.0498
1239,12.381217241287231,-3.174184,8.24044,2.829736
1240,12.391311168670654,-3.379896,7.568288,2.77472
1241,12.401999473571777,-3.518632,7.393672,2.884752
1242,12.4113290309906,-3.750656,7.735728,3.116776
1243,12.42151689529419,-4.130984,8.029944,3.188536
1244,12.431853294372559,-4.453904,8.245224,3.13352
1245,12.441518306732178,-4.444336,8.32416,3.00196
1246,12.4515380859375,-4.255368,8.302632,3.047408
1247,12.461851119995117,-3.829592,8.10888,3.1096
1248,12.471599817276001,-3.403816,8.027552,3.0498
1249,12.481526136398315,-3.1694,7.979712,3.178968
1250,12.491996765136719,-3.116776,8.223696,3.308136
1251,12.501515865325928,-3.320096,8.51552,3.303352
1252,12.511529922485352,-3.50428,8.80256,3.236376
1253,12.521867752075195,-3.657368,8.881496,3.37272
1254,12.531527519226074,-3.724344,8.936512,3.609528
1255,12.541550159454346,-3.733912,8.764288,3.786536
1256,12.551843643188477,-3.633448,8.64708,3.894176
1257,12.561541318893433,-3.310528,8.53944,3.666936
1258,12.571317434310913,-3.023488,8.541832,3.382288
1259,12.581890344619751,-2.717312,8.668608,3.095248
1260,12.591517210006714,-2.133664,9.034584,2.549872
1261,12.601212739944458,-1.083576,8.991528,1.717456
1262,12.611753940582275,-0.751088,9.020232,1.129024
1263,12.621285915374756,-1.085968,9.446008,1.887288
1264,12.631365060806274,-2.028416,10.149256,2.246088
1265,12.641892671585083,-2.956512,10.563072,2.851264
1266,12.651317596435547,-3.355976,10.020088,3.367936
1267,12.661517143249512,-3.355976,8.809736,3.37272
1268,12.671950817108154,-3.38468,7.723768,3.147872
1269,12.681555986404419,-3.537768,7.202312,2.899104
1270,12.691526174545288,-3.843944,7.2956,3.009136
1271,12.701907634735107,-4.169256,7.733336,3.09764
1272,12.711553573608398,-4.6046,8.16868,3.152656
1273,12.721562623977661,-4.946656,8.369608,3.06176
1274,12.732065200805664,-4.862936,8.374392,2.973256
1275,12.741517305374146,-4.334304,8.202168,3.028272
1276,12.751555681228638,-3.7674,8.068216,3.248336
1277,12.761886358261108,-3.2292,8.14476,3.190928
1278,12.771517038345337,-3.078504,8.326552,3.2292
1279,12.781304836273193,-2.9302,8.592064,3.298568
1280,12.791166543960571,-3.344016,8.737976,3.401424
1281,12.80189037322998,-3.664544,8.852792,3.604744
1282,12.811280250549316,-3.85112,8.879104,3.85112
1283,12.821276426315308,-4.0066,8.92216,3.918096
1284,12.831876039505005,-3.85112,8.955648,3.757832
1285,12.841280698776245,-3.370328,8.8504,3.49232
1286,12.851289749145508,-2.9302,8.735584,2.961296
1287,12.86189603805542,-2.274792,8.685352,2.592928
1288,12.87136435508728,-1.057264,8.592064,1.784432
1289,12.881383657455444,-0.45448,8.788208,0.94484
1290,12.891902923583984,-0.72956,9.199632,1.32756
1291,12.901321411132812,-1.538056,9.800024,1.719848
1292,12.911460161209106,-2.485288,10.252112,2.329808
1293,12.921820640563965,-3.167008,9.96268,2.796248
1294,12.931437015533447,-3.446872,9.022624,3.150264
1295,12.941184282302856,-3.556904,8.094528,3.076112
1296,12.95209264755249,-3.812848,7.55872,2.970864
1297,12.961361408233643,-4.044872,7.604168,2.9302
1298,12.971383333206177,-4.276896,7.934264,3.09764
1299,12.981966018676758,-4.540016,8.326552,3.317704
1300,12.991358757019043,-4.776824,8.525088,3.391856
1301,13.00133752822876,-4.606992,8.486816,3.25312
1302,13.011987209320068,-4.214704,8.26436,3.143088
1303,13.021381378173828,-3.760224,7.943832,3.102424
1304,13.031371831893921,-3.494712,7.91752,3.231592
1305,13.041898965835571,-3.454048,8.106488,3.358368
1306,13.051367998123169,-3.678896,8.462896,3.418168
1307,13.061602592468262,-3.872648,8.781032,3.387072
1308,13.071937561035156,-4.059224,9.080032,3.473184
1309,13.081615447998047,-4.178824,9.252256,3.595176
1310,13.091592788696289,-4.092712,9.096776,3.717168
1311,13.101932287216187,-3.633448,8.836048,3.79132
1312,13.111599445343018,-3.131128,8.560968,3.709992
1313,13.121606826782227,-2.66708,8.448544,3.339232
1314,13.131845951080322,-2.30828,8.580104,3.147872
1315,13.141289472579956,-1.497392,8.759504,2.38004
1316,13.151549816131592,-1.133808,8.864752,1.174472
1317,13.161972522735596,-1.382576,9.06568,1.062048
1318,13.171374082565308,-2.018848,9.524944,1.645696
1319,13.181398630142212,-2.76276,10.166,2.226952
1320,13.191881895065308,-3.20528,10.240152,2.580968
1321,13.20154070854187,-3.095248,9.290528,2.669472
1322,13.211352825164795,-3.033056,8.202168,2.61924
1323,13.22190523147583,-3.210064,7.67832,2.566616
1324,13.231534957885742,-3.607136,7.63048,2.760368
1325,13.24155592918396,-4.107064,7.898384,3.064152
1326,13.251995325088501,-4.53284,8.16868,3.3488
1327,13.261345863342285,-4.913168,8.28828,3.418168
1328,13.271580457687378,-4.944264,8.333728,3.38468
1329,13.281940221786499,-4.559152,8.190208,3.42056
1330,13.291369438171387,-3.965936,8.06104,3.090464
1331,13.301570415496826,-3.475576,8.04908,3.2292
1332,13.311979293823242,-3.358368,8.202168,3.255512
1333,13.321572542190552,-3.556904,8.458112,3.219632
1334,13.331592559814453,-3.834376,8.752328,3.284216
1335,13.34192180633545,-4.135768,8.824088,3.355976
1336,13.351545095443726,-4.260152,8.785816,3.631056
1337,13.361286401748657,-4.157296,8.804952,3.678896
1338,13.37207293510437,-3.999424,8.781032,3.657368
1339,13.381577491760254,-3.320096,8.59924,3.310528
1340,13.391594171524048,-2.578576,8.44376,2.71492
1341,13.402093172073364,-1.849016,8.398312,2.241304
1342,13.411590099334717,-0.93288,8.65904,1.9734
1343,13.42154335975647,-0.093288,8.989136,1.344304
1344,13.431957721710205,-0.318136,9.402952,1.449552
1345,13.441553354263306,-1.026168,9.768928,2.100176
1346,13.451353549957275,-2.026024,10.13012,2.458976
1347,13.461883544921875,-2.992392,9.886136,2.624024
1348,13.47155475616455,-3.556904,9.051328,2.915848
1349,13.481547594070435,-3.8272,8.14476,2.884752
1350,13.491988897323608,-4.169256,7.685496,2.779504
1351,13.501371145248413,-4.370184,7.561112,2.767544
1352,13.511552095413208,-4.432376,7.747688,2.980432
1353,13.521970510482788,-4.44912,7.958184,3.171792
1354,13.531355857849121,-4.50892,8.178248,3.245944
1355,13.541536092758179,-4.418024,8.135192,3.152656
1356,13.551868677139282,-4.085536,8.137584,3.272256
1357,13.561307191848755,-3.884608,8.10888,3.219632
1358,13.571573734283447,-3.841552,8.125624,3.293784
1359,13.58155107498169,-3.891784,8.340904,3.224416
1360,13.591564655303955,-3.975504,8.59924,3.155048
1361,13.601558685302734,-3.968328,8.797776,3.040232
1362,13.612116575241089,-3.920488,8.883888,3.24116
1363,13.62153935432434,-3.843944,8.919768,3.583216
1364,13.631566524505615,-3.702816,8.972392,3.506672
1365,13.641850709915161,-3.556904,8.919768,3.614312
1366,13.651169300079346,-3.126344,8.81452,3.690856
1367,13.66093373298645,-2.58336,8.70688,3.588
1368,13.671274423599243,-1.954264,8.704488,3.14548
1369,13.681459188461304,-0.844376,8.525088,1.78204
1370,13.691256523132324,-0.786968,8.76668,0.954408
1371,13.701906442642212,-1.349088,9.417304,1.56676
1372,13.71148681640625,-2.121704,10.443472,2.131272
1373,13.72118091583252,-2.53552,10.885992,2.406352
1374,13.731520175933838,-2.411136,10.079888,2.23652
1375,13.741512537002563,-2.26044,8.697312,2.148016
1376,13.751493215560913,-2.432664,7.79792,2.255656
1377,13.761502265930176,-3.071328,7.52284,2.686216
1378,13.771345376968384,-3.736304,7.563504,3.009136
1379,13.781505584716797,-4.52088,7.723768,3.18136
1380,13.79151439666748,-5.171504,7.960576,3.064152
1381,13.801468849182129,-5.362864,8.089744,2.753192
1382,13.81117057800293,-5.219344,8.077784,2.803424
1383,13.82205057144165,-4.68832,8.015592,3.011528
1384,13.831271409988403,-4.059224,7.97732,3.186144
1385,13.841516733169556,-3.571256,8.12084,3.401424
1386,13.851287841796875,-3.470792,8.436584,3.494712
1387,13.861515283584595,-3.595176,8.697312,3.475576
1388,13.871545553207397,-3.836768,8.871928,3.501888
1389,13.881505489349365,-4.044872,8.94608,3.729128
1390,13.89151668548584,-4.147728,8.991528,3.884608
1391,13.901505470275879,-3.829592,9.025016,4.128592
1392,13.911921501159668,-3.355976,8.99392,3.860688
1393,13.921157360076904,-2.889536,8.929336,3.176576
1394,13.931343078613281,-2.336984,8.888672,2.552264
1395,13.94191026687622,-1.6146,8.87432,2.219776
1396,13.951528549194336,-0.542984,9.025016,1.5548
1397,13.961507558822632,-0.20332,9.359896,1.24384
1398,13.971943616867065,-0.409032,9.883744,1.844232
1399,13.981544256210327,-1.27972,10.170784,2.186288
1400,13.991519689559937,-2.270008,10.008128,2.590536
1401,14.0020272731781,-3.176576,9.204416,2.695784
1402,14.012163400650024,-3.903744,8.20456,2.592928
1403,14.02149486541748,-4.46108,7.599384,2.638376
1404,14.031928300857544,-4.877288,7.429552,2.78668
1405,14.041499137878418,-5.224128,7.54676,2.784288
1406,14.05155634880066,-5.271968,7.771608,2.863224
1407,14.061884880065918,-5.042336,7.967752,2.865616
1408,14.07150387763977,-4.650048,8.151936,2.79864
1409,14.081291437149048,-4.099888,8.257184,2.79864
1410,14.092058658599854,-3.62388,8.328944,3.071328
1411,14.101256132125854,-3.367936,8.369608,3.334448
1412,14.11154580116272,-3.317704,8.364824,3.422952
1413,14.121893167495728,-3.44448,8.40788,3.413384
1414,14.131306171417236,-3.664544,8.721232,3.68368
1415,14.1413733959198,-3.83916,9.060896,4.004208
1416,14.151902437210083,-4.200352,9.264216,4.013776
1417,14.161548137664795,-4.159688,9.31684,3.506672
1418,14.171231508255005,-3.645408,9.060896,3.367936
1419,14.181907176971436,-2.760368,8.783424,3.195712
1420,14.19152045249939,-1.253408,8.477248,2.195856
1421,14.201511859893799,-0.775008,8.32416,1.133808
1422,14.211887836456299,-1.042912,8.735584,1.152944
1423,14.2214937210083,-1.899248,9.656504,1.858584
1424,14.231523752212524,-2.657512,10.541544,2.353728
1425,14.241902589797974,-2.899104,10.508056,2.67904
1426,14.251327514648438,-2.674256,9.438832,2.820168
1427,14.261507272720337,-2.478112,8.393528,2.614456
1428,14.271883726119995,-2.585752,7.747688,2.432664
1429,14.281538009643555,-3.107208,7.585032,2.363296
1430,14.291502714157104,-3.68368,7.757256,2.736448
1431,14.30203652381897,-4.384536,8.135192,2.901496
1432,14.311147212982178,-4.793568,8.33612,2.734056
1433,14.321532249450684,-4.8438,8.470072,2.640768
1434,14.332070350646973,-4.506528,8.415056,2.719704
1435,14.341358423233032,-3.961152,8.247616,2.777112
1436,14.351579666137695,-3.485144,8.087352,2.891928
1437,14.362045764923096,-3.202888,8.06104,3.028272
1438,14.371548414230347,-3.298568,8.22848,3.18136
1439,14.381544351577759,-3.633448,8.434192,3.214848
1440,14.391921758651733,-3.939624,8.749936,3.12156
1441,14.401504755020142,-4.059224,8.914984,3.30096
1442,14.411314725875854,-4.092712,9.091992,3.769792
1443,14.422028541564941,-3.776968,9.013056,3.896568
1444,14.431499719619751,-3.281824,8.855184,3.83916
1445,14.441331624984741,-2.664688,8.757112,3.298568
1446,14.451888084411621,-1.999712,8.809736,3.088072
1447,14.461489915847778,-0.923312,8.86236,1.96144
1448,14.471508026123047,-0.423384,9.034584,1.050088
1449,14.482028007507324,-0.746304,9.381424,1.404104
1450,14.491361379623413,-1.808352,9.90288,2.102568
1451,14.501548290252686,-2.899104,10.395632,2.274792
1452,14.511884212493896,-3.437304,10.302344,2.569008
1453,14.521327257156372,-3.27704,9.534512,2.652728
1454,14.531508684158325,-2.944552,8.604024,2.65512
1455,14.54191517829895,-2.844088,7.998848,2.597712
1456,14.551501750946045,-3.15744,7.783568,2.781896
1457,14.561488151550293,-3.604744,7.86968,3.030664
1458,14.572108268737793,-4.200352,8.068216,3.12156
1459,14.581488847732544,-4.87968,8.185424,2.999568
1460,14.59149694442749,-5.22652,8.206952,2.925416
1461,14.601938247680664,-5.176288,8.113664,2.82256
1462,14.611508131027222,-4.573504,8.101704,2.569008
1463,14.62120008468628,-3.975504,8.02516,2.521168
1464,14.631876707077026,-3.32488,8.082568,2.71492
1465,14.641494035720825,-3.033056,8.372,2.99
1466,14.651285171508789,-3.18136,8.513128,3.09764
1467,14.662023782730103,-3.669328,8.771464,3.076112
1468,14.671507358551025,-4.19796,8.888672,3.20528
1469,14.681503772735596,-4.379752,8.912592,3.358368
1470,14.691887378692627,-4.422808,8.785816,3.652584
1471,14.70150375366211,-4.044872,8.783424,3.77936
1472,14.711507797241211,-3.27704,8.678176,3.7674
1473,14.722077131271362,-2.569008,8.76668,3.430128
1474,14.731330633163452,-1.356264,8.781032,2.494856
1475,14.741245985031128,-0.63388,8.80256,1.380184
1476,14.751923322677612,-0.710424,9.063288,1.234272
1477,14.761484861373901,-1.4352,9.835904,1.552408
1478,14.771528482437134,-2.193464,10.62048,2.035592
1479,14.781945943832397,-2.60728,10.658752,2.478112
1480,14.791534662246704,-2.506816,9.656504,2.746016
1481,14.801496982574463,-2.482896,8.529872,2.633592
1482,14.812001705169678,-2.760368,7.766824,2.430272
1483,14.82150912284851,-3.320096,7.637656,2.585752
1484,14.83119797706604,-3.9468,7.805096,2.949336
1485,14.84188461303711,-4.523272,8.159112,2.999568
1486,14.851502418518066,-5.054296,8.450936,3.059368
1487,14.861493587493896,-5.126056,8.36004,2.853656
1488,14.87191891670227,-4.6644,8.218912,2.8704
1489,14.88149356842041,-3.913312,8.02516,2.573792
1490,14.89132308959961,-3.281824,7.824232,2.5714
1491,14.90207290649414,-2.927808,7.946224,2.688608
1492,14.911309003829956,-2.982824,8.32416,2.980432
1493,14.921348810195923,-3.45644,8.65904,2.946944
1494,14.931909799575806,-4.107064,8.919768,3.090464
1495,14.94131588935852,-4.358224,9.048936,3.31292
1496,14.951355218887329,-4.291248,8.972392,3.513848
1497,14.961917877197266,-3.841552,8.857576,3.61192
1498,14.97135877609253,-3.238768,8.749936,3.805672
1499,14.981372117996216,-2.552264,8.58728,3.406208
1500,14.992102861404419,-1.616992,8.651864,3.066544
