//Date Created 2022-12-09 13:15:18.487125
"//Units: sec, m/s/s"
Action,walking
SampleRate,100.0
Frames#,Time,AccX,AccY,AccZ
1,3.5762786865234375e-06,3.222024,6.42252,4.64048
2,0.010756492614746094,3.4086,6.664112,4.67636
3,0.020008563995361328,3.631056,6.939192,4.59264
4,0.03007197380065918,3.664544,7.1162,4.26972
5,0.040847063064575195,3.963544,7.503704,4.140552
6,0.05068087577819824,4.25776,7.972536,4.04248
7,0.059889793395996094,4.394104,8.728408,3.980288
8,0.07061123847961426,4.626128,9.697168,3.884608
9,0.07966184616088867,4.836624,10.216232,3.525808
10,0.08991813659667969,4.953832,10.027264,3.088072
11,0.1008453369140625,5.016024,9.7474,2.614456
12,0.11012649536132812,4.798352,9.99856,2.214992
13,0.12021327018737793,4.525664,11.058216,1.978184
14,0.13077759742736816,4.064008,12.52212,1.870544
15,0.14004158973693848,3.7076,13.222976,1.999712
16,0.15027880668640137,3.688464,13.397592,2.219776
17,0.16079044342041016,3.977896,13.414336,2.226952
18,0.17036795616149902,5.578144,13.254072,2.145624
19,0.18022847175598145,6.467968,12.778064,2.351336
20,0.19092297554016113,6.9966,12.323584,2.59532
21,0.20023775100708008,6.998992,12.314016,3.284216
22,0.21014928817749023,6.807632,11.861928,3.549728
23,0.22085046768188477,5.83648,11.665784,4.159688
24,0.2302241325378418,5.061472,11.225656,4.49696
25,0.24023938179016113,4.49696,10.85968,4.834232
26,0.250917911529541,3.855904,10.2258,4.633304
27,0.2602384090423584,3.310528,9.510592,4.5448
28,0.270249605178833,2.73884,8.905416,4.224272
29,0.2809450626373291,2.16476,8.403096,4.05444
30,0.2902350425720215,1.750944,7.94144,3.973112
31,0.300203800201416,1.382576,7.632872,3.810456
32,0.31093335151672363,1.114672,7.183176,3.592784
33,0.3202331066131592,1.014208,6.73348,3.463616
34,0.33025074005126953,1.045304,6.190496,3.322488
35,0.34085536003112793,0.904176,5.817344,3.269864
36,0.35056161880493164,0.81328,5.475288,3.104816
37,0.3602023124694824,0.708032,5.283928,2.901496
38,0.37067151069641113,0.51428,5.224128,2.659904
39,0.3802211284637451,0.270296,5.331768,2.399176
40,0.39012742042541504,-0.090896,5.23848,2.418312
41,0.40079426765441895,-0.21528,5.19064,2.018848
42,0.410214900970459,0.117208,5.037552,1.545232
43,0.42023468017578125,-1.389752,4.717024,1.62656
44,0.43094873428344727,-2.004496,5.16672,1.612208
45,0.4402291774749756,-0.566904,6.53016,2.454192
46,0.450183629989624,-0.99268,8.493992,2.982824
47,0.4607105255126953,-2.159976,9.18528,1.982968
48,0.4702739715576172,-1.676792,8.125624,0.834808
49,0.4800693988800049,-1.935128,7.472608,1.550016
50,0.49078822135925293,-2.6312,7.144904,1.45912
51,0.5001673698425293,-2.700568,8.26436,1.334736
52,0.5102667808532715,-1.915992,9.862216,1.392144
53,0.5207855701446533,-0.088504,11.25436,2.22456
54,0.5301623344421387,1.133808,11.536616,2.61924
55,0.5402204990386963,1.894464,11.144328,2.47572
56,0.5508408546447754,1.915992,10.71616,2.289144
57,0.559959888458252,1.169688,11.192168,1.860976
58,0.5699102878570557,0.43056,12.278136,1.509352
59,0.580833911895752,-0.157872,12.935936,1.672008
60,0.5901832580566406,-0.217672,12.464712,2.423096
61,0.6001896858215332,-0.028704,11.787776,3.095248
62,0.6109523773193359,-0.021528,11.735152,3.664544
63,0.6202504634857178,-0.105248,11.967176,3.918096
64,0.6302933692932129,-0.31096,12.273352,4.140552
65,0.6409385204315186,-0.468832,12.17528,4.422808
66,0.6502528190612793,-0.476008,12.105912,4.272112
67,0.660193920135498,-0.205712,12.005448,4.441944
68,0.6709179878234863,0.045448,12.029368,4.561544
69,0.6805398464202881,0.138736,12.321192,4.53284
70,0.6901161670684814,0.069368,12.424048,4.422808
71,0.7007720470428467,-0.13156,12.421656,4.420416
72,0.7102775573730469,-0.648232,12.038936,4.470648
73,0.7202339172363281,-0.990288,11.309376,4.410848
74,0.7309741973876953,-0.913744,10.610912,4.16208
75,0.7402443885803223,-0.444912,9.773712,4.166864
76,0.7502470016479492,0.318136,9.008272,4.214704
77,0.7608132362365723,1.109888,8.364824,4.238624
78,0.7702088356018066,1.655264,7.764432,4.023344
79,0.7802233695983887,1.844232,7.326696,3.843944
80,0.7909417152404785,1.48304,6.982248,3.690856
81,0.80021071434021,0.894608,6.750224,3.595176
82,0.810222864151001,0.222456,6.534944,3.532984
83,0.820948600769043,-0.19136,6.276608,3.518632
84,0.8302884101867676,-0.528632,6.07568,3.415776
85,0.8402273654937744,-0.593216,5.874752,3.090464
86,0.8508946895599365,-0.452088,5.736016,2.734056
87,0.8603329658508301,-0.50232,5.695352,2.485288
88,0.8702611923217773,-0.26312,5.826912,2.669472
89,0.8808765411376953,-1.736592,5.786248,1.968616
90,0.8902795314788818,-0.88504,6.32684,2.399176
91,0.9002285003662109,-0.954408,7.312344,3.07372
92,0.9109323024749756,-1.715064,7.482176,2.612064
93,0.9202308654785156,-1.956656,7.190352,1.954264
94,0.9302513599395752,-2.114528,7.611344,2.676648
95,0.9407615661621094,-2.382432,8.474856,3.107208
96,0.9501464366912842,-2.55944,8.771464,2.616848
97,0.960167646408081,-3.054584,8.596848,1.944696
98,0.9706768989562988,-3.556904,8.352864,1.57872
99,0.9801630973815918,-3.939624,8.537048,1.652872
100,0.9905641078948975,-4.104672,9.24508,1.9136
101,1.0007760524749756,-4.05444,10.053576,1.75812
102,1.0101494789123535,-4.10228,10.4052,1.571544
103,1.020216941833496,-4.008992,10.48892,1.605032
104,1.0307731628417969,-3.884608,10.290384,1.63852
105,1.0402421951293945,-3.702816,10.228192,1.760512
106,1.0502700805664062,-3.38468,10.543936,1.643304
107,1.0609045028686523,-3.418168,11.31416,1.4352
108,1.070267677307129,-3.344016,12.048504,1.418456
109,1.0802297592163086,-2.899104,12.194416,1.538056
110,1.0908656120300293,-2.336984,11.692096,1.904032
111,1.100588321685791,-1.794,10.981672,2.126488
112,1.1101715564727783,-1.585896,10.874032,2.17672
113,1.1209404468536377,-1.7342,11.405056,2.12888
114,1.1302545070648193,-2.203032,12.148968,1.884896
115,1.1402404308319092,-2.997176,12.857,1.72224
116,1.1507859230041504,-3.2292,13.2158,1.609816
117,1.1605679988861084,-3.114384,13.524368,1.495
118,1.1701505184173584,-2.485288,14.033864,1.392144
119,1.1808321475982666,-2.085824,14.20848,1.65048
120,1.190244197845459,-0.841984,14.194128,1.16012
121,1.2002480030059814,-0.90896,14.25632,1.258192
122,1.210904836654663,0.062192,14.19652,1.186432
123,1.2202513217926025,1.846624,14.469208,1.478256
124,1.2305526733398438,2.863224,14.390272,2.14084
125,1.2409372329711914,2.848872,13.67028,2.49964
126,1.250223159790039,2.683824,12.663248,2.243696
127,1.2601234912872314,2.722096,11.883456,2.348944
128,1.2707617282867432,2.781896,11.15868,2.767544
129,1.280226469039917,2.707744,10.362144,2.994784
130,1.290175199508667,2.301104,9.53212,3.231592
131,1.3008208274841309,1.717456,8.769072,3.231592
132,1.3103055953979492,1.210352,8.154328,3.1694
133,1.3203296661376953,0.875472,7.652008,3.159832
134,1.3308334350585938,0.7176,7.16404,2.884752
135,1.3402965068817139,0.531024,6.795672,2.585752
136,1.3503649234771729,0.222456,6.575608,2.406352
137,1.3607828617095947,-0.198536,6.479928,2.23652
138,1.3702924251556396,-0.473616,6.355544,2.131272
139,1.380284309387207,-0.853944,6.35076,1.947088
140,1.3909356594085693,-1.121848,6.369896,1.683968
141,1.4002330303192139,-1.131416,6.48232,1.509352
142,1.4103407859802246,-1.04052,6.62584,1.47108
143,1.4209306240081787,-0.913744,6.771752,1.597856
144,1.4302620887756348,-0.820456,6.85308,1.62656
145,1.4402401447296143,-0.784576,6.814808,1.547624
146,1.4510104656219482,-0.75348,6.731088,1.461512
147,1.4602084159851074,-0.822848,6.467968,1.179256
148,1.4702460765838623,-0.983112,6.424912,0.90896
149,1.4807376861572266,-1.253408,7.046832,0.614744
150,1.490157127380371,-1.504568,8.1926,0.349232
151,1.500542163848877,-1.904032,9.582352,0.110032
152,1.5109269618988037,-2.195856,11.2424,-0.016744
153,1.5202438831329346,-2.686216,11.627512,0.810888
154,1.5302338600158691,-3.248336,10.876424,1.325168
155,1.5402178764343262,-2.504424,11.443328,1.057264
156,1.5502204895019531,-0.691288,12.00784,1.451944
157,1.5601794719696045,-2.222168,11.220872,1.703104
158,1.5707600116729736,-3.377504,10.807056,0.425776
159,1.5805487632751465,-3.638232,11.539008,0.062192
160,1.5903282165527344,-2.851264,12.524512,0.22724
161,1.6009557247161865,-2.02124,13.38324,1.45912
162,1.6102392673492432,-1.655264,13.01248,2.136056
163,1.6202430725097656,-1.825096,11.907376,2.628808
164,1.6309559345245361,-2.026024,10.443472,2.99
165,1.6402013301849365,-2.38004,8.962824,3.257904
166,1.6500804424285889,-2.093,7.541976,3.212456
167,1.6609277725219727,-1.396928,6.568432,3.509064
168,1.6701653003692627,-0.28704,6.13548,3.566472
169,1.6805691719055176,0.306176,6.585176,3.298568
170,1.6909832954406738,0.208104,8.261968,2.767544
171,1.700477123260498,-0.528632,11.417016,2.243696
172,1.7102134227752686,-1.20796,13.069888,1.71028
173,1.7209477424621582,-1.703104,12.495808,1.968616
174,1.730243444442749,-1.920776,12.05568,2.00928
175,1.7400925159454346,-1.820312,12.955072,1.959048
176,1.7507808208465576,-1.284504,12.96464,1.74616
177,1.7602264881134033,-0.45448,11.955216,1.569152
178,1.7702434062957764,0.39468,10.89556,2.073864
179,1.7808043956756592,1.138592,9.969856,2.94216
180,1.7903108596801758,1.44716,9.139832,3.413384
181,1.8001842498779297,1.432808,8.22848,3.59996
182,1.8109056949615479,1.222312,7.376928,3.678896
183,1.8201994895935059,1.054872,6.70956,3.831984
184,1.830235242843628,0.641056,6.259864,3.908528
185,1.8409478664398193,0.363584,6.101992,3.85112
186,1.8501667976379395,0.064584,5.936944,3.788928
187,1.860194206237793,-0.148304,6.085248,3.784144
188,1.870924472808838,-0.700856,6.384248,3.650192
189,1.8801991939544678,-0.511888,6.716736,3.43252
190,1.89031982421875,-0.916136,6.32684,2.705352
191,1.9001524448394775,-0.45448,6.695208,2.779504
192,1.9103124141693115,-0.420992,7.92948,3.49232
193,1.9205801486968994,-0.928096,8.398312,3.131128
194,1.9308996200561523,-1.463904,8.372,2.442232
195,1.94020414352417,-1.681576,8.092136,2.018848
196,1.9503202438354492,-1.660048,7.671144,1.27972
197,1.9609506130218506,-1.356264,8.532264,2.516384
198,1.970123529434204,-1.648088,9.19724,3.370328
199,1.9801025390625,-2.231736,8.582496,2.542696
200,1.9907128810882568,-2.59532,7.8338,1.999712
201,2.0002100467681885,-2.863224,7.7142,2.246088
202,2.0103113651275635,-3.27704,7.895992,2.375256
203,2.0209360122680664,-3.736304,8.376784,2.492464
204,2.0302393436431885,-4.097496,8.955648,2.504424
205,2.0402073860168457,-4.35344,9.225944,2.267616
206,2.0509235858917236,-4.494568,9.288136,2.109744
207,2.060818910598755,-4.79596,9.271392,1.990144
208,2.070239543914795,-5.169112,9.553648,1.954264
209,2.080751419067383,-5.102136,9.742616,1.90164
210,2.090221881866455,-4.43716,9.945936,1.966224
211,2.1002073287963867,-3.461224,10.386064,2.0332
212,2.11092209815979,-2.71492,11.094096,1.935128
213,2.120521068572998,-2.454192,12.010232,1.767688
214,2.1301510334014893,-2.341768,12.431224,1.703104
215,2.1409242153167725,-2.109744,12.268568,1.69832
216,2.1502678394317627,-1.992536,12.06764,1.846624
217,2.1602563858032227,-2.011672,11.531832,1.951872
218,2.1707441806793213,-1.935128,11.005592,1.951872
219,2.180173635482788,-1.851408,10.72812,1.820312
220,2.1905276775360107,-1.832272,10.876424,1.808352
221,2.2009196281433105,-1.99732,11.31416,1.896856
222,2.210988998413086,-2.34416,11.974352,1.796392
223,2.2202281951904297,-2.78668,12.3188,1.789216
224,2.2308740615844727,-3.006744,12.6776,1.82988
225,2.240283727645874,-2.970864,13.06032,1.772472
226,2.2503223419189453,-2.408744,13.194272,1.794
227,2.2607510089874268,-1.736592,13.373672,1.870544
228,2.2703444957733154,-1.06444,13.588952,1.927952
229,2.2801713943481445,-0.377936,13.5746,1.935128
230,2.2908732891082764,0.318136,13.388024,2.035592
231,2.300246477127075,0.880256,12.933544,2.28436
232,2.3101768493652344,1.432808,12.328368,2.377648
233,2.320758104324341,1.9136,11.555752,2.590536
234,2.3302581310272217,2.270008,10.618088,2.688608
235,2.340024709701538,2.315456,9.646936,2.765152
236,2.3506581783294678,2.131272,8.881496,2.827344
237,2.3602006435394287,1.681576,8.278712,2.923024
238,2.370161771774292,1.102712,7.80988,2.889536
239,2.380760669708252,0.545376,7.384104,2.753192
240,2.390164852142334,-0.08372,6.979856,2.719704
241,2.400219202041626,-0.566904,6.771752,2.502032
242,2.410912036895752,-1.047696,6.676072,2.353728
243,2.420191526412964,-1.3754,6.546904,2.250872
244,2.4302713871002197,-1.468688,6.539728,2.011672
245,2.440842866897583,-1.42324,6.702384,1.825096
246,2.450111150741577,-1.32756,6.826768,1.616992
247,2.4601705074310303,-1.262976,7.085104,1.502176
248,2.47068452835083,-1.284504,7.317128,1.4352
249,2.4810585975646973,-1.2558,7.458256,1.380184
250,2.4902846813201904,-1.432808,7.635264,1.358656
251,2.5009751319885254,-1.224704,7.70224,1.085968
252,2.5103304386138916,-1.420848,7.692672,1.308424
253,2.5199813842773438,-1.39932,7.419984,0.540592
254,2.530972719192505,-1.16012,7.300384,0.363584
255,2.5401740074157715,-0.959192,7.262112,0.593216
256,2.5503957271575928,-1.332344,7.888816,0.684112
257,2.560783863067627,-1.461512,8.895848,0.04784
258,2.5702757835388184,-1.633736,9.910056,-0.339664
259,2.5803911685943604,-2.035592,10.639616,0.495144
260,2.590883493423462,-2.298712,10.682672,1.162512
261,2.600522756576538,-2.289144,10.359752,1.44716
262,2.6100685596466064,-2.155192,10.2258,1.499784
263,2.6209092140197754,-2.016456,10.412376,1.683968
264,2.6302969455718994,-1.994928,10.527192,1.672008
265,2.6402475833892822,-1.987752,11.031904,1.337128
266,2.6507904529571533,-2.109744,11.811696,1.12424
267,2.660263776779175,-2.32024,12.732616,0.985504
268,2.6704978942871094,-2.435056,12.603448,1.439984
269,2.680920362472534,-2.449408,11.964784,2.408744
270,2.6905460357666016,-2.145624,10.957752,2.944552
271,2.7002758979797363,-1.571544,9.742616,3.320096
272,2.7107186317443848,-0.818064,8.532264,3.619096
273,2.720212936401367,0.100464,7.396064,3.908528
274,2.730253219604492,0.688896,6.408168,3.987464
275,2.7407915592193604,0.822848,5.915416,3.705208
276,2.7502076625823975,0.440128,6.656936,3.248336
277,2.7601988315582275,-0.554944,8.8504,2.662296
278,2.7710866928100586,-1.490216,11.639472,2.030808
279,2.7801673412323,-2.126488,12.74936,2.162368
280,2.7902324199676514,-2.167152,12.567568,2.652728
281,2.8009212017059326,-1.858584,12.852216,2.671864
282,2.810231924057007,-1.487824,13.2158,2.588144
283,2.820134401321411,-1.021384,12.60584,2.71492
284,2.8307878971099854,-0.674544,11.443328,2.982824
285,2.8400886058807373,-0.105248,10.087064,3.286608
286,2.850252628326416,0.674544,9.04176,3.712384
287,2.8609423637390137,1.396928,8.223696,3.80328
288,2.8702454566955566,1.693536,7.482176,3.92288
289,2.880171060562134,1.468688,6.958328,3.999424
290,2.890872001647949,0.806104,6.537336,3.891784
291,2.9002161026000977,-0.09568,6.235944,3.89896
292,2.9104888439178467,-1.069224,6.068504,3.858296
293,2.9208154678344727,-1.550016,5.802992,3.25312
294,2.9301505088806152,-1.904032,5.989568,3.334448
295,2.940096378326416,-2.454192,6.286176,3.45644
296,2.9507412910461426,-2.913456,6.125912,2.793856
297,2.9601101875305176,-2.171936,7.147296,3.501888
298,2.9704437255859375,-1.908816,7.960576,3.45644
299,2.980821132659912,-2.564224,7.910344,2.71492
300,2.9902725219726562,-3.066544,7.66636,1.920776
301,3.000278949737549,-2.743624,7.946224,2.059512
302,3.0107617378234863,-2.16476,8.532264,2.65512
303,3.020296096801758,-2.016456,8.776248,2.934984
304,3.0302774906158447,-2.10496,8.711664,2.946944
305,3.0409514904022217,-2.418312,8.393528,2.781896
306,3.0502898693084717,-2.719704,8.202168,2.760368
307,3.060250759124756,-3.066544,8.283496,2.635984
308,3.070944309234619,-3.439696,8.52748,2.853656
309,3.0802879333496094,-3.738696,8.601632,2.592928
310,3.0901381969451904,-4.056832,8.797776,2.561832
311,3.1010046005249023,-4.075968,8.972392,2.506816
312,3.1103334426879883,-4.083144,9.237904,2.466152
313,3.1202962398529053,-4.05444,9.601488,2.3322
314,3.130964756011963,-3.903744,10.003344,2.281968
315,3.140190839767456,-3.643016,10.467392,2.229344
316,3.1502745151519775,-3.198104,10.988848,2.219776
317,3.1609714031219482,-2.997176,11.730368,2.047552
318,3.170315742492676,-2.717312,12.3188,1.918384
319,3.1803371906280518,-2.370472,12.512552,1.932736
320,3.1908066272735596,-1.96144,12.380992,1.992536
321,3.2003073692321777,-1.5548,12.153752,2.006888
322,3.2103514671325684,-1.24384,11.761464,1.88968
323,3.2208492755889893,-1.17208,11.40984,1.748552
324,3.2303621768951416,-1.251016,11.079744,1.724632
325,3.240295886993408,-1.42324,10.625264,1.715064
326,3.2508623600006104,-1.624168,10.493704,1.683968
327,3.2603752613067627,-1.935128,10.735296,1.628952
328,3.27026104927063,-2.313064,11.13476,1.39932
329,3.280792474746704,-2.84648,11.598808,1.353872
330,3.290316104888916,-3.021096,11.847576,1.229488
331,3.3002936840057373,-2.980432,12.084384,1.150552
332,3.310955047607422,-2.549872,12.22312,1.117064
333,3.3203258514404297,-2.121704,12.431224,1.109888
334,3.330310821533203,-1.59068,12.4982,1.246232
335,3.341010332107544,-1.145768,12.385776,1.203176
336,3.350346326828003,-0.432952,12.113088,1.356264
337,3.3602781295776367,0.38272,11.763856,1.444768
338,3.3709867000579834,1.033344,11.232832,1.490216
339,3.3803000450134277,1.420848,10.531976,1.607424
340,3.390320301055908,1.461512,9.79524,1.774864
341,3.400876045227051,1.32756,9.068072,1.896856
342,3.410158157348633,1.062048,8.338512,1.971008
343,3.4202001094818115,0.617136,7.716592,1.9734
344,3.4307708740234375,0.150696,7.190352,2.10496
345,3.440260887145996,-0.260728,6.884176,2.205424
346,3.450157403945923,-0.719992,6.659328,2.143232
347,3.461000442504883,-1.097928,6.568432,2.095392
348,3.470276117324829,-1.516528,6.585176,2.030808
349,3.4803035259246826,-1.657656,6.680856,1.923168
350,3.4908854961395264,-1.832272,6.774144,1.74616
351,3.5002238750457764,-1.9136,7.106632,1.667224
352,3.510287284851074,-1.968616,7.300384,1.499784
353,3.5209484100341797,-1.894464,7.46304,1.296464
354,3.530287981033325,-1.837056,7.644832,1.117064
355,3.5402588844299316,-1.717456,7.709416,1.069224
356,3.550783634185791,-1.353872,7.683104,0.602784
357,3.560284376144409,-1.069224,7.735728,0.531024
358,3.5701675415039062,-0.990288,7.90556,0.605176
359,3.5808725357055664,-0.299,7.5946,0.1794
360,3.590277910232544,-1.322776,9.068072,1.212744
361,3.600297212600708,-1.968616,10.484136,0.193752
362,3.6108226776123047,-2.394392,10.747256,-0.791752
363,3.620338201522827,-2.513992,10.737688,0.007176
364,3.6302554607391357,-2.301104,11.005592,1.133808
365,3.6409385204315186,-1.856192,11.240008,1.284504
366,3.6502163410186768,-1.624168,11.15868,1.196
367,3.660294532775879,-1.420848,10.87164,1.08836
368,3.671015501022339,-1.406496,10.673104,1.26776
369,3.6803059577941895,-1.35148,10.579816,1.24384
370,3.6903293132781982,-1.32756,10.890776,0.98072
371,3.7003021240234375,-1.169688,11.62512,0.949624
372,3.7103304862976074,-1.430416,12.340328,1.356264
373,3.720350742340088,-1.72224,12.096344,1.982968
374,3.7309226989746094,-1.652872,11.462464,2.49964
375,3.7402660846710205,-1.270152,10.467392,2.789072
376,3.7502434253692627,-0.703248,9.3288,3.016312
377,3.7601468563079834,-0.172224,8.214128,3.329664
378,3.770278215408325,0.624312,7.176,3.248336
379,3.780275583267212,1.272544,6.719128,2.851264
380,3.790977954864502,1.277328,7.097064,2.382432
381,3.800257444381714,0.786968,8.553792,2.06908
382,3.8102641105651855,-0.098072,10.69224,1.837056
383,3.820976734161377,-1.179256,12.230296,2.037984
384,3.8302834033966064,-1.894464,12.754144,2.23652
385,3.8401315212249756,-2.030808,12.981384,2.322632
386,3.8509886264801025,-1.75812,13.124904,2.3322
387,3.8602294921875,-1.356264,12.744576,2.468544
388,3.8703157901763916,-0.806104,11.699272,2.585752
389,3.88097882270813,0.026312,10.462608,2.968472
390,3.8902461528778076,0.834808,9.37664,3.473184
391,3.9002609252929688,1.454336,8.47964,3.846336
392,3.9102895259857178,1.636128,7.561112,4.109456
393,3.920267343521118,1.337128,6.958328,4.17404
394,3.9302451610565186,0.70564,6.436872,4.286464
395,3.9407858848571777,-0.038272,6.054152,4.1262
396,3.9502460956573486,-0.686504,5.965648,3.93484
397,3.960272789001465,-1.215136,6.006312,3.7076
398,3.970970869064331,-1.523704,6.288568,3.67172
399,3.980327606201172,-1.774864,6.606704,3.578432
400,3.990278959274292,-2.026024,6.843512,3.303352
401,4.000935316085815,-2.325024,7.262112,3.291392
402,4.010376214981079,-2.671864,7.52284,3.195712
403,4.02026104927063,-2.370472,7.4152,2.40396
404,4.030949831008911,-3.269864,7.855328,2.358512
405,4.040256977081299,-2.789072,8.63512,2.66708
406,4.0501251220703125,-2.779504,8.883888,2.502032
407,4.060766935348511,-3.162224,8.5514,2.353728
408,4.070244550704956,-3.162224,8.03712,2.183896
409,4.080290079116821,-2.937376,7.76204,2.358512
410,4.090217351913452,-2.827344,7.812272,2.755584
411,4.100288391113281,-3.030664,7.795528,2.844088
412,4.110285043716431,-3.351192,7.907952,2.707744
413,4.12097692489624,-3.645408,8.027552,2.52356
414,4.130299806594849,-3.91092,8.171072,2.444624
415,4.140202045440674,-4.028128,8.171072,2.41592
416,4.1507439613342285,-4.10228,8.245224,2.494856
417,4.160294532775879,-4.119024,8.62316,2.423096
418,4.170294284820557,-4.052048,9.048936,2.169544
419,4.180853843688965,-3.89896,9.584744,2.131272
420,4.190317630767822,-3.664544,10.168392,2.191072
421,4.200295448303223,-3.123952,10.881208,2.155192
422,4.210882902145386,-2.82256,11.742328,1.870544
423,4.220297336578369,-2.58336,12.443184,1.593072
424,4.230325937271118,-2.30828,12.80916,1.504568
425,4.240880489349365,-1.774864,12.857,1.516528
426,4.250610828399658,-1.181648,12.687168,1.547624
427,4.260340690612793,-0.779792,12.380992,1.719848
428,4.27083683013916,-0.796536,11.945648,1.825096
429,4.280294179916382,-1.062048,11.330904,1.57872
430,4.290380954742432,-1.193608,11.08692,1.521312
431,4.30097222328186,-1.511744,11.031904,1.504568
432,4.311051607131958,-1.832272,11.342864,1.4352
433,4.320271253585815,-1.999712,11.73276,1.41128
434,4.330988645553589,-2.238912,12.156144,1.21992
435,4.340309381484985,-2.430272,12.340328,1.21992
436,4.350368499755859,-2.317848,12.48624,1.117064
437,4.360893249511719,-2.011672,12.59388,1.12424
438,4.370183706283569,-1.585896,12.601056,1.215136
439,4.38027548789978,-1.030952,12.452752,1.286896
440,4.390993118286133,-0.413816,12.156144,1.50696
441,4.400322198867798,0.1794,11.713624,1.652872
442,4.410296440124512,0.664976,11.113232,1.762904
443,4.420845985412598,0.897,10.352576,1.794
444,4.430316925048828,1.002248,9.656504,1.951872
445,4.440309286117554,0.937664,8.98196,2.167152
446,4.451004505157471,0.794144,8.331336,2.183896
447,4.460245370864868,0.559728,7.716592,2.226952
448,4.470320463180542,0.110032,7.190352,2.191072
449,4.480973482131958,-0.32292,6.898528,2.262832
450,4.4902918338775635,-0.916136,6.633016,2.198248
451,4.500295877456665,-1.430416,6.520592,2.171936
452,4.5109922885894775,-1.956656,6.465576,1.999712
453,4.52030348777771,-2.049944,6.49428,1.791608
454,4.530276536941528,-2.191072,6.623448,1.547624
455,4.540979862213135,-2.088216,6.955936,1.526096
456,4.550365686416626,-2.073864,7.30756,1.487824
457,4.560605049133301,-1.932736,7.2956,1.00464
458,4.570863485336304,-1.535664,7.125768,0.6578
459,4.579941272735596,-2.26044,7.951008,1.48304
460,4.589978218078613,-2.609672,8.135192,0.566904
461,4.600965738296509,-2.336984,7.848152,-0.76544
462,4.610252141952515,-1.298856,7.812272,-0.437736
463,4.620288133621216,-0.126776,8.427016,0.949624
464,4.630869626998901,-0.363584,9.060896,1.655264
465,4.640269994735718,-1.035736,9.407736,0.4186
466,4.650252342224121,-1.880112,10.170784,-0.595608
467,4.661006450653076,-2.717312,11.005592,-0.365976
468,4.670343637466431,-3.028272,11.204128,0.133952
469,4.680344343185425,-2.999568,10.864464,0.564512
470,4.6909120082855225,-2.712528,10.89556,0.691288
471,4.7002668380737305,-2.394392,11.005592,0.822848
472,4.710295677185059,-2.002104,10.91948,1.157728
473,4.720997333526611,-1.502176,10.804664,1.229488
474,4.730295419692993,-1.042912,10.785528,1.035736
475,4.740329265594482,-0.691288,11.127584,0.830024
476,4.750858545303345,-0.818064,11.75668,0.904176
477,4.760247468948364,-1.310816,12.180064,1.301248
478,4.7704691886901855,-1.7342,11.794952,1.791608
479,4.78091835975647,-2.006888,10.830976,2.1528
480,4.790309429168701,-1.896856,9.816768,2.554656
481,4.8002684116363525,-1.325168,8.697312,2.626416
482,4.810848712921143,-0.516672,7.60656,2.781896
483,4.820253849029541,0.26312,6.850688,2.980432
484,4.830339193344116,0.822848,6.695208,3.047408
485,4.840990781784058,0.90896,7.350616,2.875184
486,4.850098371505737,0.196144,8.907808,2.399176
487,4.860227346420288,-0.810888,10.87164,2.133664
488,4.870847940444946,-1.980576,12.105912,2.052336
489,4.880278825759888,-2.612064,12.483848,2.348944
490,4.89032769203186,-2.808208,12.706304,2.360904
491,4.900878667831421,-2.566616,12.82112,2.358512
492,4.9102888107299805,-2.00928,12.299664,2.418312
493,4.920323610305786,-1.200784,11.304592,2.612064
494,4.930976629257202,-0.241592,10.343008,3.0498
495,4.940820932388306,0.516672,9.374248,3.449264
496,4.9500672817230225,0.930488,8.560968,3.906136
497,4.960832834243774,0.925704,7.867288,4.071184
498,4.970003843307495,0.763048,7.18796,4.217096
499,4.980248689651489,0.27508,6.719128,4.207528
500,4.991003513336182,-0.09568,6.319664,4.097496
501,5.000298976898193,-0.423384,6.125912,3.937232
502,5.010236978530884,-0.679328,6.235944,3.867864
503,5.020792245864868,-0.897,6.496672,3.403816
504,5.030336856842041,-0.820456,6.30292,2.848872
505,5.040286302566528,-1.753336,7.073144,3.585608
506,5.050843954086304,-1.143376,6.9966,2.944552
507,5.061020851135254,-0.810888,7.553936,3.296176
508,5.0704028606414795,-1.236664,7.659184,3.164616
509,5.080740690231323,-1.377792,7.553936,2.671864
510,5.089986085891724,-1.253408,7.826624,2.645552
511,5.1002516746521,-1.274936,8.161504,2.801032
512,5.1110029220581055,-1.53088,8.393528,2.913456
513,5.120273113250732,-1.822704,8.257184,2.824952
514,5.130078554153442,-2.20064,8.161504,2.717312
515,5.140747308731079,-2.418312,8.041904,2.868008
516,5.150300979614258,-2.597712,7.970144,2.683824
517,5.160417556762695,-2.753192,8.12084,2.585752
518,5.170961856842041,-3.107208,8.541832,2.432664
519,5.180251359939575,-3.391856,8.903024,2.506816
520,5.190338134765625,-3.602352,9.115912,2.41592
521,5.201611280441284,-3.894176,9.359896,2.2724
522,5.210287570953369,-3.987464,9.606272,2.2126
523,5.220035552978516,-3.908528,9.910056,2.181504
524,5.230742931365967,-3.619096,10.350184,2.159976
525,5.240159511566162,-3.12156,10.586992,2.090608
526,5.250034332275391,-2.791464,10.9434,2.059512
527,5.260814428329468,-2.516384,11.479208,1.884896
528,5.270168781280518,-2.241304,11.79256,1.844232
529,5.2801995277404785,-1.971008,11.926512,1.93752
530,5.290750503540039,-1.724632,11.809304,2.136056
531,5.300262451171875,-1.468688,11.546184,2.143232
532,5.310306549072266,-1.349088,11.199344,2.183896
533,5.32083535194397,-1.145768,10.773568,2.102568
534,5.3301331996917725,-1.026168,10.390848,2.095392
535,5.340542316436768,-0.942448,10.122944,1.9734
536,5.350850820541382,-1.3156,10.48892,1.894464
537,5.3605241775512695,-1.80596,10.964928,1.813136
538,5.370397090911865,-2.38004,11.67296,1.571544
539,5.380949974060059,-2.712528,12.27096,1.655264
540,5.390305042266846,-2.60728,12.744576,1.652872
541,5.400296449661255,-2.32024,13.005304,1.810744
542,5.4107985496521,-1.875328,13.017264,1.939912
543,5.420315742492676,-1.550016,13.129688,2.016456
544,5.430330038070679,-1.109888,12.983776,2.08104
545,5.4408392906188965,-0.719992,12.77328,2.195856
546,5.450384855270386,-0.076544,12.266176,2.317848
547,5.460303544998169,0.636272,11.615552,2.36808
548,5.4708335399627686,1.179256,10.792704,2.478112
549,5.4803245067596436,1.535664,9.919624,2.674256
550,5.490186452865601,1.564368,9.11352,2.669472
551,5.501007318496704,1.200784,8.259576,2.688608
552,5.510329484939575,0.851552,7.620912,2.686216
553,5.520315170288086,0.272688,7.046832,2.49964
554,5.530730247497559,-0.126776,6.611488,2.372864
555,5.540164947509766,-0.664976,6.381856,2.29632
556,5.550143003463745,-1.093144,6.29096,2.262832
557,5.560917377471924,-1.463904,6.336408,2.00928
558,5.570623159408569,-1.825096,6.441656,1.906424
559,5.580601692199707,-2.222168,6.647368,1.779648
560,5.590680837631226,-2.468544,6.967896,1.612208
561,5.600333213806152,-2.61924,7.269288,1.516528
562,5.610363960266113,-2.736448,7.58264,1.408888
563,5.62083625793457,-2.41592,7.728552,1.119456
564,5.630316734313965,-2.4518,8.027552,1.380184
565,5.640294313430786,-2.155192,7.707024,0.552552
566,5.650954246520996,-2.12888,7.814664,0.892216
567,5.660541534423828,-1.99732,7.635264,0.782184
568,5.670227527618408,-1.573936,8.223696,0.841984
569,5.680917263031006,-1.095536,8.759504,0.748696
570,5.690324068069458,-1.258192,8.864752,0.428168
571,5.700225591659546,-1.827488,9.151792,0.117208
572,5.710933208465576,-2.32024,9.957896,0.074152
573,5.720297336578369,-2.478112,10.697024,0.13156
574,5.730587959289551,-2.327416,10.988848,0.342056
575,5.740712404251099,-2.12888,11.070176,0.743912
576,5.75014853477478,-1.851408,11.211304,0.999856
577,5.76028299331665,-1.605032,11.283064,1.358656
578,5.770699739456177,-1.6744,11.261536,1.593072
579,5.7806031703948975,-1.767688,11.362,1.56676
580,5.790283679962158,-1.672008,11.50552,1.389752
581,5.800963878631592,-1.509352,12.041328,1.258192
582,5.810211181640625,-1.301248,12.273352,1.344304
583,5.820493221282959,-1.203176,11.833224,1.846624
584,5.83010458946228,-1.167296,11.103664,2.394392
585,5.84018611907959,-1.083576,10.352576,2.970864
586,5.850359201431274,-0.863512,9.517768,3.37272
587,5.860954999923706,-0.473616,8.39592,3.174184
588,5.870343446731567,-0.133952,7.348224,3.289
589,5.880287170410156,0.100464,6.72152,3.351192
590,5.890804767608643,-0.009568,6.664112,3.102424
591,5.900272607803345,-0.636272,7.549152,2.54748
592,5.9103569984436035,-1.313208,9.130264,2.353728
593,5.920914649963379,-1.987752,10.8836,2.205424
594,5.930299758911133,-2.298712,11.787776,2.226952
595,5.940271615982056,-2.253264,12.050896,2.255656
596,5.9501330852508545,-1.978184,12.383384,2.250872
597,5.960687160491943,-1.557192,12.397736,2.262832
598,5.970156669616699,-1.011816,11.845184,2.411136
599,5.9807960987091064,-0.368368,10.909912,2.79864
600,5.990333318710327,0.399464,9.816768,3.13352
601,6.000258445739746,0.918528,8.795384,3.561688
602,6.010935068130493,1.222312,7.967752,3.841552
603,6.020254373550415,1.253408,7.266896,4.025736
604,6.030327081680298,0.770224,6.73348,4.169256
605,6.040216445922852,0.220064,6.288568,4.37736
606,6.0503010749816895,-0.34684,6.223984,4.195568
607,6.060621500015259,-0.767832,6.161792,4.061616
608,6.070293664932251,-1.090752,6.271824,3.896568
609,6.080322742462158,-0.841984,6.228768,3.21724
610,6.090608835220337,-1.461512,6.932016,3.681288
611,6.10042667388916,-1.813136,7.278856,3.138304
612,6.110672473907471,-1.260584,7.668752,2.997176
613,6.120292663574219,-1.729416,8.104096,3.143088
614,6.131042242050171,-2.423096,8.101704,2.633592
615,6.1406450271606445,-2.528344,8.21652,2.133664
616,6.150321960449219,-2.473328,8.520304,2.234128
617,6.161036252975464,-2.270008,8.69492,2.317848
618,6.1703269481658936,-2.279576,8.613592,2.497248
619,6.180294990539551,-2.20064,8.412664,2.442232
620,6.190343856811523,-2.250872,8.183032,2.521168
621,6.200308322906494,-2.26044,8.113664,2.449408
622,6.210355758666992,-2.614456,8.09692,2.502032
623,6.220926284790039,-3.111992,8.338512,2.447016
624,6.23061728477478,-3.774576,8.520304,2.49964
625,6.2402918338775635,-4.346264,8.513128,2.430272
626,6.2503931522369385,-4.56872,8.434192,2.351336
627,6.26030707359314,-4.599816,8.582496,2.159976
628,6.270301580429077,-4.52088,9.144616,2.059512
629,6.28083610534668,-4.300816,9.761752,2.085824
630,6.290033340454102,-3.92288,10.295168,2.145624
631,6.300229787826538,-3.320096,10.642008,2.112136
632,6.310704708099365,-3.059368,11.058216,1.927952
633,6.320573329925537,-2.793856,11.778208,1.669616
634,6.330597639083862,-2.557048,12.447968,1.59068
635,6.3406548500061035,-2.24848,12.751752,1.74616
636,6.350594520568848,-1.935128,12.558,1.762904
637,6.360612154006958,-1.700712,12.357072,1.688752
638,6.370769739151001,-1.585896,12.053288,1.738984
639,6.380578994750977,-1.298856,11.716016,1.640912
640,6.390254497528076,-1.021384,11.383528,1.7342
641,6.400739431381226,-0.806104,10.941008,1.801176
642,6.40998387336731,-0.887432,11.024728,1.68636
643,6.420170068740845,-1.29168,11.295024,1.846624
644,6.430955171585083,-1.82988,11.677744,1.935128
645,6.440236568450928,-2.04516,11.926512,1.870544
646,6.450241327285767,-1.947088,12.072424,1.738984
647,6.4607038497924805,-1.573936,12.213552,1.480648
648,6.470615386962891,-1.109888,12.440792,1.655264
649,6.480280876159668,-0.650624,12.567568,1.655264
650,6.490895509719849,-0.232024,12.52212,1.839448
651,6.500608921051025,0.145912,12.249432,1.999712
652,6.51065468788147,0.492752,11.873888,2.210208
653,6.520708799362183,0.770224,11.216088,2.298712
654,6.530572891235352,0.901784,10.472176,2.241304
655,6.540613889694214,0.87308,9.776104,2.181504
656,6.55080771446228,0.569296,9.022624,2.052336
657,6.560293436050415,0.141128,8.436584,2.023632
658,6.570502281188965,-0.26312,7.860112,1.990144
659,6.5808610916137695,-0.516672,7.419984,2.037984
660,6.59032940864563,-0.712816,7.070752,2.04516
661,6.600064992904663,-0.78936,6.838728,1.992536
662,6.610674619674683,-0.853944,6.714344,1.90164
663,6.620028257369995,-0.887432,6.668896,1.657656
664,6.629958868026733,-1.047696,6.800456,1.380184
665,6.6406519412994385,-1.368224,6.857864,1.236664
666,6.649995803833008,-1.47108,6.963112,0.743912
667,6.66055965423584,-1.51892,6.903312,0.43056
668,6.670703887939453,-1.906424,7.24776,0.870688
669,6.680558919906616,-2.291536,7.67832,0.937664
670,6.690217971801758,-2.669472,7.575464,-0.222456
671,6.7006916999816895,-1.681576,7.324304,-0.911352
672,6.710615634918213,-0.99268,7.60656,0.44252
673,6.720564126968384,-0.758264,8.06104,1.346696
674,6.730859994888306,-0.875472,8.472464,0.796536
675,6.740585803985596,-1.361048,8.797776,-0.160264
676,6.750145435333252,-1.882504,9.23312,-0.662584
677,6.760678291320801,-2.664688,9.72348,-0.507104
678,6.770247220993042,-3.159832,10.510448,-0.186576
679,6.780671834945679,-3.212456,11.048648,0.014352
680,6.790184259414673,-2.90628,11.084528,0.279864
681,6.800317049026489,-2.470936,10.950576,0.72956
682,6.8106842041015625,-2.095392,10.914696,1.119456
683,6.820160150527954,-1.47108,11.091704,1.3754
684,6.830624341964722,-0.748696,11.280672,1.349088
685,6.840858221054077,-0.373152,11.58924,1.30364
686,6.850677251815796,-0.339664,12.328368,1.16012
687,6.860642433166504,-0.602784,13.04836,1.179256
688,6.871020078659058,-1.095536,12.813944,1.59068
689,6.880635499954224,-1.320384,11.716016,2.183896
690,6.890326261520386,-1.514136,10.682672,2.707744
691,6.9007298946380615,-1.162512,9.407736,2.662296
692,6.910629987716675,-0.751088,8.041904,2.6312
693,6.920571804046631,0.021528,7.04444,2.877576
694,6.930900812149048,0.4186,6.70956,2.944552
695,6.94056510925293,0.34684,7.3554,2.624024
696,6.950580358505249,-0.07176,8.972392,2.336984
697,6.960977077484131,-0.56212,10.749648,2.387216
698,6.97062087059021,-0.810888,11.503128,2.707744
699,6.980661869049072,-0.588432,11.555752,2.817776
700,6.990718126296997,-0.284648,11.775816,2.657512
701,7.000578880310059,0.069368,11.87628,2.609672
702,7.010587215423584,0.282256,11.61316,2.789072
703,7.020645380020142,0.540592,10.909912,3.064152
704,7.030623435974121,0.770224,10.156432,3.317704
705,7.0403547286987305,0.858728,9.434048,3.4684
706,7.0508646965026855,1.009424,8.733192,3.614312
707,7.060274600982666,1.176864,8.125624,3.63584
708,7.070173025131226,1.186432,7.699848,3.8272
709,7.080841541290283,1.186432,7.374536,4.008992
710,7.090167999267578,0.96876,7.168824,3.820024
711,7.1001365184783936,0.743912,7.216664,3.810456
712,7.110971212387085,1.772472,8.03712,4.499352
713,7.120209217071533,0.975936,5.494424,1.217528
714,7.130257606506348,0.796536,8.281104,4.336696
715,7.140806436538696,0.452088,8.498776,3.85112
716,7.150089263916016,-0.5382,7.886424,2.860832
717,7.160277605056763,-1.306032,7.924696,3.02588
718,7.1708221435546875,-1.652872,7.656792,2.803424
719,7.1801841259002686,-1.801176,7.852936,2.836912
720,7.190503120422363,-1.454336,8.556184,2.970864
721,7.200931549072266,-1.715064,8.943688,3.315312
722,7.210484266281128,-2.270008,8.71884,2.85844
723,7.220272541046143,-2.650336,8.601632,2.8704
724,7.230610370635986,-2.985216,8.6112,3.028272
725,7.240538120269775,-3.104816,8.331336,2.913456
726,7.250112771987915,-3.011528,8.18064,2.851264
727,7.2605767250061035,-3.12156,8.340904,2.963688
728,7.270534515380859,-3.631056,8.460504,3.021096
729,7.280040979385376,-4.123808,8.400704,2.896712
730,7.290778160095215,-4.250584,8.2524,2.719704
731,7.30053186416626,-4.11424,8.30024,2.671864
732,7.3105552196502686,-3.951584,8.771464,2.743624
733,7.320620059967041,-3.702816,9.40056,2.485288
734,7.330557584762573,-3.54016,10.132512,2.193464
735,7.3405492305755615,-3.415776,10.529584,1.992536
736,7.3507585525512695,-3.162224,10.627656,1.872936
737,7.360338449478149,-2.868008,10.938616,1.703104
738,7.370650291442871,-2.485288,11.283064,1.495
739,7.380782604217529,-1.798784,11.629904,1.478256
740,7.390273094177246,-1.29168,11.773424,1.748552
741,7.4001548290252686,-0.971152,11.629904,1.712672
742,7.410856246948242,-0.86112,11.345256,1.609816
743,7.420068264007568,-1.06444,11.0032,1.760512
744,7.430599212646484,-1.176864,10.541544,1.707888
745,7.440798044204712,-1.389752,10.302344,1.794
746,7.450595855712891,-1.540448,10.613304,1.750944
747,7.460598945617676,-1.882504,11.223264,1.56676
748,7.4706807136535645,-2.267616,11.94804,1.396928
749,7.480650901794434,-2.473328,12.41448,1.468688
750,7.490164518356323,-2.5116,12.624976,1.547624
751,7.500733137130737,-2.372864,12.675208,1.497392
752,7.510653257369995,-1.975792,12.754144,1.509352
753,7.520650625228882,-1.449552,12.857,1.4352
754,7.530717849731445,-0.719992,13.02444,1.380184
755,7.540632009506226,0.124384,12.978992,1.432808
756,7.55060076713562,0.806104,12.847432,1.631344
757,7.560687780380249,1.451944,12.388168,1.849016
758,7.5702126026153564,1.872936,11.759072,2.011672
759,7.580605745315552,2.11692,11.091704,2.370472
760,7.590836048126221,2.05712,10.311912,2.55944
761,7.600151062011719,1.870544,9.587136,2.521168
762,7.6105945110321045,1.576328,8.895848,2.609672
763,7.621042013168335,1.251016,8.297848,2.485288
764,7.63059401512146,0.995072,7.805096,2.358512
765,7.6401965618133545,0.853944,7.353008,2.253264
766,7.650847673416138,0.588432,7.190352,2.20064
767,7.660593509674072,0.330096,6.917664,2.210208
768,7.670630693435669,-0.148304,6.807632,2.167152
769,7.680691957473755,-0.629096,6.788496,2.083432
770,7.6903369426727295,-1.093144,6.747832,1.8538
771,7.70060133934021,-1.41128,6.774144,1.82988
772,7.710788011550903,-1.609816,6.508632,1.485432
773,7.720633506774902,-1.3754,6.546904,2.16476
774,7.73025107383728,-2.793856,7.817056,2.9302
775,7.740806341171265,-1.911208,7.563504,-0.02392
776,7.75034236907959,-1.715064,7.472608,0.33488
777,7.7602386474609375,-1.731808,7.317128,1.186432
778,7.770960092544556,-1.619384,7.3554,1.179256
779,7.780291318893433,-1.982968,7.817056,0.98072
780,7.790271520614624,-1.557192,8.678176,0.727168
781,7.800983667373657,-1.26776,10.07032,0.758264
782,7.8102867603302,-1.851408,11.342864,1.08836
783,7.820615530014038,-2.270008,11.522264,0.612352
784,7.830816984176636,-2.808208,11.11084,0.672152
785,7.840590476989746,-3.111992,10.900344,0.954408
786,7.850626468658447,-3.0498,10.613304,1.193608
787,7.860791444778442,-2.793856,10.642008,1.6744
788,7.870587348937988,-2.365688,10.388456,1.762904
789,7.880558967590332,-2.037984,10.558288,1.990144
790,7.890951871871948,-1.82988,11.063,2.143232
791,7.9005959033966064,-1.98536,11.9002,2.16476
792,7.91014838218689,-2.365688,12.443184,2.238912
793,7.920799255371094,-2.796248,12.17528,2.423096
794,7.93059229850769,-2.815384,11.118016,2.645552
795,7.940259695053101,-2.42788,10.055968,2.841696
796,7.9507904052734375,-1.68636,9.051328,3.054584
797,7.96061635017395,-0.973544,7.790744,3.080896
798,7.970574140548706,-0.425776,6.778928,3.162224
799,7.980777978897095,0.078936,6.257472,3.183752
800,7.990627765655518,0.148304,6.604312,3.286608
801,8.000187158584595,-0.332488,7.807488,2.944552
802,8.010806322097778,-1.050088,9.608664,2.592928
803,8.02019715309143,-1.750944,11.419408,2.375256
804,8.030593156814575,-2.203032,11.962392,2.325024
805,8.041019916534424,-2.303496,11.739936,2.198248
806,8.050217866897583,-1.990144,11.43376,2.026024
807,8.060619354248047,-1.377792,10.972104,1.71028
808,8.070834636688232,-0.897,10.610912,2.138448
809,8.080607891082764,-0.267904,9.242688,1.789216
810,8.090599775314331,0.39468,8.30024,2.70296
811,8.100785255432129,0.758264,8.070608,3.961152
812,8.110117197036743,0.614744,7.680712,4.07836
813,8.120607376098633,0.528632,6.659328,3.709992
814,8.13078236579895,0.2392,6.250296,4.374968
815,8.14028811454773,0.667368,6.17136,4.80792
816,8.150207281112671,-0.1794,5.5614,4.38932
817,8.160861492156982,-0.141128,5.941728,4.420416
818,8.170660495758057,0.165048,7.015736,4.702672
819,8.180631875991821,-0.542984,7.771608,4.394104
820,8.1906156539917,-1.561976,8.151936,3.824808
821,8.200677633285522,-2.734056,6.896136,2.076256
822,8.210181474685669,-2.030808,8.04908,3.511456
823,8.220875978469849,-2.49964,10.371712,5.255224
824,8.230628252029419,-2.949336,10.343008,3.43252
825,8.240607261657715,-3.19332,9.295312,2.375256
826,8.251039743423462,-2.88236,9.048936,2.681432
827,8.260319709777832,-2.437448,8.840832,3.078504
828,8.270641803741455,-2.047552,8.733192,3.640624
829,8.281011581420898,-1.947088,8.393528,3.525808
830,8.29061770439148,-1.975792,8.034728,3.006744
831,8.300600051879883,-2.262832,7.9534,3.078504
832,8.311071872711182,-2.657512,8.183032,3.066544
833,8.320605278015137,-3.186144,8.281104,2.769936
834,8.330620050430298,-3.7076,8.39592,2.60728
835,8.340795278549194,-4.11424,8.577712,2.600104
836,8.350319862365723,-4.384536,8.76668,2.36808
837,8.360258102416992,-4.465864,9.084816,2.325024
838,8.370871543884277,-4.398888,9.41252,2.265224
839,8.380274534225464,-3.999424,9.589528,2.14084
840,8.39046025276184,-3.446872,9.984208,2.052336
841,8.400980234146118,-2.997176,10.563072,1.932736
842,8.410330533981323,-2.676648,11.381136,1.640912
843,8.420644998550415,-2.408744,11.94804,1.619384
844,8.430961608886719,-2.155192,12.1992,1.490216
845,8.44062066078186,-2.016456,12.201592,1.454336
846,8.4506676197052,-2.026024,11.964784,1.573936
847,8.460849285125732,-2.08104,11.785384,1.63852
848,8.470327854156494,-2.10496,11.479208,1.463904
849,8.48032546043396,-1.978184,11.156288,1.550016
850,8.490763664245605,-1.846624,11.029512,1.521312
851,8.500641584396362,-1.884896,11.165856,1.492608
852,8.51020884513855,-1.741376,11.40984,1.581112
853,8.52082109451294,-1.784432,11.622728,1.53088
854,8.530291318893433,-1.652872,12.072424,1.487824
855,8.540315389633179,-1.463904,12.34272,1.605032
856,8.550957441329956,-1.222312,12.409696,1.731808
857,8.560664653778076,-1.0166,12.699128,1.69832
858,8.570667266845703,-0.688896,13.014872,1.856192
859,8.58064079284668,-0.332488,12.955072,1.920776
860,8.590611934661865,0.15548,12.694344,2.026024
861,8.600123167037964,0.650624,12.1992,2.150408
862,8.610793113708496,1.114672,11.536616,2.32024
863,8.620244264602661,1.461512,10.764,2.542696
864,8.630221605300903,1.569152,10.05836,2.616848
865,8.640953779220581,1.547624,9.230728,2.604888
866,8.650585651397705,1.444768,8.520304,2.6312
867,8.660593032836914,1.301248,7.850544,2.540304
868,8.670820474624634,1.069224,7.326696,2.406352
869,8.680578470230103,0.684112,6.94876,2.329808
870,8.690163612365723,0.165048,6.7574,2.346552
871,8.700550556182861,-0.3588,6.621056,2.229344
872,8.710151433944702,-0.7774,6.60192,1.978184
873,8.720602035522461,-1.29168,6.621056,1.765296
874,8.73084282875061,-1.526096,6.707168,1.504568
875,8.740036964416504,-1.669616,6.893744,1.370616
876,8.750037431716919,-1.86576,7.161648,1.396928
877,8.760815143585205,-1.813136,7.759648,1.923168
878,8.770000457763672,-0.87308,6.987032,0.349232
879,8.780515670776367,-2.124096,7.687888,1.88968
880,8.79080581665039,-2.346552,7.740512,0.643448
881,8.800601959228516,-2.521168,7.817056,0.15548
882,8.810630798339844,-1.616992,8.051472,0.043056
883,8.820782661437988,-1.093144,8.381568,0.375544
884,8.830589294433594,-0.641056,8.749936,0.456872
885,8.840588092803955,-1.11228,9.596704,0.605176
886,8.850867986679077,-1.648088,10.708984,0.076544
887,8.860597133636475,-2.408744,11.479208,-0.153088
888,8.87063980102539,-3.13352,11.318944,0.234416
889,8.880687713623047,-3.363152,10.91948,0.8372
890,8.890599250793457,-3.088072,10.792704,1.140984
891,8.900615453720093,-2.635984,10.720944,1.349088
892,8.910714387893677,-1.963832,10.54872,1.451944
893,8.920600652694702,-1.408888,10.630048,1.418456
894,8.93022346496582,-1.119456,11.07496,1.234272
895,8.940786361694336,-1.32756,12.17528,1.026168
896,8.950766801834106,-2.023632,13.220584,1.107496
897,8.960279941558838,-2.784288,12.9766,1.753336
898,8.970913648605347,-3.135912,11.491168,2.396784
899,8.980978727340698,-2.884752,10.194704,2.829736
900,8.990343809127808,-2.04516,9.16136,3.092856
901,9.000918865203857,-0.94484,7.994064,3.150264
902,9.01018738746643,0.105248,7.085104,3.327272
903,9.020148515701294,0.739128,6.515808,3.320096
904,9.030853748321533,0.78936,6.915272,3.100032
905,9.040647983551025,0.248768,8.238048,2.781896
906,9.050637245178223,-0.8372,10.14208,2.255656
907,9.060872793197632,-1.932736,11.771032,2.226952
908,9.07067584991455,-2.674256,12.086776,2.580968
909,9.080618143081665,-2.741232,12.137008,2.836912
910,9.090876340866089,-2.181504,12.507768,2.856048
911,9.100371837615967,-1.246232,12.550824,2.868008
912,9.110355854034424,0.052624,11.823656,2.97804
913,9.120880126953125,1.358656,10.699416,3.20528
914,9.130216360092163,2.399176,9.73544,3.657368
915,9.140645027160645,2.817776,8.924552,4.099888
916,9.15087890625,2.753192,8.238048,4.250584
917,9.160662412643433,2.143232,7.64244,4.274504
918,9.170263767242432,1.298856,7.144904,4.255368
919,9.180855751037598,0.404248,6.738264,4.224272
920,9.190616369247437,-0.3588,6.82916,3.97072
921,9.200587272644043,-1.35148,7.183176,4.6046
922,9.21085786819458,-1.193608,6.539728,3.329664
923,9.220613241195679,-2.616848,6.941584,3.592784
924,9.230619430541992,-2.143232,6.977464,3.004352
925,9.240278959274292,-1.820312,7.740512,3.525808
926,9.250688791275024,-2.442232,7.764432,3.334448
927,9.260268688201904,-2.865616,7.350616,2.64316
928,9.270878791809082,-2.76276,7.297992,2.114528
929,9.280648231506348,-2.303496,7.817056,2.231736
930,9.290630340576172,-2.246088,8.211736,2.683824
931,9.300841331481934,-2.107352,8.242832,2.5116
932,9.31062388420105,-2.205424,8.070608,2.578576
933,9.32061505317688,-2.265224,7.9534,2.473328
934,9.33086085319519,-2.377648,7.895992,2.497248
935,9.340624570846558,-2.569008,7.958184,2.408744
936,9.350675106048584,-2.805816,8.053864,2.298712
937,9.360650539398193,-3.02588,8.32416,2.191072
938,9.370672225952148,-3.418168,8.673392,2.198248
939,9.380646705627441,-3.79132,8.831264,2.133664
940,9.390852212905884,-3.980288,9.036976,2.064296
941,9.400896310806274,-4.300816,9.278568,1.990144
942,9.410218954086304,-4.46108,9.689992,1.856192
943,9.420807838439941,-4.28168,10.151648,1.78204
944,9.430668592453003,-3.626272,10.486528,2.054728
945,9.440142631530762,-2.755584,10.797488,2.205424
946,9.450961351394653,-2.250872,11.550968,2.162368
947,9.460666179656982,-2.1528,12.218336,2.016456
948,9.470662832260132,-2.018848,12.392952,1.968616
949,9.48086404800415,-1.681576,11.92412,2.136056
950,9.49039912223816,-1.382576,11.44572,2.255656
951,9.500611066818237,-1.217528,11.173032,2.325024
952,9.510738611221313,-1.317992,10.804664,2.277184
953,9.520646572113037,-1.193608,10.374104,2.456584
954,9.530629396438599,-1.0166,9.929192,2.753192
955,9.540717840194702,-0.918528,9.871784,2.52356
956,9.550184488296509,-1.346696,10.386064,2.542696
957,9.560267448425293,-2.0332,11.089312,2.372864
958,9.570845365524292,-2.552264,11.44572,2.150408
959,9.580601453781128,-2.832128,11.52944,1.999712
960,9.590591669082642,-2.67904,11.579672,1.908816
961,9.600861549377441,-2.303496,11.596416,1.664832
962,9.61026382446289,-1.894464,11.629904,1.557192
963,9.620320558547974,-1.356264,11.76864,1.392144
964,9.630734205245972,-0.672152,11.787776,1.33952
965,9.640162467956543,0.129168,11.766248,1.334736
966,9.65027928352356,0.82524,11.558144,1.439984
967,9.660711526870728,1.3754,11.184992,1.59068
968,9.670629739761353,1.588288,10.639616,1.93752
969,9.68067741394043,1.796392,9.850256,2.026024
970,9.690713882446289,1.765296,9.12548,2.04516
971,9.70064115524292,1.569152,8.319376,2.148016
972,9.71063756942749,1.35148,7.771608,2.138448
973,9.720693826675415,1.045304,7.34344,2.08104
974,9.730562448501587,0.643448,7.049224,1.92556
975,9.740642070770264,0.112424,6.898528,1.815528
976,9.750812768936157,-0.571688,6.884176,1.774864
977,9.76009488105774,-1.095536,6.967896,1.66244
978,9.77016305923462,-1.71028,7.159256,1.490216
979,9.780809164047241,-2.159976,7.422376,1.289288
980,9.790594816207886,-2.327416,7.783568,1.200784
981,9.80063247680664,-2.250872,7.996456,1.157728
982,9.810869693756104,-2.018848,8.221304,0.887432
983,9.820632696151733,-1.71028,8.21652,0.676936
984,9.83062219619751,-1.337128,8.111272,0.499928
985,9.840969800949097,-0.504712,7.2956,-0.397072
986,9.850635766983032,-1.33952,8.615984,1.370616
987,9.860628843307495,0.344448,8.194992,0.133952
988,9.870875835418701,-0.593216,8.895848,1.56676
989,9.880619049072266,-1.59068,8.941296,0.43056
990,9.89059042930603,-2.210208,9.273784,-0.356408
991,9.900809049606323,-2.191072,9.955504,0.03588
992,9.910687923431396,-1.628952,10.756824,1.033344
993,9.920584440231323,-1.126632,11.127584,1.389752
994,9.930795431137085,-0.99268,10.893168,1.643304
995,9.940595865249634,-1.133808,10.718552,1.834664
996,9.950595617294312,-1.196,10.697024,1.992536
997,9.960790634155273,-1.277328,10.613304,2.133664
998,9.970217943191528,-1.193608,10.850112,1.96144
999,9.980600357055664,-1.298856,11.86432,1.6744
1000,9.990803003311157,-1.875328,13.273208,1.485432
1001,10.000591516494751,-2.473328,13.519584,1.631344
1002,10.010658979415894,-2.513992,12.172888,2.42788
1003,10.020714521408081,-1.908816,10.768784,3.310528
1004,10.030714511871338,-0.942448,9.611056,3.712384
1005,10.040579795837402,-0.01196,8.477248,4.109456
1006,10.050804615020752,0.62192,7.324304,3.915704
1007,10.06058669090271,0.830024,6.520592,3.621488
1008,10.070631504058838,0.289432,6.606704,3.387072
1009,10.080809354782104,-0.571688,7.838584,2.801032
1010,10.09063982963562,-1.619384,9.840688,2.325024
1011,10.10063099861145,-2.480504,11.558144,2.08104
1012,10.110724925994873,-2.772328,12.251824,2.193464
1013,10.12064504623413,-2.580968,12.364248,2.5714
1014,10.13023591041565,-2.14084,12.682384,2.85844
1015,10.140817165374756,-1.71028,12.739792,2.911064
1016,10.150364637374878,-1.217528,11.974352,2.887144
1017,10.160331726074219,-0.60996,10.828584,2.865616
1018,10.170839071273804,0.306176,9.560824,3.078504
1019,10.180280447006226,1.2558,8.568144,3.470792
1020,10.190319776535034,1.987752,7.862504,3.820024
1021,10.20096755027771,2.148016,7.185568,3.91092
1022,10.210283994674683,1.762904,6.79328,4.0066
1023,10.220449686050415,0.880256,6.544512,4.071184
1024,10.230821371078491,-0.270296,6.286176,3.932448
1025,10.240601539611816,-1.320384,6.046976,3.678896
1026,10.250648498535156,-2.100176,6.090032,3.56408
1027,10.260988473892212,-2.530736,6.281392,3.63584
1028,10.270658254623413,-2.779504,6.74544,3.628664
1029,10.280308961868286,-2.784288,7.252544,3.298568
1030,10.290154457092285,-2.97804,7.774,3.5282
1031,10.300349950790405,-2.066688,7.410416,2.42788
1032,10.310271739959717,-3.092856,7.740512,2.5714
1033,10.320973873138428,-2.504424,8.16868,2.616848
1034,10.330082178115845,-1.837056,8.869536,2.913456
1035,10.340303897857666,-2.193464,8.537048,2.59532
1036,10.350971698760986,-2.40396,7.936656,2.478112
1037,10.360368013381958,-2.171936,7.565896,2.468544
1038,10.370270252227783,-2.143232,7.66636,2.710136
1039,10.380967378616333,-2.669472,7.747688,2.70296
1040,10.390283823013306,-3.236376,7.994064,2.5714
1041,10.400239706039429,-3.678896,8.290672,2.396784
1042,10.4108145236969,-3.92288,8.702096,2.423096
1043,10.42037034034729,-4.181216,9.175712,2.32024
1044,10.43031644821167,-4.35344,9.534512,2.20064
1045,10.440557718276978,-4.547192,9.857432,2.040376
1046,10.450151205062866,-4.43716,9.969856,2.085824
1047,10.460442781448364,-3.975504,10.132512,2.217384
1048,10.470785140991211,-3.238768,10.192312,2.449408
1049,10.48058533668518,-2.396784,10.59656,2.647944
1050,10.490291118621826,-2.052336,11.31416,2.396784
1051,10.500596761703491,-2.121704,12.062856,2.059512
1052,10.510780334472656,-2.203032,12.314016,1.731808
1053,10.520263433456421,-2.073864,11.92412,1.803568
1054,10.530784130096436,-1.868152,11.594024,2.011672
1055,10.540599346160889,-1.779648,11.37396,2.124096
1056,10.550593852996826,-1.760512,11.046256,2.167152
1057,10.560783624649048,-1.801176,10.515232,2.124096
1058,10.570488691329956,-1.703104,10.084672,2.100176
1059,10.580609321594238,-1.860976,9.955504,2.076256
1060,10.590617656707764,-2.148016,10.335832,1.868152
1061,10.600844860076904,-2.612064,10.962536,1.784432
1062,10.61030125617981,-2.691,11.500736,1.6146
1063,10.62085485458374,-2.435056,11.646648,1.588288
1064,10.630640029907227,-2.078648,11.799736,1.521312
1065,10.640758991241455,-1.738984,12.000664,1.609816
1066,10.650924444198608,-1.241448,12.0198,1.593072
1067,10.660665273666382,-0.746304,11.904984,1.41128
1068,10.670673370361328,-0.050232,11.70884,1.526096
1069,10.680837631225586,0.590824,11.572496,1.681576
1070,10.690663814544678,1.27972,11.184992,1.798784
1071,10.70060920715332,1.801176,10.682672,1.858584
1072,10.710706949234009,2.121704,10.017696,1.92556
1073,10.720619916915894,2.088216,9.31684,2.006888
1074,10.730604648590088,1.822704,8.690136,2.121704
1075,10.740824699401855,1.401712,8.202168,2.183896
1076,10.750117540359497,0.841984,7.742904,2.162368
1077,10.760265111923218,0.296608,7.431944,1.980576
1078,10.770838022232056,-0.220064,7.312344,1.954264
1079,10.780382871627808,-0.748696,7.245368,1.88968
1080,10.7904953956604,-1.155336,7.300384,1.748552
1081,10.800915718078613,-1.624168,7.386496,1.619384
1082,10.81031084060669,-1.932736,7.479784,1.50696
1083,10.820198059082031,-2.250872,7.592208,1.45912
1084,10.830734729766846,-2.336984,7.723768,1.358656
1085,10.840641021728516,-2.418312,7.805096,1.246232
1086,10.850457191467285,-2.301104,7.874464,0.942448
1087,10.860841989517212,-2.102568,8.03712,0.865904
1088,10.870651006698608,-1.906424,8.197384,0.664976
1089,10.880651712417603,-1.66244,8.3122,0.650624
1090,10.890845775604248,-1.143376,8.1328,0.315744
1091,10.900342226028442,-0.724776,7.778784,-0.557336
1092,10.910240173339844,-0.94484,8.388744,1.121848
1093,10.920835971832275,-0.96876,8.907808,0.456872
1094,10.930279016494751,-0.277472,9.802416,0.806104
1095,10.94061541557312,-1.870544,9.704344,0.772616
1096,10.950795412063599,-3.059368,9.768928,-0.14352
1097,10.96062684059143,-3.286608,10.409984,-0.22724
1098,10.970676898956299,-2.2126,10.610912,0.60996
1099,10.980836391448975,-0.949624,10.854896,1.56676
1100,10.990651607513428,-0.1794,10.816624,1.695928
1101,11.000193357467651,0.112424,10.749648,1.7342
1102,11.01083779335022,-0.040664,11.115624,1.51892
1103,11.020119667053223,-0.246376,11.976744,1.059656
1104,11.030593633651733,-0.96876,13.034008,0.94484
1105,11.040809869766235,-1.535664,13.297128,1.026168
1106,11.050361633300781,-1.679184,12.560392,1.585896
1107,11.060618877410889,-1.444768,11.689704,2.325024
1108,11.070592164993286,-0.822848,10.701808,2.868008
1109,11.080588340759277,-0.308568,9.55604,3.1694
1110,11.090212106704712,0.409032,8.400704,3.078504
1111,11.100645303726196,0.676936,7.577856,3.544944
1112,11.110380172729492,0.566904,7.061184,3.48036
1113,11.120617151260376,0.045448,7.135336,3.111992
1114,11.130851745605469,-1.04052,8.003632,2.908672
1115,11.140587568283081,-1.992536,9.402952,2.879968
1116,11.150625467300415,-2.444624,10.66832,3.183752
1117,11.16085171699524,-2.389608,11.139544,3.27704
1118,11.17063593864441,-1.772472,11.45768,3.475576
1119,11.18064260482788,-0.959192,11.842792,3.317704
1120,11.190746068954468,-0.248768,11.639472,3.104816
1121,11.200611352920532,0.062192,10.909912,2.994784
1122,11.210128545761108,0.523848,10.027264,3.100032
1123,11.22015929222107,0.894608,9.211592,3.3488
1124,11.230671882629395,1.334736,8.630336,3.757832
1125,11.24017333984375,1.439984,8.02516,4.037696
1126,11.250301122665405,1.382576,7.465432,4.040088
1127,11.260159492492676,0.973544,6.994208,4.035304
1128,11.270607233047485,0.399464,6.800456,3.942016
1129,11.28096342086792,-0.342056,6.759792,3.7674
1130,11.290334224700928,-0.959192,6.807632,3.571256
1131,11.300637245178223,-1.54284,7.046832,3.45644
1132,11.310874938964844,-2.054728,7.329088,3.55212
1133,11.320629119873047,-2.60728,7.7142,3.451656
1134,11.330647706985474,-2.08104,7.72616,2.891928
1135,11.340814352035522,-2.839304,7.565896,2.195856
1136,11.350661039352417,-2.423096,8.077784,2.717312
1137,11.360126256942749,-2.250872,8.871928,3.188536
1138,11.370873928070068,-2.817776,8.56336,2.645552
1139,11.380313158035278,-2.980432,8.022768,2.131272
1140,11.39065408706665,-2.461368,7.974928,2.289144
1141,11.40083909034729,-1.784432,8.137584,2.757976
1142,11.410246849060059,-1.631344,8.295456,3.415776
1143,11.420611381530762,-1.875328,7.819448,3.274648
1144,11.431052923202515,-2.384824,7.520448,2.982824
1145,11.44061541557312,-2.805816,7.592208,2.700568
1146,11.450645685195923,-3.176576,7.852936,2.628808
1147,11.460844039916992,-3.394248,8.372,2.839304
1148,11.47066044807434,-3.477968,8.83844,2.812992
1149,11.480607032775879,-3.537768,9.242688,2.71492
1150,11.490879774093628,-3.568864,9.761752,2.600104
1151,11.500645875930786,-3.566472,10.304736,2.485288
1152,11.510620594024658,-2.633592,10.79988,2.461368
1153,11.520841598510742,-2.231736,11.644256,2.255656
1154,11.530654430389404,-1.982968,12.572352,2.159976
1155,11.540250778198242,-1.695928,13.134472,2.035592
1156,11.550822257995605,-1.361048,13.117728,2.131272
1157,11.560279607772827,-1.011816,12.624976,2.179112
1158,11.57036304473877,-0.906568,11.952824,2.401568
1159,11.580740213394165,-0.767832,11.335688,2.585752
1160,11.590662956237793,-0.722384,10.74008,2.612064
1161,11.600667238235474,-0.827632,10.103808,2.698176
1162,11.610746622085571,-0.9568,9.67564,2.676648
1163,11.620645523071289,-1.317992,9.613448,2.382432
1164,11.630220413208008,-1.796392,9.943544,2.143232
1165,11.6408371925354,-2.064296,10.268856,1.784432
1166,11.649964809417725,-2.29632,10.675496,1.56676
1167,11.660605192184448,-2.363296,10.986456,1.466296
1168,11.67083477973938,-2.310672,11.213696,1.224704
1169,11.680570363998413,-2.157584,11.699272,0.949624
1170,11.690580129623413,-1.858584,12.046112,0.80132
1171,11.700812578201294,-1.265368,12.15136,0.791752
1172,11.710587739944458,-0.533416,12.026976,0.88504
1173,11.720580101013184,0.361192,11.773424,1.200784
1174,11.73116135597229,1.162512,11.455288,1.466296
1175,11.74015736579895,1.872936,10.917088,1.75812
1176,11.750617980957031,2.289144,10.27364,1.94948
1177,11.760832071304321,2.41592,9.486672,2.030808
1178,11.770615339279175,2.389608,8.83844,2.17672
1179,11.780575037002563,2.157584,8.21652,2.222168
1180,11.790819883346558,1.75812,7.730944,2.100176
1181,11.800085306167603,1.227096,7.530016,2.12888
1182,11.809997081756592,0.64584,7.398456,1.978184
1183,11.82087230682373,-0.081328,7.290816,1.777256
1184,11.830113649368286,-0.552552,7.333872,1.791608
1185,11.840624570846558,-0.839592,7.527624,1.6146
1186,11.850836753845215,-1.026168,7.67832,1.54284
1187,11.86020827293396,-1.02856,7.829016,1.425632
1188,11.87064242362976,-0.904176,7.831408,1.236664
1189,11.88087797164917,-0.865904,7.8936,1.35148
1190,11.89030408859253,-0.875472,7.814664,1.21992
1191,11.900648832321167,-0.851552,7.69028,1.396928
1192,11.910887241363525,-0.892216,7.659184,1.246232
1193,11.920563220977783,-0.942448,7.616128,1.18404
1194,11.93061375617981,-0.86112,7.515664,1.054872
1195,11.940801620483398,-0.918528,7.376928,0.82524
1196,11.950621128082275,0.428168,6.821984,-0.698464
1197,11.960619449615479,-1.408888,8.513128,1.236664
1198,11.970805644989014,-1.463904,10.7042,0.999856
1199,11.980284214019775,0.129168,11.507912,0.619528
1200,11.990656852722168,-1.454336,10.783136,1.62656
1201,12.000829696655273,-3.07372,9.788064,0.92092
1202,12.010654926300049,-3.602352,10.051184,0.232024
1203,12.020641088485718,-2.647944,10.412376,0.598
1204,12.030991315841675,-1.241448,11.012768,1.748552
1205,12.040613651275635,-0.004784,11.448112,2.322632
1206,12.050246715545654,0.8372,11.572496,1.724632
1207,12.060837984085083,0.7176,12.058072,1.071616
1208,12.070669889450073,-0.516672,13.306696,0.904176
1209,12.080623626708984,-1.86576,13.878384,0.76544
1210,12.090806722640991,-2.748408,12.696736,1.478256
1211,12.100322961807251,-2.710136,11.19456,2.743624
1212,12.110672235488892,-1.9734,10.546328,3.662152
1213,12.12081503868103,-0.731952,9.589528,3.942016
1214,12.13027310371399,0.397072,8.367216,3.942016
1215,12.140140533447266,1.296464,7.51088,3.607136
1216,12.150807857513428,1.416064,7.353008,3.690856
1217,12.160080194473267,0.698464,7.649616,3.255512
1218,12.170319318771362,-0.521456,8.726016,2.401568
1219,12.180868864059448,-1.837056,10.185136,2.076256
1220,12.190662145614624,-2.832128,11.161072,2.037984
1221,12.2006356716156,-2.95412,11.57728,2.41592
1222,12.211071491241455,-2.293928,11.849968,2.645552
1223,12.220636367797852,-1.023776,12.105912,2.77472
1224,12.230659246444702,0.3588,12.058072,2.707744
1225,12.240824937820435,1.425632,11.582064,2.6312
1226,12.250653505325317,2.014064,10.905128,2.949336
1227,12.260318994522095,2.301104,10.02248,3.155048
1228,12.270833253860474,2.327416,9.335976,3.580824
1229,12.280574560165405,2.05712,8.726016,3.889392
1230,12.290604591369629,1.588288,8.032336,4.207528
1231,12.301053524017334,1.054872,7.475,3.985072
1232,12.310415983200073,0.39468,7.06836,3.834376
1233,12.32028579711914,-0.401856,7.001384,3.865472
1234,12.330973863601685,-1.236664,7.027696,3.700424
1235,12.340187788009644,-1.963832,7.046832,3.592784
1236,12.350383281707764,-2.573792,7.132944,3.458832
1237,12.360994338989258,-2.913456,6.975072,3.052192
1238,12.370259761810303,-2.946944,7.204704,3.066544
1239,12.380308628082275,-1.729416,6.982248,2.322632
1240,12.390840768814087,-1.899248,6.994208,2.047552
1241,12.40038537979126,-1.392144,7.501312,2.549872
1242,12.410282850265503,-0.545376,8.14476,3.028272
1243,12.420989036560059,-0.516672,8.142368,2.729272
1244,12.430347442626953,-0.865904,7.51088,2.42788
1245,12.440407752990723,-0.743912,7.326696,2.533128
1246,12.450879573822021,-0.409032,7.589816,3.0498
1247,12.460646867752075,-0.34684,7.855328,3.219632
1248,12.470160484313965,-0.870688,8.082568,3.267472
1249,12.480828285217285,-1.449552,8.041904,3.02588
1250,12.4902925491333,-2.078648,8.28828,3.02588
1251,12.500590324401855,-2.48768,8.391136,2.753192
1252,12.510834455490112,-2.609672,8.608808,2.915848
1253,12.520601987838745,-2.590536,9.123088,2.999568
1254,12.530251264572144,-2.578576,9.402952,2.820168
1255,12.540817260742188,-2.49964,9.941152,2.827344
1256,12.550621747970581,-1.880112,10.340616,2.836912
1257,12.5606107711792,-1.083576,10.610912,2.934984
1258,12.570991516113281,-0.409032,11.029512,2.961296
1259,12.580130100250244,-0.153088,11.881064,2.88236
1260,12.59061884880066,-0.205712,12.780456,2.683824
1261,12.600802898406982,-0.303784,13.050752,2.552264
1262,12.61064887046814,-0.3588,12.758928,2.49964
1263,12.620465993881226,-0.25116,12.531688,2.504424
1264,12.630772352218628,-0.14352,12.086776,2.638376
1265,12.640017032623291,-0.04784,11.450504,2.67904
1266,12.650213241577148,0.002392,10.577424,2.801032
1267,12.66055178642273,-0.1196,9.91484,2.975648
1268,12.670580387115479,-0.303784,9.383816,2.939768
1269,12.680595636367798,-0.612352,9.491456,2.734056
1270,12.69023609161377,-1.20796,9.718696,2.255656
1271,12.700583696365356,-1.576328,10.091848,2.11692
1272,12.710654973983765,-1.748552,10.510448,1.908816
1273,12.720800638198853,-1.813136,10.936224,1.868152
1274,12.730844736099243,-1.77008,11.25436,1.837056
1275,12.740636825561523,-1.564368,11.474424,1.538056
1276,12.750800848007202,-1.3754,11.610768,1.262976
1277,12.760192394256592,-0.856336,11.622728,1.20796
1278,12.770610094070435,-0.222456,11.503128,1.193608
1279,12.780813694000244,0.447304,11.440936,1.404104
1280,12.790604829788208,0.978328,11.118016,1.62656
1281,12.800601720809937,1.394536,10.725728,2.002104
1282,12.810816287994385,1.569152,10.015304,2.203032
1283,12.820590257644653,1.490216,9.395776,2.399176
1284,12.830631732940674,1.212744,8.828872,2.396784
1285,12.84080171585083,0.868296,8.472464,2.334592
1286,12.850258111953735,0.404248,8.101704,2.258048
1287,12.860604524612427,-0.009568,7.967752,2.3322
1288,12.871150493621826,-0.440128,7.848152,2.54748
1289,12.880413055419922,-0.897,7.766824,2.609672
1290,12.890642166137695,-1.265368,7.771608,2.693392
1291,12.900823593139648,-1.576328,7.766824,2.38004
1292,12.910668134689331,-1.755728,7.747688,2.195856
1293,12.920633792877197,-1.691144,7.943832,1.920776
1294,12.930830717086792,-1.425632,8.099312,1.672008
1295,12.940610647201538,-1.074008,8.230872,1.432808
1296,12.950664043426514,-0.57408,8.309808,1.413672
1297,12.960715532302856,-0.13156,8.374392,1.454336
1298,12.970376253128052,0.258336,8.135192,1.485432
1299,12.980315208435059,0.399464,8.372,2.174328
1300,12.99086856842041,0.531024,7.838584,1.896856
1301,13.000684976577759,-0.148304,7.752472,1.992536
1302,13.010346412658691,-1.270152,9.642152,2.037984
1303,13.02088975906372,0.559728,10.259288,0.808496
1304,13.03071141242981,-0.303784,10.314304,1.892072
1305,13.04068636894226,-1.813136,9.606272,1.4352
1306,13.050370216369629,-2.430272,9.524944,0.444912
1307,13.060657501220703,-1.593072,9.745008,0.511888
1308,13.070684671401978,-0.07176,10.295168,1.492608
1309,13.08110761642456,1.169688,10.854896,2.329808
1310,13.090649366378784,2.114528,11.05104,2.22456
1311,13.100618124008179,2.090608,11.45768,1.724632
1312,13.110857248306274,1.133808,12.507768,1.616992
1313,13.120706558227539,-0.177008,13.40716,1.51892
1314,13.13066291809082,-1.081184,13.112944,1.573936
1315,13.140846014022827,-1.129024,12.05568,2.241304
1316,13.150685548782349,-0.588432,11.256752,3.212456
1317,13.160301446914673,0.425776,10.331048,3.769792
1318,13.170952081680298,1.535664,8.996312,4.171648
1319,13.180673122406006,2.513992,7.862504,4.406064
1320,13.190619468688965,3.076112,7.190352,4.525664
1321,13.200866937637329,2.90628,7.111416,4.575896
1322,13.210233926773071,2.04516,7.704632,4.178824
1323,13.22060251235962,1.164904,8.986744,3.843944
1324,13.230651140213013,0.461656,10.531976,3.686072
1325,13.24060583114624,0.105248,11.366784,3.74348
1326,13.250643014907837,0.356408,11.414624,3.652584
1327,13.26090407371521,0.947232,11.192168,3.662152
1328,13.270264625549316,1.595464,10.804664,3.556904
1329,13.280636310577393,1.858584,10.187528,3.499496
1330,13.290722608566284,1.966224,9.362288,3.628664
1331,13.300670385360718,1.69832,8.668608,3.810456
1332,13.310643196105957,1.609816,7.986888,3.915704
1333,13.320709943771362,1.581112,7.381712,4.059224
1334,13.330276012420654,1.485432,6.838728,3.963544
1335,13.34061336517334,1.45912,6.49428,4.099888
1336,13.350603342056274,1.21992,6.286176,4.10228
1337,13.360092163085938,0.98072,6.109168,3.762616
1338,13.37061357498169,0.325312,6.439264,4.052048
1339,13.38072919845581,0.772616,6.479928,3.602352
1340,13.39064073562622,-0.337272,6.128304,3.100032
1341,13.400687217712402,-0.76544,5.999136,3.056976
1342,13.410744428634644,-0.74152,7.14012,4.22188
1343,13.420661926269531,-1.174472,7.864896,4.229056
1344,13.430674314498901,-1.576328,7.640048,3.554512
1345,13.440719604492188,-1.784432,7.281248,3.279432
1346,13.450352191925049,-1.406496,7.43912,3.442088
1347,13.460282802581787,-1.119456,7.994064,3.930056
1348,13.470909833908081,-1.074008,8.14476,4.09032
1349,13.480586528778076,-0.963976,8.017984,4.095104
1350,13.49052119255066,-1.050088,7.939048,4.145336
1351,13.500735998153687,-1.413672,7.707024,4.16208
1352,13.5106360912323,-1.82988,7.668752,4.140552
1353,13.520631551742554,-1.896856,7.802704,4.142944
1354,13.530613899230957,-1.904032,8.101704,4.267328
1355,13.540637731552124,-1.62656,8.328944,4.231448
1356,13.55064845085144,-1.186432,8.565752,4.307992
1357,13.560831546783447,-0.722384,8.857576,4.10228
1358,13.570646524429321,-0.39468,9.218768,3.858296
1359,13.580518007278442,-0.162656,9.78328,3.71956
1360,13.590753078460693,0.126776,10.192312,3.454048
1361,13.600619792938232,0.60996,10.603736,3.461224
1362,13.61069107055664,1.062048,11.3022,3.329664
1363,13.620749473571777,1.251016,12.558,3.083288
1364,13.630672693252563,1.260584,13.397592,2.937376
1365,13.640690565109253,1.416064,13.61048,2.875184
1366,13.650941371917725,1.497392,13.22776,2.84648
1367,13.660732746124268,1.516528,12.409696,2.868008
1368,13.67051887512207,1.822704,11.14672,2.927808
1369,13.680745840072632,2.040376,10.311912,3.035448
1370,13.690623044967651,1.772472,9.661288,2.958904
1371,13.700634241104126,0.963976,9.446008,2.82256
1372,13.710728883743286,0.002392,9.59192,2.662296
1373,13.720672130584717,-0.868296,10.168392,2.705352
1374,13.730692863464355,-1.428024,10.759216,2.540304
1375,13.74075984954834,-1.595464,11.369176,2.604888
1376,13.750675201416016,-1.308424,11.811696,2.549872
1377,13.760206699371338,-0.975936,12.10352,2.394392
1378,13.770926713943481,-0.6578,12.215944,2.174328
1379,13.78020191192627,-0.435344,12.323584,2.16476
1380,13.790720224380493,-0.232024,12.30684,2.20064
1381,13.800918579101562,0.1196,12.084384,2.35612
1382,13.810359001159668,0.5382,11.584456,2.454192
1383,13.820703506469727,1.169688,11.127584,2.664688
1384,13.83092737197876,1.538056,10.481744,2.944552
1385,13.840637683868408,1.628952,9.77132,3.119168
1386,13.850673198699951,1.511744,9.022624,3.150264
1387,13.860891103744507,1.155336,8.2524,3.24116
1388,13.870314359664917,0.70564,7.620912,3.152656
1389,13.8806471824646,0.126776,7.156864,3.111992
1390,13.890861749649048,-0.497536,6.850688,3.08568
1391,13.90064024925232,-1.152944,6.546904,2.961296
1392,13.910662651062012,-1.68636,6.467968,2.863224
1393,13.920756816864014,-2.040376,6.4584,2.64316
1394,13.93065333366394,-2.035592,6.594744,2.315456
1395,13.940661907196045,-1.971008,6.953544,2.066688
1396,13.950824737548828,-1.636128,7.278856,1.92556
1397,13.960649251937866,-1.332344,7.561112,1.703104
1398,13.970355987548828,-1.12424,7.76204,1.59068
1399,13.981083393096924,-0.92092,7.886424,1.42324
1400,13.990139484405518,-0.808496,7.78596,1.432808
1401,14.000645160675049,-0.614744,7.707024,1.107496
1402,14.01085114479065,-1.10032,8.183032,2.566616
1403,14.020293951034546,-0.14352,6.762184,1.02856
1404,14.030630111694336,-0.937664,7.541976,1.681576
1405,14.040868043899536,-0.184184,9.386208,1.822704
1406,14.050638914108276,0.404248,10.072712,1.023776
1407,14.060665845870972,-0.696072,10.01052,1.463904
1408,14.070863962173462,-2.387216,9.71152,1.02856
1409,14.080644369125366,-3.518632,9.948328,0.40664
1410,14.090394735336304,-3.18136,10.39324,0.605176
1411,14.10085415840149,-1.930344,11.019944,1.789216
1412,14.110677003860474,-0.571688,11.330904,2.911064
1413,14.120682954788208,0.507104,11.213696,2.79864
1414,14.130918741226196,0.68172,10.950576,2.425488
1415,14.14066767692566,0.20332,11.115624,1.882504
1416,14.150655746459961,-0.868296,12.275744,1.301248
1417,14.160755395889282,-2.002104,13.74204,0.9568
1418,14.170624017715454,-2.76276,13.19188,1.557192
1419,14.18013620376587,-2.382432,11.295024,3.035448
1420,14.190855026245117,-1.176864,9.773712,4.360616
1421,14.20064091682434,0.234416,8.7308,4.83184
1422,14.210603713989258,1.349088,7.840976,4.745728
1423,14.220831871032715,1.741376,7.130552,4.415632
1424,14.230652570724487,1.205568,6.735872,4.229056
1425,14.240634441375732,-0.057408,7.297992,4.028128
1426,14.250763654708862,-1.41128,9.063288,3.736304
1427,14.260651588439941,-2.705352,11.184992,3.470792
1428,14.270307779312134,-3.638232,12.239864,3.454048
1429,14.280775308609009,-3.549728,12.213552,3.796104
1430,14.290337085723877,-2.908672,12.182456,3.820024
1431,14.300098180770874,-1.904032,12.0796,3.65976
1432,14.310891389846802,-1.126632,11.428976,3.289
1433,14.320656299591064,-0.614744,10.407592,3.236376
1434,14.330678701400757,-0.100464,9.359896,3.257904
1435,14.340878248214722,0.32292,8.58728,3.155048
1436,14.350635051727295,0.961584,7.94144,3.267472
1437,14.360645532608032,1.593072,7.48696,3.329664
1438,14.370894193649292,2.030808,7.125768,3.482752
1439,14.380107402801514,1.94948,6.881784,3.547336
1440,14.390676259994507,1.60264,6.740656,3.489928
1441,14.40089225769043,0.80132,6.755008,3.48036
1442,14.410647630691528,-0.014352,6.798064,3.451656
1443,14.42066216468811,-0.68172,6.886568,3.37272
1444,14.430896282196045,-1.145768,7.065968,3.202888
1445,14.440667390823364,-1.3754,7.207096,2.949336
1446,14.450364589691162,-1.262976,7.350616,2.746016
1447,14.460869550704956,-0.947232,7.64244,2.700568
1448,14.470568656921387,-0.6578,7.895992,2.717312
1449,14.4806969165802,-0.473616,8.235656,3.092856
1450,14.490899562835693,-0.45448,8.427016,3.147872
1451,14.500688791275024,-0.528632,8.27632,2.817776
1452,14.510690450668335,-0.846768,8.281104,3.195712
1453,14.520891427993774,-0.44252,8.326552,3.2292
1454,14.53064775466919,-0.947232,8.003632,2.875184
1455,14.540662288665771,-0.916136,8.319376,3.250728
1456,14.550872325897217,-1.14816,9.158968,3.774576
1457,14.560091495513916,-2.17672,9.24508,3.745872
1458,14.570514678955078,-2.803424,8.285888,2.363296
1459,14.581133365631104,-3.222024,9.072856,3.190928
1460,14.5906662940979,-3.3488,9.369464,2.863224
1461,14.600695371627808,-3.236376,9.658896,2.812992
1462,14.610889911651611,-3.03784,10.230584,2.805816
1463,14.620374202728271,-2.891928,10.565464,2.73884
1464,14.630644083023071,-2.729272,10.809448,2.827344
1465,14.6408531665802,-2.23652,10.744864,2.875184
1466,14.650643587112427,-1.870544,10.866856,2.746016
1467,14.660645246505737,-1.894464,11.7208,2.485288
1468,14.67075800895691,-2.006888,12.651288,2.375256
1469,14.680667638778687,-1.801176,13.045968,2.267616
1470,14.690290451049805,-1.425632,12.873744,2.18868
1471,14.700772285461426,-0.952016,12.493416,2.219776
1472,14.710668802261353,-0.571688,11.928904,2.375256
1473,14.720681428909302,-0.320528,11.268712,2.425488
1474,14.730750322341919,-0.315744,10.68028,2.542696
1475,14.740642309188843,-0.234416,10.163608,2.238912
1476,14.750632047653198,-0.138736,10.268856,2.131272
1477,14.760771751403809,-0.232024,10.701808,2.054728
1478,14.77034616470337,-0.528632,11.295024,2.066688
1479,14.78066372871399,-0.87308,11.790168,1.99732
1480,14.790741205215454,-1.071616,11.916944,1.815528
1481,14.80032992362976,-1.188824,12.156144,1.504568
1482,14.81067967414856,-0.516672,11.653824,0.815672
1483,14.820750951766968,-0.057408,12.208768,1.573936
1484,14.830655574798584,-0.105248,12.04372,1.583504
1485,14.840678691864014,0.3588,11.584456,1.12424
1486,14.85075569152832,0.93288,11.400272,1.425632
1487,14.860633134841919,1.502176,11.065392,1.882504
1488,14.87060809135437,1.573936,10.409984,2.112136
1489,14.880666971206665,1.561976,9.596704,2.226952
1490,14.890663385391235,1.349088,8.977176,2.222168
1491,14.90064001083374,1.035736,8.331336,2.174328
1492,14.910858392715454,0.815672,7.82184,2.219776
1493,14.92061471939087,0.471224,7.396064,2.143232
1494,14.930316925048828,0.117208,7.049224,2.138448
1495,14.940748453140259,-0.236808,6.82916,2.061904
1496,14.950616121292114,-0.56212,6.783712,2.052336
1497,14.960621118545532,-0.954408,6.764576,2.100176
1498,14.970744371414185,-1.3156,6.790888,1.899248
1499,14.98065972328186,-1.528488,6.991816,1.71028
1500,14.99034857749939,-1.621776,7.087496,1.631344
