//Date Created 2022-12-09 13:20:10.985907
"//Units: sec, m/s/s"
Action,walking
SampleRate,100.0
Frames#,Time,AccX,AccY,AccZ
1,3.814697265625e-06,2.042768,6.491888,7.475
2,0.009025335311889648,1.416064,5.779072,7.369752
3,0.018097877502441406,1.298856,5.269576,7.195136
4,0.028089523315429688,1.095536,4.56872,6.472752
5,0.038897037506103516,1.239056,4.214704,6.216808
6,0.04813075065612793,1.875328,3.999424,6.0996
7,0.05831027030944824,2.628808,4.193176,6.695208
8,0.06900572776794434,3.829592,4.195568,3.709992
9,0.07829141616821289,3.69564,4.492176,2.698176
10,0.08826637268066406,3.367936,5.367648,2.36808
11,0.09892725944519043,2.64316,6.678464,1.717456
12,0.10848689079284668,2.353728,8.919768,0.973544
13,0.11852002143859863,1.75812,12.359464,-0.002392
14,0.12888002395629883,1.573936,15.292056,-1.559584
15,0.13836216926574707,2.693392,15.1294,-1.74616
16,0.14833855628967285,4.910776,12.842648,-0.133952
17,0.15888619422912598,7.226232,11.849968,2.054728
18,0.16846990585327148,8.876712,11.931296,3.442088
19,0.17846941947937012,9.338368,11.462464,4.016168
20,0.18882322311401367,8.979568,9.953112,4.427592
21,0.19845843315124512,8.209344,8.584888,5.15476
22,0.20819568634033203,7.214272,7.879248,5.958472
23,0.21899628639221191,5.963256,7.919912,6.044584
24,0.2282099723815918,4.7242,8.675784,5.707312
25,0.23847103118896484,3.580824,9.570392,5.695352
26,0.2488725185394287,2.946944,10.240152,5.8604
27,0.25835299491882324,2.72688,10.20188,5.793424
28,0.26848626136779785,2.621632,9.7474,5.838872
29,0.27898168563842773,2.73884,9.374248,5.673824
30,0.2884824275970459,2.911064,9.37664,5.348512
31,0.2984604835510254,3.08568,9.570392,4.781608
32,0.30899786949157715,3.13352,9.620624,4.374968
33,0.3183624744415283,3.09764,9.536904,4.152512
34,0.3281440734863281,2.95412,9.3886,3.781752
35,0.33887553215026855,2.841696,9.199632,3.537768
36,0.34836483001708984,2.561832,8.924552,3.415776
37,0.35851407051086426,2.561832,8.529872,3.236376
38,0.36901283264160156,2.789072,8.281104,3.123952
39,0.37844324111938477,3.054584,7.8338,3.009136
40,0.38828420639038086,3.439696,7.317128,2.597712
41,0.39887189865112305,3.944408,6.731088,2.30828
42,0.40844058990478516,4.56872,5.984784,2.270008
43,0.418393611907959,5.425056,4.956224,2.516384
44,0.428999662399292,6.061328,3.765008,2.557048
45,0.43843936920166016,6.592352,2.315456,2.382432
46,0.4484434127807617,7.006168,0.794144,1.413672
47,0.4590599536895752,6.898528,-0.16744,0.253552
48,0.4683265686035156,6.534944,0.050232,-0.461656
49,0.4784431457519531,5.542264,2.186288,0.028704
50,0.48897409439086914,4.171648,6.20724,-0.49036
51,0.4984431266784668,1.822704,19.594666,-1.784432
52,0.5084612369537354,-0.124384,19.594666,-1.81792
53,0.5188717842102051,-0.49036,15.3088,2.67904
54,0.5284521579742432,-0.990288,13.720512,4.501744
55,0.5384254455566406,-0.696072,15.674776,4.5448
56,0.5490148067474365,0.375544,15.014584,5.33416
57,0.5584731101989746,1.6744,12.23508,5.58532
58,0.5684363842010498,4.023344,9.9268,6.656936
59,0.5788819789886475,6.690424,8.596848,6.551688
60,0.5884900093078613,8.422232,7.948616,5.10692
61,0.5984377861022949,8.15672,7.568288,3.882216
62,0.6088657379150391,6.405776,6.86504,3.140696
63,0.6181614398956299,4.35344,6.412952,2.578576
64,0.6281278133392334,2.58336,6.137872,2.473328
65,0.6388611793518066,1.396928,5.93216,3.059368
66,0.6482052803039551,0.743912,6.128304,3.63584
67,0.658210277557373,0.177008,5.606848,3.293784
68,0.6690080165863037,-1.198392,4.379752,3.100032
69,0.6783790588378906,-1.35148,4.441944,4.07836
70,0.6884517669677734,-1.062048,4.77204,3.774576
71,0.69887375831604,-0.882648,5.288712,3.63584
72,0.708284854888916,-0.899392,5.592496,3.717168
73,0.7186293601989746,-1.358656,5.649904,3.68368
74,0.7289953231811523,-1.306032,5.88432,3.80328
75,0.7384326457977295,-1.186432,6.279,3.915704
76,0.7485442161560059,-1.392144,7.046832,3.848728
77,0.7584493160247803,-2.217384,8.183032,3.717168
78,0.7682700157165527,-3.212456,9.572784,3.040232
79,0.7784414291381836,-4.358224,10.79988,2.458976
80,0.788926362991333,-5.448976,11.400272,2.18868
81,0.7984664440155029,-5.807776,11.05104,2.114528
82,0.8084588050842285,-5.654688,10.897952,2.468544
83,0.8188743591308594,-5.039944,10.582208,2.466152
84,0.8281826972961426,-4.618952,10.448256,2.411136
85,0.838444709777832,-4.3654,10.33344,2.026024
86,0.8488743305206299,-4.248192,10.15404,1.609816
87,0.8583953380584717,-4.728984,11.144328,1.109888
88,0.868234395980835,-5.460936,13.440648,0.08372
89,0.8789699077606201,-6.20724,15.61976,-0.504712
90,0.8890559673309326,-6.130696,15.167672,0.607568
91,0.8984251022338867,-5.054296,13.600912,2.100176
92,0.9084157943725586,-3.80328,13.10816,2.624024
93,0.9184145927429199,-3.02588,13.376064,2.561832
94,0.9283747673034668,-2.987608,13.823368,2.1528
95,0.9390075206756592,-3.059368,14.5314,1.65048
96,0.9483060836791992,-3.375112,15.22508,1.502176
97,0.95845627784729,-3.257904,14.947608,1.44716
98,0.9689846038818359,-3.150264,14.75864,1.640912
99,0.9784319400787354,-2.43984,14.44768,1.808352
100,0.9884068965911865,-1.356264,14.08888,2.372864
101,0.998837947845459,0.44252,13.194272,3.009136
102,1.008430004119873,2.363296,11.885848,3.824808
103,1.0184454917907715,3.999424,10.493704,4.355832
104,1.0290429592132568,4.659616,9.156576,4.348656
105,1.0383949279785156,4.58068,7.718984,4.04248
106,1.0484049320220947,3.846336,6.424912,3.776968
107,1.058915615081787,2.868008,5.575752,3.62388
108,1.0683953762054443,1.784432,4.896424,3.466008
109,1.0784153938293457,0.70564,4.408456,3.43252
110,1.088984727859497,-0.476008,4.142944,3.590392
111,1.09895658493042,-1.559584,3.942016,3.497104
112,1.1083242893218994,-2.363296,3.908528,3.052192
113,1.1188712120056152,-3.167008,4.116632,2.229344
114,1.1284396648406982,-3.71956,4.595032,1.408888
115,1.1384432315826416,-4.044872,5.559008,0.712816
116,1.148888111114502,-3.93484,7.058792,0.361192
117,1.1584348678588867,-3.243552,8.998704,0.129168
118,1.1683428287506104,-2.360904,10.543936,0.057408
119,1.1788372993469238,-1.131416,10.594168,0.253552
120,1.1882710456848145,0.339664,9.706736,0.110032
121,1.1983003616333008,1.368224,9.247472,-0.342056
122,1.2088124752044678,1.98536,9.383816,-0.45448
123,1.2180778980255127,2.014064,9.539296,0.086112
124,1.2283222675323486,1.837056,9.096776,0.995072
125,1.2390093803405762,1.621776,8.077784,1.971008
126,1.248248815536499,1.899248,6.7574,2.179112
127,1.2582881450653076,2.325024,5.374824,1.688752
128,1.2690424919128418,2.449408,5.068648,1.655264
129,1.278092384338379,3.01392,6.319664,0.923312
130,1.2882664203643799,2.757976,10.204272,1.286896
131,1.298870325088501,1.72224,17.076488,1.294072
132,1.3084354400634766,0.456872,19.594666,1.640912
133,1.3184328079223633,-0.44252,16.406729,3.588
134,1.3290221691131592,-0.662584,15.636504,4.061616
135,1.3384475708007812,-0.966368,17.550104,3.690856
136,1.3482685089111328,-2.006888,17.241535,4.15012
137,1.3589773178100586,-2.336984,15.591056,4.458688
138,1.3684062957763672,-0.906568,14.313728,5.42984
139,1.3783955574035645,1.325168,13.062712,6.29096
140,1.3882510662078857,3.159832,11.175424,6.549296
141,1.3984019756317139,4.458688,9.31684,6.133088
142,1.4082677364349365,5.23848,8.446152,5.771896
143,1.4189834594726562,5.463328,7.860112,5.04712
144,1.4282610416412354,5.01124,6.726304,4.549584
145,1.4383742809295654,4.494568,5.8604,4.721808
146,1.448976993560791,3.867864,5.379608,5.10692
147,1.458397388458252,4.040088,5.48964,4.882072
148,1.468383550643921,2.502032,4.571112,4.583072
149,1.4794130325317383,1.7342,3.97072,4.049656
150,1.4884138107299805,1.528488,4.166864,4.50892
151,1.4984230995178223,1.633736,5.367648,5.173896
152,1.5082154273986816,-0.301392,5.41788,4.901208
153,1.5184435844421387,-2.322632,2.143232,-1.468688
154,1.5284535884857178,-2.10496,6.369896,4.563936
155,1.5384283065795898,0.15548,8.845616,4.420416
156,1.5484285354614258,-0.58604,9.991384,4.374968
157,1.5584568977355957,-2.588144,9.742616,2.049944
158,1.5690288543701172,-4.583072,9.912448,1.930344
159,1.5783970355987549,-5.709704,10.122944,1.794
160,1.588219404220581,-6.090032,9.859824,1.487824
161,1.5989809036254883,-5.673824,9.11352,1.344304
162,1.6084020137786865,-4.865328,8.1328,1.42324
163,1.6183862686157227,-3.927664,7.503704,1.81792
164,1.629056453704834,-3.095248,7.496528,1.930344
165,1.6383850574493408,-2.772328,7.955792,1.827488
166,1.6484317779541016,-2.958904,8.51552,1.619384
167,1.659034013748169,-3.44448,9.237904,1.18404
168,1.6682710647583008,-4.291248,10.223408,0.349232
169,1.6784119606018066,-5.460936,11.584456,-0.940056
170,1.6890373229980469,-6.372288,13.569816,-1.834664
171,1.698167085647583,-7.166432,15.22508,-2.028416
172,1.7083115577697754,-7.443904,15.268136,-2.083432
173,1.7188804149627686,-7.398456,14.763424,-1.66244
174,1.728358268737793,-7.25972,14.560104,-1.695928
175,1.7383804321289062,-7.070752,15.375776,-1.557192
176,1.7489044666290283,-6.372288,16.177095,-1.301248
177,1.7584185600280762,-4.681144,16.648319,-0.674544
178,1.7684166431427002,-2.48768,16.435432,0.078936
179,1.7790310382843018,-0.138736,15.940288,0.892216
180,1.7881624698638916,2.016456,15.031328,1.645696
181,1.7981908321380615,3.308136,14.261104,2.812992
182,1.8090286254882812,4.683536,12.682384,3.733912
183,1.818171739578247,5.475288,10.969712,4.408456
184,1.8280653953552246,5.5016,9.512984,4.93948
185,1.8389971256256104,4.95144,8.1926,5.051904
186,1.8483972549438477,4.052048,7.08032,4.824664
187,1.8582918643951416,2.973256,6.200064,4.91556
188,1.8688993453979492,1.98536,5.527912,5.157152
189,1.8782620429992676,0.662584,4.89164,5.348512
190,1.8883371353149414,-0.66976,4.15012,5.303064
191,1.898857831954956,-1.846624,3.461224,5.054296
192,1.9078943729400635,-2.781896,2.652728,4.929912
193,1.9179785251617432,-3.525808,1.844232,4.008992
194,1.928990364074707,-4.22188,1.45912,3.107208
195,1.9383463859558105,-4.451512,2.107352,2.399176
196,1.9482502937316895,-4.186,3.829592,1.774864
197,1.9590117931365967,-3.554512,6.427304,1.12424
198,1.9683897495269775,-2.67904,10.472176,0.559728
199,1.9784014225006104,-0.342056,16.799017,-0.050232
200,1.989025592803955,0.708032,12.670424,0.686504
201,1.9983978271484375,1.365832,11.11084,0.516672
202,2.0084469318389893,0.8372,11.687312,1.241448
203,2.019024610519409,1.306032,11.771032,0.380328
204,2.0284266471862793,2.214992,11.572496,0.337272
205,2.038381576538086,3.004352,10.603736,1.296464
206,2.0490150451660156,3.506672,9.685208,1.65048
207,2.0583808422088623,2.961296,8.388744,1.50696
208,2.068288564682007,2.047552,7.51088,1.463904
209,2.078883647918701,1.33952,7.817056,1.131416
210,2.0884134769439697,1.093144,9.862216,1.210352
211,2.0984134674072266,1.59068,13.146432,1.451944
212,2.108889102935791,2.004496,15.83504,1.741376
213,2.1183578968048096,1.538056,15.815904,2.018848
214,2.128436326980591,0.660192,15.03372,2.566616
215,2.138871192932129,-0.007176,15.3088,2.40396
216,2.1482348442077637,-0.581256,16.033575,2.11692
217,2.158393383026123,-1.27972,15.600624,2.289144
218,2.1689956188201904,-1.918384,14.134328,3.006744
219,2.1783857345581055,-2.049944,12.842648,3.470792
220,2.188220977783203,-1.65048,11.881064,3.379896
221,2.1990249156951904,-1.750944,10.175568,3.757832
222,2.208265542984009,-1.217528,8.929336,5.283928
223,2.2181930541992188,0.46644,8.393528,6.479928
224,2.2290422916412354,1.6744,7.962968,6.30292
225,2.2383220195770264,2.004496,7.183176,5.41788
226,2.2484185695648193,1.834664,6.281392,4.523272
227,2.2588939666748047,1.205568,4.977752,3.810456
228,2.268404006958008,0.772616,3.961152,3.554512
229,2.278320074081421,1.473472,4.183608,4.152512
230,2.289020538330078,1.454336,3.75544,4.566328
231,2.2986347675323486,1.306032,3.513848,4.750512
232,2.308253049850464,2.348944,4.463472,4.721808
233,2.31893253326416,2.392,4.968184,4.709848
234,2.3284108638763428,5.221736,9.93876,4.286464
235,2.3384203910827637,0.497536,6.501456,6.343584
236,2.34901762008667,1.143376,7.477392,5.044728
237,2.3584141731262207,0.775008,8.027552,1.825096
238,2.3684051036834717,-1.026168,8.465288,1.251016
239,2.379035234451294,-2.94216,8.936512,2.219776
240,2.388310670852661,-3.9468,9.237904,2.820168
241,2.3984293937683105,-5.200208,9.237904,2.399176
242,2.409027099609375,-6.137872,9.977032,2.167152
243,2.4181573390960693,-7.274072,10.773568,1.87772
244,2.428269147872925,-8.47964,11.005592,1.32756
245,2.4389054775238037,-8.668608,11.271104,1.392144
246,2.4482507705688477,-8.340904,11.424192,1.652872
247,2.458362579345703,-7.309952,10.187528,1.813136
248,2.469053030014038,-6.168968,9.044152,2.234128
249,2.4784469604492188,-5.3222,8.226088,2.26044
250,2.488438844680786,-5.090176,8.020376,1.947088
251,2.4989304542541504,-5.795816,8.642296,1.119456
252,2.5084235668182373,-7.097064,10.730512,0.150696
253,2.5182440280914307,-7.998848,13.775528,-0.86112
254,2.529024124145508,-8.381568,15.51212,-1.296464
255,2.5383052825927734,-7.838584,15.203552,-0.9568
256,2.548340082168579,-7.470216,14.7706,-0.554944
257,2.558875322341919,-8.056256,15.103088,-0.889824
258,2.568443775177002,-9.118304,15.528864,-1.361048
259,2.578434705734253,-8.59924,16.047928,-1.320384
260,2.5889670848846436,-6.054152,17.083664,-0.892216
261,2.598459243774414,-2.492464,17.861065,-0.643448
262,2.608325481414795,0.846768,17.789305,-0.399464
263,2.6188809871673584,3.686072,17.066919,0.327704
264,2.628307342529297,5.903456,15.59584,2.100176
265,2.6384127140045166,7.238192,13.533936,4.15012
266,2.649054765701294,7.637656,11.393096,5.762328
267,2.6583900451660156,7.577856,9.479496,6.405776
268,2.66837477684021,7.030088,7.752472,6.621056
269,2.679006338119507,6.14744,6.415344,6.587568
270,2.688375949859619,4.917952,5.700136,6.5182
271,2.69820237159729,3.394248,4.937088,6.412952
272,2.7090609073638916,1.899248,4.202744,6.197672
273,2.7184062004089355,0.456872,3.20528,5.783856
274,2.7284486293792725,-0.751088,2.351336,5.377216
275,2.7390589714050293,-1.815528,1.882504,4.599816
276,2.7484614849090576,-2.836912,1.473472,2.91824
277,2.758455276489258,-2.856048,3.640624,6.70956
278,2.7690556049346924,-3.997032,2.781896,1.176864
279,2.7784414291381836,-4.74812,3.698032,0.440128
280,2.7882187366485596,-4.79596,5.66904,1.918384
281,2.7989213466644287,-3.0498,7.716592,1.801176
282,2.8083853721618652,-2.502032,10.051184,0.806104
283,2.8183977603912354,-1.7342,12.225512,-0.516672
284,2.82840633392334,-2.633592,13.399984,-0.212888
285,2.8384273052215576,-3.028272,11.86432,-0.172224
286,2.8484115600585938,-2.628808,10.917088,0.196144
287,2.8589401245117188,-1.798784,10.792704,0.497536
288,2.8682634830474854,0.255944,10.510448,0.519064
289,2.878336191177368,0.818064,10.658752,0.868296
290,2.8890345096588135,1.660048,10.419552,0.858728
291,2.898369312286377,0.58604,10.350184,1.140984
292,2.9083917140960693,0.686504,9.814376,0.746304
293,2.9190142154693604,0.758264,9.486672,0.961584
294,2.928386688232422,1.294072,9.984208,0.46644
295,2.938159227371216,1.298856,11.969568,0.459264
296,2.9489734172821045,1.097928,14.323296,-0.021528
297,2.9584336280822754,0.894608,14.923688,-0.007176
298,2.9684455394744873,0.229632,14.026688,1.1362
299,2.9790027141571045,-0.004784,12.60584,1.317992
300,2.9883880615234375,-0.397072,12.337936,1.502176
301,2.9984021186828613,-1.057264,13.022048,1.583504
302,3.009045124053955,-1.772472,13.58656,1.33952
303,3.0181353092193604,-2.824952,13.380848,2.198248
304,3.028316020965576,-3.183752,12.074816,2.652728
305,3.0390067100524902,-3.24116,11.048648,2.83452
306,3.0482304096221924,-2.863224,10.936224,3.425344
307,3.058302164077759,-2.066688,10.407592,4.511312
308,3.0689988136291504,-1.109888,9.680424,5.891496
309,3.0782952308654785,-0.198536,8.489208,6.520592
310,3.088409185409546,0.698464,7.101848,6.7574
311,3.098982095718384,1.48304,5.398744,6.197672
312,3.1094346046447754,2.968472,5.279144,5.898672
313,3.1183485984802246,2.49964,4.408456,4.494568
314,3.1283488273620605,2.346552,3.980288,4.367792
315,3.138430118560791,2.789072,4.396496,5.759936
316,3.1484391689300537,2.43984,5.097352,6.680856
317,3.1590466499328613,1.145768,5.087784,5.817344
318,3.1684069633483887,-0.425776,4.717024,4.74812
319,3.1784279346466064,-1.832272,4.827056,4.561544
320,3.1891653537750244,-2.076256,5.805384,4.958616
321,3.198415756225586,-1.664832,9.192456,5.109312
322,3.2083353996276855,-0.827632,10.07032,3.913312
323,3.2188198566436768,-2.219776,11.046256,1.870544
324,3.2282540798187256,-4.217096,11.275888,1.042912
325,3.238416910171509,-5.683392,10.701808,1.521312
326,3.2490475177764893,-6.305312,10.50088,1.942304
327,3.258450746536255,-6.013488,10.50088,1.911208
328,3.2682769298553467,-5.391568,10.395632,1.813136
329,3.2791030406951904,-4.784,10.15404,2.071472
330,3.2886955738067627,-4.384536,10.07032,2.396784
331,3.298255205154419,-4.107064,9.893312,2.313064
332,3.309030294418335,-4.083144,9.355112,1.825096
333,3.3184070587158203,-4.422808,9.11352,1.270152
334,3.3284213542938232,-5.025592,9.582352,0.684112
335,3.3388736248016357,-5.719272,10.158824,0.220064
336,3.349109172821045,-6.288568,10.862072,-0.416208
337,3.3584346771240234,-6.807632,12.404912,-1.081184
338,3.3690531253814697,-6.879392,14.143896,-1.258192
339,3.378431558609009,-6.412952,14.859104,-0.868296
340,3.388427734375,-5.425056,14.756248,-0.198536
341,3.3988966941833496,-4.097496,14.744288,0.815672
342,3.408449172973633,-3.028272,15.373384,1.193608
343,3.418452739715576,-2.42788,16.043144,0.559728
344,3.429074287414551,-1.640912,16.456961,0.397072
345,3.439088821411133,-0.629096,16.763136,0.648232
346,3.4484307765960693,0.559728,16.37324,1.150552
347,3.4590511322021484,1.258192,15.39252,1.930344
348,3.468409538269043,1.643304,14.265888,2.528344
349,3.478407144546509,2.2724,13.225368,2.83452
350,3.489006996154785,3.18136,12.046112,3.583216
351,3.4984006881713867,4.3056,10.814232,4.300816
352,3.5083181858062744,5.1428,9.534512,4.272112
353,3.519012928009033,5.389176,8.008416,4.095104
354,3.528395414352417,4.781608,6.800456,3.975504
355,3.538390636444092,3.518632,5.84844,4.004208
356,3.5490376949310303,2.0332,5.05908,4.040088
357,3.558398485183716,0.46644,4.312776,4.44912
358,3.56840443611145,-0.86112,3.32488,4.494568
359,3.5789012908935547,-1.81792,2.399176,4.028128
360,3.5882420539855957,-2.757976,1.380184,3.544944
361,3.59845232963562,-3.829592,0.940056,3.255512
362,3.609081268310547,-4.561544,0.856336,5.085392
363,3.618255853652954,-3.918096,2.413528,5.307848
364,3.6284399032592773,-3.434912,4.324736,1.262976
365,3.6390879154205322,-3.525808,6.499064,-1.14816
366,3.6483993530273438,-2.997176,11.883456,1.557192
367,3.6583914756774902,-1.047696,15.957032,1.688752
368,3.6690664291381836,0.531024,14.935648,1.760512
369,3.6784143447875977,1.820312,11.400272,1.495
370,3.688408851623535,2.30828,9.967464,1.06444
371,3.6990816593170166,2.04516,10.170784,0.554944
372,3.7084121704101562,1.963832,10.496096,0.088504
373,3.7183477878570557,1.53088,11.094096,0.691288
374,3.729043483734131,1.767688,10.981672,0.736736
375,3.7384085655212402,2.002104,10.689848,1.717456
376,3.748300075531006,2.418312,9.931584,2.095392
377,3.75913143157959,2.480504,9.118304,1.155336
378,3.768432378768921,2.736448,9.596704,0.72956
379,3.7782111167907715,2.683824,11.244792,1.258192
380,3.789077043533325,2.585752,13.493272,1.724632
381,3.7984416484832764,2.279576,15.012192,1.559584
382,3.80826997756958,1.844232,15.253784,1.593072
383,3.8189196586608887,1.404104,15.354248,2.20064
384,3.828308343887329,1.17208,16.0264,3.006744
385,3.8383467197418213,0.672152,16.70812,3.281824
386,3.8490829467773438,-0.373152,16.794231,3.238768
387,3.8584530353546143,-1.511744,14.995448,3.592784
388,3.868408679962158,-2.04516,12.64172,3.853512
389,3.878950595855713,-2.214992,10.244936,3.85112
390,3.8884880542755127,-1.760512,8.879104,4.267328
391,3.898345947265625,-1.652872,7.173608,4.530448
392,3.9090898036956787,-0.889824,6.381856,5.53748
393,3.9182727336883545,0.590824,6.104384,5.807776
394,3.9284141063690186,1.550016,6.121128,4.9036
395,3.938326120376587,1.439984,5.271968,3.4684
396,3.9482972621917725,0.698464,4.669184,3.50428
397,3.958376407623291,-0.480792,3.808064,3.511456
398,3.969069242477417,-0.291824,3.595176,3.48036
399,3.9784464836120605,0.516672,3.437304,3.901352
400,3.9883503913879395,0.75348,3.499496,4.384536
401,3.9989259243011475,2.229344,5.570968,4.87968
402,4.008518695831299,4.547192,5.413096,-0.5382
403,4.018409490585327,0.21528,4.62852,3.413384
404,4.028383493423462,0.471224,6.257472,6.549296
405,4.038388013839722,1.320384,6.515808,3.310528
406,4.0483996868133545,0.676936,7.907952,3.140696
407,4.059048414230347,-0.571688,9.06568,2.073864
408,4.0682456493377686,-2.179112,10.218624,2.064296
409,4.0783655643463135,-3.568864,10.874032,2.61924
410,4.088310956954956,-4.3654,11.352432,2.789072
411,4.098342180252075,-4.77204,11.785384,3.167008
412,4.108362913131714,-4.793568,11.716016,3.351192
413,4.118963003158569,-5.085392,11.232832,3.339232
414,4.128329753875732,-5.70492,10.610912,2.777112
415,4.138393878936768,-6.664112,10.048792,2.191072
416,4.149088144302368,-7.372144,9.678032,1.791608
417,4.158441066741943,-7.410416,9.3288,1.349088
418,4.168441295623779,-7.15208,9.503416,0.698464
419,4.179114103317261,-7.154472,10.878816,-0.050232
420,4.188414096832275,-7.721376,13.397592,-0.827632
421,4.198434829711914,-7.819448,15.138968,-1.176864
422,4.208911418914795,-7.326696,14.595984,-0.28704
423,4.218395233154297,-6.30292,13.88556,0.834808
424,4.228242635726929,-5.802992,13.904696,1.155336
425,4.239008903503418,-5.700136,14.155856,0.743912
426,4.248291492462158,-5.063864,14.789736,0.315744
427,4.25832462310791,-3.760224,15.913976,0.246376
428,4.269045114517212,-1.724632,16.693768,0.380328
429,4.278373956680298,0.138736,16.736824,0.461656
430,4.288341999053955,1.88968,16.471312,0.942448
431,4.298941373825073,3.111992,15.696304,1.724632
432,4.308328866958618,3.918096,13.818584,2.530736
433,4.318358898162842,4.264936,11.775816,3.358368
434,4.329116106033325,4.547192,10.012912,4.590248
435,4.338399887084961,4.599816,8.379176,5.22652
436,4.348439455032349,4.358224,7.16404,5.099744
437,4.359101295471191,3.86308,6.118736,4.97536
438,4.368448972702026,3.183752,5.116488,5.13084
439,4.378442049026489,2.124096,4.331912,5.157152
440,4.3890368938446045,0.763048,3.71956,5.104528
441,4.3982930183410645,-0.63388,2.956512,5.090176
442,4.408329486846924,-2.14084,2.148016,4.865328
443,4.419090986251831,-3.296176,1.612208,4.193176
444,4.428389072418213,-4.133376,1.420848,2.99
445,4.438403129577637,-4.56872,1.863368,2.425488
446,4.449052333831787,-4.917952,2.600104,1.844232
447,4.4583961963653564,-4.774432,4.224272,1.760512
448,4.468307733535767,-3.178968,3.961152,-3.473184
449,4.479039430618286,-2.683824,8.94608,2.159976
450,4.488366365432739,-1.38736,11.620336,-0.289432
451,4.498393535614014,-0.468832,12.59388,-0.43056
452,4.50904107093811,0.397072,11.74472,1.681576
453,4.51826024055481,1.497392,10.299952,1.887288
454,4.528373956680298,1.772472,10.65636,2.023632
455,4.5390496253967285,2.095392,11.1228,1.681576
456,4.5482282638549805,2.08104,11.240008,1.365832
457,4.558349609375,1.12424,11.907376,2.372864
458,4.569037437438965,0.26312,11.1228,1.325168
459,4.578348159790039,0.181792,9.991384,1.32756
460,4.5883636474609375,0.040664,8.93412,1.887288
461,4.598901987075806,0.50232,8.261968,0.535808
462,4.608464956283569,0.78936,9.505808,0.32292
463,4.6183390617370605,1.050088,11.692096,0.712816
464,4.629065990447998,1.523704,13.457392,0.93288
465,4.638413667678833,2.193464,13.847288,1.0764
466,4.648409366607666,1.9734,13.835328,1.514136
467,4.659057855606079,1.8538,14.01712,1.693536
468,4.6683878898620605,1.466296,14.646216,1.552408
469,4.678354024887085,0.925704,15.825472,2.131272
470,4.689048767089844,-0.031096,16.428255,2.449408
471,4.698383569717407,-1.205568,15.67956,2.99
472,4.7082555294036865,-2.281968,14.318512,3.772184
473,4.718877792358398,-3.030664,13.333008,4.683536
474,4.728410720825195,-3.406208,12.1394,4.750512
475,4.738671064376831,-3.810456,9.876568,4.695496
476,4.749056100845337,-3.65976,7.687888,5.295888
477,4.758398771286011,-2.179112,6.582784,6.491888
478,4.768390655517578,-1.377792,5.886712,6.688032
479,4.778916120529175,-1.27972,5.018416,5.413096
480,4.788211345672607,-1.143376,3.805672,4.176432
481,4.798404216766357,-0.767832,3.116776,4.276896
482,4.808965682983398,-0.731952,2.267616,4.169256
483,4.81843113899231,0.590824,1.736592,3.68368
484,4.828330039978027,2.58336,2.418312,4.439552
485,4.838925123214722,3.925272,2.923024,2.243696
486,4.848272323608398,3.812848,-0.133952,0.409032
487,4.858388185501099,4.633304,6.456008,5.133232
488,4.869096517562866,3.566472,7.142512,3.633448
489,4.878425121307373,0.81328,7.580248,3.351192
490,4.88843846321106,-1.88968,7.848152,2.169544
491,4.899070501327515,-3.891784,10.015304,2.088216
492,4.908409595489502,-5.126056,12.670424,2.55944
493,4.918417453765869,-5.915416,13.488488,2.657512
494,4.929074287414551,-5.93216,12.481456,2.2724
495,4.938280344009399,-5.271968,11.548576,2.138448
496,4.948369979858398,-4.52088,10.615696,2.243696
497,4.9589972496032715,-3.748264,9.816768,2.049944
498,4.968390941619873,-3.212456,8.979568,1.920776
499,4.9783852100372314,-3.200496,8.998704,1.86576
500,4.98907208442688,-3.367936,9.749792,1.550016
501,4.998373985290527,-3.800888,10.577424,1.246232
502,5.008497714996338,-4.164472,11.067784,0.810888
503,5.0190815925598145,-4.709848,11.957608,0.507104
504,5.028249263763428,-5.228912,13.380848,0.452088
505,5.038403034210205,-5.207384,14.277848,0.62192
506,5.0489747524261475,-4.566328,14.00516,0.928096
507,5.058453559875488,-3.74348,13.557856,1.1362
508,5.0683207511901855,-3.44448,14.131936,1.270152
509,5.079071998596191,-3.939624,14.7706,1.026168
510,5.088411808013916,-4.50892,15.167672,0.440128
511,5.098399639129639,-4.310384,16.184273,0.480792
512,5.108927249908447,-2.824952,16.921007,0.638664
513,5.118450880050659,-0.5382,16.842072,1.033344
514,5.1282877922058105,1.72224,16.334969,1.585896
515,5.13895583152771,3.36076,15.519296,2.047552
516,5.148357152938843,4.272112,13.92144,2.525952
517,5.158481597900391,4.61656,11.818872,2.96608
518,5.169071912765503,4.791176,9.754576,3.4086
519,5.178454160690308,4.8438,7.90556,3.714776
520,5.188239574432373,4.695496,6.49428,3.774576
521,5.199113607406616,4.11424,5.499208,3.805672
522,5.208320379257202,3.274648,5.016024,3.997032
523,5.218390226364136,2.315456,4.264936,4.133376
524,5.229104280471802,1.258192,3.532984,4.0664
525,5.238472938537598,0.074152,2.616848,4.095104
526,5.2483437061309814,-1.191216,1.92556,4.011384
527,5.258441209793091,-2.133664,1.272544,3.485144
528,5.268378973007202,-2.913456,1.296464,3.100032
529,5.278439283370972,-3.327272,1.490216,2.557048
530,5.289092779159546,-3.717168,2.394392,2.112136
531,5.298432350158691,-3.745872,3.521024,0.92092
532,5.308439016342163,-2.2126,5.116488,1.65048
533,5.318971633911133,-2.67904,9.625408,1.418456
534,5.3284080028533936,-2.365688,12.3786,-1.882504
535,5.338284969329834,-1.920776,13.651144,0.150696
536,5.349116802215576,-0.72956,11.622728,1.528488
537,5.358394384384155,-0.126776,10.491312,1.51892
538,5.368408203125,0.212888,11.25436,0.74152
539,5.379066467285156,0.196144,11.98392,0.385112
540,5.388426780700684,0.50232,11.845184,0.794144
541,5.398406028747559,0.45448,11.512696,1.760512
542,5.40897798538208,0.581256,10.737688,1.17208
543,5.4183876514434814,0.8372,10.060752,1.521312
544,5.42844557762146,1.222312,9.199632,1.492608
545,5.439001798629761,1.322776,9.503416,1.174472
546,5.448101282119751,1.009424,11.981528,1.42324
547,5.458413600921631,0.50232,15.048072,1.880112
548,5.468937158584595,0.028704,15.1294,1.86576
549,5.478341341018677,-0.349232,13.0962,2.372864
550,5.4884138107299805,-0.34684,12.017408,2.372864
551,5.499021053314209,0.007176,12.266176,2.17672
552,5.5082666873931885,-0.009568,13.58656,2.131272
553,5.518404722213745,-0.542984,14.847144,2.600104
554,5.529120445251465,-1.143376,14.976312,3.167008
555,5.538694381713867,-1.834664,14.177384,3.293784
556,5.5482871532440186,-2.10496,13.289952,3.77936
557,5.558930158615112,-1.062048,12.479064,4.805528
558,5.568413019180298,0.37076,10.084672,4.606992
559,5.578398704528809,2.47572,8.678176,5.511168
560,5.588343143463135,3.466008,7.680712,5.903456
561,5.5983967781066895,3.095248,6.26704,4.994496
562,5.608391284942627,1.994928,5.020808,4.229056
563,5.618932485580444,0.731952,4.35344,3.824808
564,5.628499269485474,-0.265512,3.977896,4.047264
565,5.638406276702881,-0.619528,3.68368,4.128592
566,5.64893913269043,0.129168,3.776968,4.035304
567,5.658396005630493,1.062048,4.480216,4.523272
568,5.668274641036987,0.344448,2.528344,3.631056
569,5.679019451141357,0.617136,5.618808,-0.200928
570,5.6884095668792725,-0.435344,5.690568,5.209776
571,5.698424816131592,-1.191216,6.82916,5.726448
572,5.709005832672119,-2.052336,6.991816,2.093
573,5.718320846557617,-2.815384,8.62316,2.061904
574,5.728405714035034,-3.953976,10.218624,2.7508
575,5.73823881149292,-5.22652,10.206664,1.84184
576,5.748355388641357,-5.336552,10.39324,1.923168
577,5.75841212272644,-4.669184,10.53676,1.78204
578,5.769084930419922,-4.25776,10.71616,1.762904
579,5.778438091278076,-3.592784,10.9434,1.59068
580,5.78836727142334,-3.064152,11.055824,2.05712
581,5.799061298370361,-2.746016,10.314304,2.473328
582,5.808207273483276,-2.554656,9.716304,2.38004
583,5.818389892578125,-2.382432,9.596704,2.148016
584,5.829093933105469,-2.279576,9.823944,1.791608
585,5.838392972946167,-2.418312,10.120552,1.282112
586,5.848418235778809,-2.975648,10.79988,0.63388
587,5.859053373336792,-4.056832,12.6178,-0.110032
588,5.868431806564331,-5.315024,14.263496,-0.55016
589,5.878411054611206,-6.00392,14.918904,-0.5382
590,5.889104127883911,-5.901064,14.512264,0.02392
591,5.898393392562866,-5.219344,13.964496,0.485576
592,5.908295392990112,-4.56872,13.830544,0.748696
593,5.918181419372559,-3.784144,14.49552,0.643448
594,5.9280686378479,-2.8704,15.421224,0.636272
595,5.938243627548218,-1.628952,16.064672,0.542984
596,5.94889235496521,-0.253552,15.897232,0.841984
597,5.958228349685669,1.023776,15.306408,1.468688
598,5.968356132507324,1.899248,14.636648,1.899248
599,5.979035377502441,2.480504,13.605696,2.540304
600,5.9882118701934814,2.746016,12.180064,3.159832
601,5.99836277961731,2.903888,10.54872,3.774576
602,6.0091705322265625,3.056976,8.82648,4.095104
603,6.0183234214782715,3.382288,7.429552,4.116632
604,6.0283708572387695,3.439696,6.348368,4.157296
605,6.0382702350616455,3.171792,5.329376,4.186
606,6.048186540603638,2.566616,4.410848,4.0066
607,6.0583131313323975,1.564368,3.67172,3.999424
608,6.069077253341675,0.476008,2.901496,4.056832
609,6.078284025192261,-0.775008,2.076256,3.95876
610,6.088294267654419,-1.968616,1.432808,3.549728
611,6.098361253738403,-2.908672,1.356264,2.824952
612,6.108397960662842,-3.853512,1.547624,2.186288
613,6.118317365646362,-4.774432,1.92556,1.762904
614,6.129086971282959,-4.147728,4.243408,3.513848
615,6.138319253921509,-3.281824,6.329232,0.43056
616,6.148241758346558,-3.080896,10.649184,0.22724
617,6.159101486206055,-3.865472,16.901873,0.10764
618,6.168395519256592,-2.461368,14.80648,0.236808
619,6.178391456604004,-0.949624,11.141936,1.349088
620,6.18911075592041,0.727168,10.653968,0.4784
621,6.199100971221924,1.62656,11.747112,0.184184
622,6.20839524269104,0.72956,11.591632,0.667368
623,6.218868732452393,2.040376,10.376496,0.3588
624,6.228238344192505,2.808208,9.823944,1.27972
625,6.238296985626221,2.698176,9.917232,1.502176
626,6.2490880489349365,1.117064,10.063144,1.62656
627,6.258316993713379,0.975936,9.558432,0.667368
628,6.268333435058594,0.416208,10.577424,0.775008
629,6.278987407684326,-0.057408,13.309088,1.619384
630,6.288311719894409,0.308568,14.85432,1.832272
631,6.298313617706299,0.519064,13.8736,1.999712
632,6.309406995773315,0.853944,12.30684,1.669616
633,6.318410158157349,1.377792,11.802128,1.605032
634,6.328314304351807,1.908816,12.52212,1.868152
635,6.339111089706421,1.963832,13.416728,2.20064
636,6.348320245742798,0.901784,13.53872,3.054584
637,6.358345985412598,-0.153088,13.318656,3.7674
638,6.369055986404419,-0.607568,13.715728,4.492176
639,6.378352403640747,-0.485576,13.206232,4.690712
640,6.388333797454834,0.392288,10.948184,4.07836
641,6.398964881896973,1.887288,9.49624,4.04248
642,6.408313512802124,2.325024,8.08496,3.887
643,6.41835355758667,2.839304,7.262112,4.205136
644,6.4288856983184814,2.700568,7.515664,5.209776
645,6.438331127166748,2.315456,6.558864,3.518632
646,6.448324918746948,0.026312,4.32952,2.449408
647,6.45901083946228,-0.428168,4.91556,3.367936
648,6.468196630477905,0.272688,6.149832,3.748264
649,6.478306770324707,-0.13156,6.32684,3.930056
650,6.489088535308838,-0.882648,6.104384,3.595176
651,6.498298406600952,-1.815528,4.614168,2.67904
652,6.508301258087158,-0.547768,7.867288,7.539584
653,6.519053936004639,-1.095536,7.042048,5.666648
654,6.528270721435547,-1.71028,6.460792,2.832128
655,6.53836989402771,-2.490072,6.240728,1.796392
656,6.549090147018433,-2.963688,7.051616,2.138448
657,6.558397531509399,-3.848728,8.36004,2.88236
658,6.568387031555176,-4.901208,9.919624,2.793856
659,6.578943490982056,-5.922592,10.902736,2.090608
660,6.588418960571289,-6.743048,10.756824,1.628952
661,6.598394393920898,-7.109024,10.127728,1.72224
662,6.609059572219849,-6.652152,9.646936,1.846624
663,6.618391513824463,-5.637944,9.357504,1.762904
664,6.628248691558838,-4.49696,9.357504,1.41128
665,6.6388256549835205,-3.530592,9.417304,1.176864
666,6.648135423660278,-2.805816,9.737832,1.117064
667,6.658402442932129,-2.925416,10.156432,0.751088
668,6.669025421142578,-3.908528,11.249576,0.03588
669,6.678353786468506,-5.482464,13.330616,-0.722384
670,6.688371181488037,-6.666504,15.131792,-1.310816
671,6.69888162612915,-6.508632,14.557712,-0.660192
672,6.708354234695435,-5.456152,13.677456,0.222456
673,6.718336820602417,-4.379752,13.82576,0.923312
674,6.729089975357056,-3.772184,14.282632,1.27972
675,6.73839259147644,-3.68368,14.79452,0.935272
676,6.748430013656616,-3.7076,15.34468,0.528632
677,6.759110927581787,-3.140696,15.564744,0.476008
678,6.768405914306641,-1.846624,15.548,0.870688
679,6.778398275375366,-0.303784,15.29684,1.356264
680,6.788910865783691,1.215136,14.74668,1.779648
681,6.798408508300781,2.616848,13.557856,2.590536
682,6.808377265930176,3.643016,11.979136,3.485144
683,6.819098949432373,4.386928,10.323872,4.056832
684,6.828386545181274,4.71224,8.70688,4.504136
685,6.838401556015015,4.583072,7.39128,4.745728
686,6.849145412445068,3.968328,6.13548,4.468256
687,6.858398199081421,3.06176,5.338944,4.178824
688,6.8683695793151855,2.085824,4.499352,4.05444
689,6.879109144210815,1.007032,3.805672,4.049656
690,6.888405084609985,-0.133952,3.016312,4.07836
691,6.898414134979248,-1.432808,2.375256,3.812848
692,6.909138202667236,-2.616848,2.097784,3.183752
693,6.918495416641235,-4.147728,2.502032,2.384824
694,6.9283740520477295,-4.264936,1.810744,3.489928
695,6.939121723175049,-3.925272,4.429984,3.95876
696,6.948210716247559,-4.23384,5.807776,0.267904
697,6.95837926864624,-4.889248,9.17332,-0.84916
698,6.969098091125488,-4.097496,13.591344,0.722384
699,6.978377342224121,-2.96608,14.500304,1.908816
700,6.988385438919067,-1.444768,11.818872,1.499784
701,6.999007940292358,-0.569296,10.984064,0.636272
702,7.00837779045105,-0.277472,11.562928,0.279864
703,7.018378734588623,-0.313352,11.933688,0.34684
704,7.028955936431885,0.126776,10.976888,0.050232
705,7.038268804550171,0.600392,10.503272,1.057264
706,7.048358917236328,2.325024,9.522552,0.784576
707,7.059055328369141,3.3488,9.314448,1.858584
708,7.068360805511475,3.906136,9.417304,2.231736
709,7.07843279838562,3.36076,10.400416,1.636128
710,7.08912205696106,2.198248,12.562784,2.1528
711,7.098381996154785,1.748552,14.009944,2.238912
712,7.108307123184204,1.980576,13.433472,1.882504
713,7.118982791900635,2.360904,12.691952,2.066688
714,7.128365516662598,2.958904,12.679992,2.093
715,7.138301849365234,3.377504,13.770744,2.447016
716,7.149104595184326,3.009136,14.839968,3.095248
717,7.158401727676392,1.688752,14.97392,3.762616
718,7.168416261672974,0.284648,14.189344,4.231448
719,7.179127216339111,-1.045304,12.464712,3.951584
720,7.188392162322998,-1.461512,10.665928,3.925272
721,7.198427677154541,-0.416208,9.563216,4.666792
722,7.209004640579224,0.282256,8.59924,4.750512
723,7.218362331390381,0.50232,7.159256,3.836768
724,7.228493690490723,0.43056,5.939336,3.633448
725,7.238987684249878,0.081328,4.714632,3.693248
726,7.248154640197754,0.236808,4.705064,4.11424
727,7.258373022079468,0.404248,4.037696,3.518632
728,7.2690370082855225,0.51428,3.147872,3.523416
729,7.278374671936035,0.846768,3.226808,4.111848
730,7.288390874862671,1.712672,4.274504,3.858296
731,7.298924446105957,1.12424,4.391712,3.99464
732,7.308372259140015,-3.20528,6.70956,12.357072
733,7.3183722496032715,-2.12888,2.095392,0.16744
734,7.329244375228882,-1.007032,5.511168,7.00856
735,7.33837103843689,-0.983112,7.118592,3.427736
736,7.348331451416016,-0.542984,9.278568,1.320384
737,7.358933210372925,-2.90628,10.235368,1.416064
738,7.368380308151245,-4.774432,11.14672,2.262832
739,7.378390073776245,-6.17136,11.419408,2.64316
740,7.3890931606292725,-6.582784,11.450504,2.863224
741,7.398394584655762,-6.568432,11.17064,2.83452
742,7.408398628234863,-6.073288,10.993632,3.100032
743,7.418961048126221,-5.149976,10.508056,3.303352
744,7.42825174331665,-3.853512,10.228192,3.344016
745,7.438694953918457,-2.793856,9.91484,3.066544
746,7.448376178741455,-2.193464,9.646936,2.712528
747,7.458357572555542,-2.114528,9.52016,2.159976
748,7.46837306022644,-2.686216,10.146864,1.803568
749,7.479106664657593,-3.43252,11.603592,1.074008
750,7.488352298736572,-4.662008,13.809016,0.344448
751,7.4983460903167725,-5.846048,15.418832,-0.535808
752,7.509092569351196,-6.711952,15.127008,-0.208104
753,7.518346548080444,-6.975072,14.478776,0.715208
754,7.528379201889038,-6.7574,14.741896,0.691288
755,7.539086580276489,-6.133088,15.263352,0.198536
756,7.548379898071289,-4.889248,15.89484,-0.212888
757,7.558402061462402,-2.815384,16.545464,-0.026312
758,7.569042921066284,-0.282256,16.875561,0.425776
759,7.578368425369263,2.179112,16.569384,1.085968
760,7.588239669799805,3.793712,15.614976,1.908816
761,7.599102735519409,4.647656,14.174992,2.502032
762,7.608378887176514,4.709848,12.3786,3.370328
763,7.618372678756714,4.587856,10.720944,4.052048
764,7.629040956497192,4.2458,9.082424,4.67636
765,7.638389348983765,4.0066,7.465432,4.762472
766,7.648379564285278,3.592784,6.420128,4.784
767,7.65908670425415,3.021096,5.427448,4.89164
768,7.668357849121094,2.174328,4.654832,4.755296
769,7.678359508514404,1.196,3.79132,4.597424
770,7.689103364944458,0.064584,3.040232,4.535232
771,7.698369979858398,-1.18404,2.136056,4.224272
772,7.708383560180664,-2.497248,1.277328,3.85112
773,7.719130754470825,-3.430128,1.430416,3.477968
774,7.728243350982666,-4.068792,1.894464,2.84648
775,7.738375902175903,-4.451512,2.801032,2.664688
776,7.749116897583008,-4.575896,3.930056,2.423096
777,7.758368968963623,-4.647656,5.771896,2.219776
778,7.768371105194092,-3.413384,6.238336,-0.722384
779,7.779075860977173,-2.90628,12.969424,3.24116
780,7.788407802581787,-1.84184,14.182168,-1.616992
781,7.798433303833008,-1.612208,13.438256,0.40664
782,7.809133052825928,-0.468832,12.148968,2.231736
783,7.818408966064453,0.8372,12.060464,1.59068
784,7.8282458782196045,1.954264,12.297272,0.782184
785,7.838942766189575,2.920632,11.598808,0.617136
786,7.8482348918914795,3.413384,10.778352,0.870688
787,7.858389616012573,3.399032,10.03444,0.827632
788,7.868967294692993,3.059368,9.417304,0.205712
789,7.878325462341309,2.564224,10.161216,0.090896
790,7.888406753540039,2.148016,12.09156,0.69368
791,7.898901462554932,1.947088,13.983632,1.688752
792,7.908236026763916,1.796392,14.189344,2.5714
793,7.918406248092651,1.609816,13.182312,2.506816
794,7.929049730300903,1.368224,12.505376,1.978184
795,7.938378095626831,1.509352,12.672816,1.846624
796,7.948351144790649,1.664832,12.706304,1.526096
797,7.959076881408691,0.641056,12.947896,2.346552
798,7.968374490737915,-0.832416,13.014872,3.15744
799,7.978369474411011,-2.093,13.065104,3.26508
800,7.98905873298645,-2.956512,13.041184,4.171648
801,7.998392820358276,-2.64316,11.945648,4.585464
802,8.008399248123169,-2.195856,9.199632,3.999424
803,8.019132375717163,-0.456872,7.661576,4.810312
804,8.028391361236572,1.392144,6.867432,4.980144
805,8.0382080078125,2.193464,6.269432,4.17404
806,8.049100160598755,1.844232,4.949048,2.961296
807,8.05826187133789,1.456728,4.300816,2.856048
808,8.068224668502808,0.40664,3.525808,2.937376
809,8.079029083251953,-0.198536,3.018704,2.927808
810,8.088380098342896,0.100464,3.095248,3.236376
811,8.098376989364624,0.650624,4.013776,3.700424
812,8.109073162078857,0.100464,6.578,11.005592
813,8.118375301361084,1.023776,3.20528,1.138592
814,8.128388166427612,2.277184,5.881928,4.518488
815,8.138861179351807,0.93288,6.869824,2.95412
816,8.148189067840576,0.081328,7.563504,1.84184
817,8.158355712890625,-2.406352,8.450936,2.856048
818,8.169108867645264,-3.422952,9.66368,2.506816
819,8.178385734558105,-4.248192,10.850112,2.645552
820,8.18838906288147,-4.774432,12.101128,2.686216
821,8.199077606201172,-5.420272,12.711088,2.597712
822,8.208388090133667,-6.05176,12.801984,2.939768
823,8.21839427947998,-5.795816,11.718408,2.872792
824,8.22827935218811,-4.972968,10.840544,3.183752
825,8.23834753036499,-4.080752,10.474568,3.61192
826,8.248367309570312,-3.67172,10.161216,3.549728
827,8.259001016616821,-3.69564,10.378888,3.066544
828,8.268376111984253,-3.99464,11.357216,2.131272
829,8.278380155563354,-4.822272,13.218192,1.143376
830,8.289098978042603,-5.750368,15.55996,0.476008
831,8.298388719558716,-6.616272,16.394768,0.332488
832,8.308379173278809,-6.594744,15.351856,0.224848
833,8.319075345993042,-5.99196,14.839968,0.375544
834,8.328354597091675,-4.941872,15.38056,0.076544
835,8.338372230529785,-3.597568,16.205799,-0.121992
836,8.349066019058228,-1.585896,16.739216,-0.2392
837,8.35915493965149,0.559728,16.928185,-0.076544
838,8.368347883224487,2.396784,16.404337,0.260728
839,8.379082202911377,3.894176,15.55996,0.686504
840,8.388203144073486,4.984928,14.445288,1.227096
841,8.398338317871094,5.31024,13.127296,1.77008
842,8.409088373184204,4.956224,11.675352,2.32024
843,8.418365955352783,4.267328,10.244936,2.710136
844,8.42824912071228,3.568864,9.206808,3.159832
845,8.439030885696411,2.937376,8.44376,3.327272
846,8.448221206665039,2.384824,7.596992,3.475576
847,8.458298206329346,2.011672,6.73348,3.365544
848,8.468977451324463,1.588288,5.855616,3.48036
849,8.47831106185913,1.007032,5.209776,3.67172
850,8.488383769989014,0.255944,4.303208,3.633448
851,8.499081373214722,-0.775008,3.389464,3.449264
852,8.50838303565979,-1.837056,2.805816,3.198104
853,8.51836109161377,-2.78668,2.360904,2.722096
854,8.529106616973877,-3.518632,2.382432,2.229344
855,8.538343906402588,-4.07836,2.392,1.760512
856,8.5482759475708,-3.509064,2.05712,0.296608
857,8.559055805206299,-3.879824,4.786392,4.186
858,8.569090604782104,-3.284216,5.212168,-0.531024
859,8.578402996063232,-3.088072,7.733336,-0.32292
860,8.589102983474731,-2.908672,9.725872,1.193608
861,8.598385572433472,-1.657656,10.639616,1.672008
862,8.608384609222412,-1.29168,11.472032,1.408888
863,8.619127988815308,0.117208,11.43376,-0.02392
864,8.62821912765503,0.892216,12.081992,0.351624
865,8.638373613357544,0.114816,13.208624,1.227096
866,8.648936986923218,0.940056,12.220728,0.064584
867,8.658361434936523,1.75812,11.022336,1.277328
868,8.668393611907959,2.717312,9.931584,1.3754
869,8.679115295410156,4.05444,9.40056,0.887432
870,8.688373804092407,4.62852,9.187672,0.452088
871,8.698384046554565,4.489784,10.235368,0.456872
872,8.709124088287354,4.29364,12.481456,0.827632
873,8.718388795852661,3.721952,14.97392,1.3156
874,8.728376865386963,3.13352,15.968992,1.29168
875,8.739107131958008,2.418312,15.071992,1.095536
876,8.748379230499268,1.731808,14.277848,1.69832
877,8.758357763290405,1.241448,14.454856,2.3322
878,8.769039392471313,0.63388,15.234648,3.152656
879,8.778394937515259,-0.528632,15.693912,3.597568
880,8.78831434249878,-1.81792,14.636648,3.286608
881,8.799014806747437,-2.205424,13.28756,3.33684
882,8.808396577835083,-2.035592,11.735152,3.841552
883,8.818389415740967,-1.628952,9.888528,4.38932
884,8.828978538513184,-1.21992,8.912592,5.231304
885,8.83828330039978,0.330096,7.561112,4.884464
886,8.848212718963623,0.887432,5.355688,4.190784
887,8.859035015106201,2.389608,5.458544,6.154616
888,8.868271827697754,3.44448,5.181072,5.319808
889,8.878351926803589,0.937664,4.547192,4.695496
890,8.88913869857788,-0.284648,3.49232,3.207672
891,8.898241758346558,-1.095536,2.97804,3.999424
892,8.908320665359497,-0.356408,3.152656,5.264792
893,8.91886043548584,0.4186,3.554512,6.101992
894,8.928173542022705,1.514136,7.063576,6.534944
895,8.93812870979309,1.164904,6.795672,9.237904
896,8.949224472045898,1.346696,6.48232,6.209632
897,8.958372592926025,0.90896,8.472464,5.068648
898,8.968389511108398,-1.026168,10.878816,2.66708
899,8.97917366027832,-4.052048,13.081848,3.461224
900,8.988423824310303,-5.88432,13.643968,3.054584
901,8.99826979637146,-6.369896,13.378456,3.530592
902,9.009135484695435,-5.702528,13.156,3.341624
903,9.018418073654175,-4.7242,12.744576,2.939768
904,9.02831244468689,-4.135768,12.627368,2.975648
905,9.039026975631714,-4.229056,11.45768,3.21724
906,9.048217296600342,-4.291248,10.24972,3.219632
907,9.05845594406128,-4.145336,9.225944,2.90628
908,9.068949937820435,-4.116632,8.76668,2.389608
909,9.078353643417358,-3.855904,8.986744,1.681576
910,9.088370084762573,-3.7674,9.637368,1.085968
911,9.099122524261475,-3.89896,10.914696,0.337272
912,9.108387470245361,-4.322344,12.376208,-0.796536
913,9.118411302566528,-4.805528,13.237328,-1.38736
914,9.129093885421753,-5.109312,13.498056,-1.585896
915,9.13839077949524,-5.133232,13.512408,-1.526096
916,9.148401021957397,-4.367792,13.780312,-1.358656
917,9.159077167510986,-3.171792,14.332864,-1.248624
918,9.16840147972107,-2.241304,15.024152,-1.600248
919,9.178428173065186,-1.932736,15.701088,-1.918384
920,9.18912649154663,-1.487824,16.380417,-1.990144
921,9.198729276657104,-0.318136,17.03104,-1.454336
922,9.208419799804688,1.72224,16.976025,-0.492752
923,9.219117164611816,4.142944,16.93536,0.696072
924,9.228729963302612,6.046976,16.593304,1.729416
925,9.238375663757324,7.08032,15.469064,2.61924
926,9.24911904335022,7.484568,13.53872,3.616704
927,9.258390188217163,7.771608,11.634688,4.331912
928,9.268355369567871,7.752472,9.802416,4.666792
929,9.279134511947632,7.15208,8.214128,4.853368
930,9.28828763961792,6.092424,6.941584,5.0232
931,9.29826045036316,4.441944,6.058936,5.135624
932,9.30909252166748,2.683824,5.271968,5.468112
933,9.318360805511475,0.897,4.075968,5.384392
934,9.328352212905884,-0.535808,2.449408,5.276752
935,9.339099407196045,-1.822704,0.344448,4.743336
936,9.348278284072876,-2.600104,-1.011816,3.896568
937,9.358259916305542,-3.334448,-1.827488,3.607136
938,9.369098901748657,-4.068792,-1.63852,3.260296
939,9.378413438796997,-4.11424,-2.748408,0.385112
940,9.388386011123657,-4.064008,3.391856,5.57336
941,9.39898157119751,-3.602352,4.941872,0.325312
942,9.408421039581299,-3.305744,8.663824,-0.28704
943,9.41837739944458,-2.791464,15.079168,2.647944
944,9.429107666015625,-1.286896,16.892303,1.832272
945,9.438403129577637,-0.411424,14.00516,1.394536
946,9.448375463485718,0.315744,11.730368,0.736736
947,9.459110021591187,0.385112,11.610768,0.294216
948,9.468481063842773,0.129168,12.383384,0.07176
949,9.478395938873291,0.791752,11.797344,-1.026168
950,9.489029884338379,1.894464,11.546184,-0.751088
951,9.498427152633667,1.978184,11.321336,1.743768
952,9.508304834365845,1.145768,11.438544,3.047408
953,9.51911997795105,2.896712,10.21384,1.365832
954,9.528364181518555,1.047696,10.048792,1.813136
955,9.53834319114685,-0.43056,11.019944,1.06444
956,9.549126625061035,-1.10032,13.337792,0.667368
957,9.558444738388062,-1.035736,14.787344,0.696072
958,9.568414211273193,-0.69368,14.464424,1.557192
959,9.57901668548584,-0.031096,12.718264,1.801176
960,9.588398218154907,0.327704,12.024584,2.77472
961,9.598438024520874,0.224848,11.945648,2.681432
962,9.609156608581543,-0.686504,13.043576,2.669472
963,9.618358135223389,-2.028416,14.084096,1.748552
964,9.628425121307373,-3.425344,14.02908,1.648088
965,9.638999462127686,-4.241016,12.76132,1.86576
966,9.6482093334198,-4.719416,12.060464,3.36076
967,9.658418893814087,-4.475432,9.745008,3.355976
968,9.669150590896606,-3.427736,7.864896,4.865328
969,9.67838716506958,-0.758264,7.441512,6.872216
970,9.68846845626831,1.652872,6.850688,5.958472
971,9.699130058288574,2.946944,5.81256,5.147584
972,9.708258628845215,2.970864,4.98732,4.73616
973,9.718385457992554,2.482896,4.231448,4.157296
974,9.729096174240112,1.274936,2.927808,3.81524
975,9.738381624221802,1.815528,2.473328,3.415776
976,9.74838137626648,3.104816,2.497248,3.363152
977,9.758946180343628,3.906136,3.97072,4.073576
978,9.768351554870605,4.26972,5.924984,6.3986
979,9.77835750579834,4.559152,7.848152,5.707312
980,9.789026498794556,3.430128,5.96804,5.219344
981,9.798363447189331,1.425632,8.053864,6.740656
982,9.808360576629639,-0.19136,9.965072,3.822416
983,9.819003820419312,-1.274936,11.58924,1.396928
984,9.828296184539795,-4.642872,12.947896,2.203032
985,9.83836579322815,-6.55408,13.038792,1.526096
986,9.84908390045166,-7.596992,13.242112,2.088216
987,9.858388423919678,-7.747688,12.679992,2.17672
988,9.868361711502075,-7.376928,11.91216,2.310672
989,9.879104375839233,-7.022912,10.386064,1.990144
990,9.88837718963623,-6.061328,9.589528,2.303496
991,9.898335456848145,-5.551832,9.106344,2.458976
992,9.908984184265137,-5.506384,8.63512,2.157584
993,9.91838526725769,-5.9202,9.058504,1.581112
994,9.928362846374512,-5.98,9.756968,0.691288
995,9.939098596572876,-6.570824,10.809448,0.420992
996,9.948176622390747,-7.161648,12.505376,-0.299
997,9.958041667938232,-7.419984,14.605552,-1.167296
998,9.969039916992188,-6.764576,15.600624,-1.114672
999,9.978328943252563,-5.195424,15.115048,-0.411424
1000,9.988280057907104,-3.542552,15.026544,-0.265512
1001,9.998920917510986,-2.059512,15.768064,-0.684112
1002,10.008443117141724,-0.734344,16.629185,-1.140984
1003,10.018386125564575,0.523848,17.435287,-0.90896
1004,10.029078006744385,1.834664,17.798872,-0.51428
1005,10.03836178779602,3.190928,17.291767,-0.148304
1006,10.04833197593689,4.422808,16.751177,0.648232
1007,10.059069871902466,5.530304,15.756104,1.74616
1008,10.068328619003296,6.032624,14.318512,2.392
1009,10.07843279838562,6.118736,12.170496,2.7508
1010,10.089112043380737,6.02784,10.374104,3.226808
1011,10.098334789276123,5.709704,8.51552,3.54016
1012,10.108338594436646,5.025592,7.24776,3.86308
1013,10.119149446487427,4.135768,6.020664,3.860688
1014,10.128272771835327,3.07372,5.104528,3.690856
1015,10.138335466384888,1.906424,4.504136,3.772184
1016,10.14916205406189,0.598,3.805672,3.669328
1017,10.158353090286255,-0.624312,2.877576,3.609528
1018,10.168368816375732,-1.693536,1.837056,3.286608
1019,10.17914080619812,-2.657512,0.593216,2.755584
1020,10.188434839248657,-1.550016,-0.703248,1.468688
1021,10.198404788970947,-3.56408,0.531024,0.856336
1022,10.209110260009766,-3.305744,-1.62656,-4.681144
1023,10.218323469161987,-4.327128,3.466008,3.289
1024,10.228402853012085,-3.836768,6.01588,2.023632
1025,10.238968849182129,-3.535376,10.448256,1.683968
1026,10.248226404190063,-2.626416,16.287128,0.818064
1027,10.25843358039856,-1.849016,14.954784,1.884896
1028,10.268985033035278,-1.17208,11.304592,1.432808
1029,10.278362512588501,-0.868296,10.166,0.643448
1030,10.288473129272461,0.210496,10.598952,-0.212888
1031,10.298943042755127,0.519064,12.070032,0.600392
1032,10.308295488357544,2.049944,12.536472,0.602784
1033,10.318399429321289,3.32488,12.070032,0.49036
1034,10.32901382446289,4.111848,10.687456,0.863512
1035,10.33839750289917,4.037696,9.072856,1.02856
1036,10.348363161087036,3.645408,8.154328,0.385112
1037,10.359006643295288,3.430128,9.565608,0.45448
1038,10.36835503578186,2.863224,13.73008,1.17208
1039,10.378371953964233,2.28436,17.808439,1.29168
1040,10.3890860080719,1.54284,17.67688,1.17208
1041,10.398371934890747,0.177008,14.899768,1.951872
1042,10.408378601074219,-0.504712,13.416728,2.121704
1043,10.41837763786316,-0.5382,13.591344,2.38004
1044,10.428435564041138,-1.083576,15.04568,3.004352
1045,10.438316583633423,-1.605032,15.3088,3.401424
1046,10.449024677276611,-1.779648,14.091272,3.602352
1047,10.458375215530396,-1.499784,13.156,4.745728
1048,10.468295335769653,-0.81328,12.086776,5.463328
1049,10.479090452194214,0.507104,10.586992,5.365256
1050,10.488381385803223,2.121704,10.05836,6.42252
1051,10.498413324356079,2.877576,7.309952,4.427592
1052,10.509100675582886,3.992248,7.183176,5.81256
1053,10.518359184265137,3.772184,7.329088,4.193176
1054,10.528350591659546,1.63852,6.293352,3.150264
1055,10.539206266403198,-0.260728,4.20992,1.803568
1056,10.548352718353271,-1.097928,3.415776,2.815384
1057,10.558378458023071,0.19136,4.264936,4.834232
1058,10.568348407745361,0.952016,5.389176,5.331768
1059,10.578385353088379,-0.377936,5.164328,4.119024
1060,10.588357925415039,-0.672152,4.080752,1.071616
1061,10.599155187606812,0.772616,8.3122,7.458256
1062,10.60839557647705,0.734344,8.017984,4.064008
1063,10.618357419967651,-0.112424,8.98196,2.719704
1064,10.629146099090576,-1.181648,9.37664,0.198536
1065,10.638296842575073,-2.588144,10.819016,1.097928
1066,10.648416519165039,-4.219488,12.129832,2.358512
1067,10.659082889556885,-5.881928,12.6178,2.289144
1068,10.669144868850708,-7.156864,12.012624,1.724632
1069,10.678418159484863,-8.238048,11.077352,1.018992
1070,10.689099311828613,-8.5514,10.180352,0.734344
1071,10.698419570922852,-8.2524,9.491456,0.767832
1072,10.708402395248413,-7.353008,8.943688,1.05248
1073,10.718364715576172,-6.345976,8.747544,0.949624
1074,10.728334426879883,-5.503992,8.671,0.746304
1075,10.738418340682983,-4.755296,8.917376,0.504712
1076,10.749117612838745,-4.456296,9.563216,-0.019136
1077,10.7583749294281,-4.961008,10.964928,-0.468832
1078,10.7684006690979,-6.276608,12.947896,-1.117064
1079,10.77906322479248,-7.135336,14.655784,-1.72224
1080,10.789122581481934,-7.082712,14.096056,-0.90896
1081,10.798433303833008,-5.506384,12.177672,0.229632
1082,10.80912184715271,-3.583216,12.081992,1.0166
1083,10.8184335231781,-1.84184,13.58656,1.39932
1084,10.828415870666504,-0.684112,14.804088,1.564368
1085,10.838865518569946,-0.057408,15.131792,1.002248
1086,10.848158121109009,0.4186,14.935648,0.325312
1087,10.85862398147583,0.971152,14.682096,-0.040664
1088,10.868989944458008,1.8538,14.337648,0.014352
1089,10.878382444381714,3.128736,13.976456,0.763048
1090,10.888393878936768,4.494568,13.364104,1.748552
1091,10.89914059638977,5.566184,12.160928,2.88236
1092,10.90837049484253,6.19528,10.814232,3.614312
1093,10.91834831237793,6.331624,9.453184,4.0066
1094,10.92909288406372,5.929768,8.343296,4.135768
1095,10.938358545303345,4.882072,7.52284,4.25776
1096,10.948262453079224,3.614312,6.929624,4.477824
1097,10.959138870239258,2.408744,6.140264,4.540016
1098,10.968357801437378,1.239056,5.11888,4.403672
1099,10.978368282318115,0.193752,4.238624,4.128592
1100,10.9890718460083,-0.739128,3.51624,3.822416
1101,10.99837327003479,-1.42324,3.56408,3.243552
1102,11.00835919380188,-1.825096,3.848728,2.640768
1103,11.019153594970703,-1.382576,3.51624,1.224704
1104,11.028368949890137,-0.265512,4.575896,2.681432
1105,11.03834843635559,-1.014208,9.206808,2.734056
1106,11.049130201339722,-1.009424,10.000952,-1.437592
1107,11.05841612815857,-0.901784,10.8238,0.093288
1108,11.068172216415405,0.277472,10.412376,1.920776
1109,11.079111576080322,1.60264,10.209056,0.710424
1110,11.088383913040161,2.303496,11.579672,-0.875472
1111,11.0983567237854,2.755584,12.010232,-1.959048
1112,11.109096050262451,2.305888,11.69688,-0.255944
1113,11.118366479873657,1.762904,11.000808,0.365976
1114,11.128363847732544,1.619384,10.39324,-0.110032
1115,11.139134883880615,1.667224,10.051184,0.150696
1116,11.148359775543213,2.00928,9.54408,0.356408
1117,11.15835165977478,2.473328,9.419696,0.241592
1118,11.169153213500977,2.70296,10.866856,0.153088
1119,11.17840027809143,2.093,14.409408,0.497536
1120,11.18837285041809,1.69832,16.535896,0.791752
1121,11.19912576675415,1.035736,15.421224,1.892072
1122,11.20836067199707,0.019136,13.978848,3.413384
1123,11.218372106552124,-0.483184,13.433472,3.489928
1124,11.229127407073975,-0.834808,13.959712,3.284216
1125,11.238390922546387,-0.763048,14.344824,3.559296
1126,11.248356580734253,-1.002248,14.622296,3.987464
1127,11.259117603302002,-1.047696,14.253928,4.300816
1128,11.268362760543823,-1.059656,13.713336,4.62852
1129,11.278446912765503,-0.68172,12.656072,4.58068
1130,11.289162635803223,-0.246376,11.474424,5.281536
1131,11.298447608947754,0.344448,10.11816,5.649904
1132,11.308434963226318,0.911352,8.895848,4.932304
1133,11.319183826446533,1.035736,8.058648,4.013776
1134,11.328368186950684,0.69368,7.54676,3.470792
1135,11.338382005691528,0.110032,4.781608,1.392144
1136,11.349022626876831,-0.110032,5.403528,4.367792
1137,11.358391284942627,1.038128,3.726736,1.959048
1138,11.368350744247437,-0.339664,4.846192,3.02588
1139,11.379098176956177,2.683824,6.212024,2.856048
1140,11.388388872146606,3.501888,8.206952,4.396496
1141,11.398378849029541,1.815528,6.9966,3.296176
1142,11.409108638763428,0.2392,6.152224,1.860976
1143,11.418376207351685,-0.906568,6.307704,1.851408
1144,11.428287982940674,-1.251016,7.374536,2.992392
1145,11.438929080963135,-1.550016,8.022768,3.303352
1146,11.448409080505371,-1.899248,8.680568,2.982824
1147,11.458675384521484,-2.327416,9.48428,2.73884
1148,11.469095230102539,-3.257904,9.716304,2.298712
1149,11.478406429290771,-4.398888,9.785672,2.00928
1150,11.488392353057861,-5.169112,9.883744,1.628952
1151,11.499127864837646,-5.984784,9.91484,1.810744
1152,11.50837254524231,-6.501456,9.79524,1.44716
1153,11.518362522125244,-6.635408,9.47232,1.394536
1154,11.529135942459106,-6.372288,8.881496,1.17208
1155,11.538350343704224,-5.802992,8.273928,0.617136
1156,11.548362016677856,-5.04712,8.202168,-0.02392
1157,11.559206247329712,-4.511312,9.072856,-1.174472
1158,11.568366050720215,-4.922736,11.141936,-2.083432
1159,11.578408002853394,-5.587712,14.428544,-2.681432
1160,11.589149475097656,-5.338944,15.720224,-1.992536
1161,11.598416566848755,-4.097496,13.911872,-0.208104
1162,11.608377695083618,-2.58336,13.163176,0.69368
1163,11.619150638580322,-1.624168,13.617656,0.44252
1164,11.628344774246216,-1.090752,14.282632,-0.088504
1165,11.638399362564087,-0.401856,14.5912,-0.416208
1166,11.648860692977905,0.722384,14.765816,-0.339664
1167,11.658359050750732,2.2724,14.706016,-0.165048
1168,11.668219089508057,3.666936,14.593592,0.497536
1169,11.679116010665894,4.623736,14.572064,1.356264
1170,11.688385486602783,5.109312,13.947752,1.947088
1171,11.698397159576416,5.434624,12.857,2.66708
1172,11.709121942520142,5.683392,11.299808,2.669472
1173,11.71833872795105,5.9202,9.886136,3.303352
1174,11.728345155715942,6.070896,8.757112,3.786536
1175,11.739147186279297,5.661864,7.527624,4.465864
1176,11.748202800750732,4.80792,6.570824,4.774432
1177,11.758370876312256,3.442088,5.41788,4.71224
1178,11.769044876098633,1.963832,4.752904,4.575896
1179,11.778341293334961,0.655408,3.521024,4.025736
1180,11.788264989852905,-0.7774,2.435056,3.757832
1181,11.7990140914917,-2.016456,1.60264,3.473184
1182,11.808395624160767,-2.975648,1.284504,2.951728
1183,11.818385601043701,-3.616704,1.56676,2.262832
1184,11.82911467552185,-3.831984,2.592928,1.612208
1185,11.83839464187622,-4.540016,3.138304,1.39932
1186,11.848376274108887,-3.332056,3.126344,-2.920632
1187,11.859121322631836,-3.75544,10.778352,3.07372
1188,11.868407964706421,-3.305744,13.679848,-1.956656
1189,11.878404378890991,-3.200496,13.47892,-1.779648
1190,11.88910698890686,-1.504568,11.500736,0.667368
1191,11.89840817451477,-0.397072,11.17064,0.724776
1192,11.908231735229492,0.624312,12.76132,-0.485576
1193,11.919029951095581,2.145624,13.067496,-0.94484
1194,11.928413391113281,4.647656,12.907232,-1.872936
1195,11.938398122787476,4.415632,12.101128,0.16744
1196,11.94910717010498,4.451512,10.878816,0.653016
1197,11.95852279663086,3.920488,9.7474,1.210352
1198,11.96829342842102,3.595176,9.242688,1.47108
1199,11.979095697402954,2.801032,11.211304,0.940056
1200,11.988388538360596,1.80596,15.35664,0.949624
1201,11.998465299606323,0.786968,17.4018,2.124096
1202,12.009103059768677,-0.033488,16.126863,3.439696
1203,12.018409252166748,-0.296608,14.25632,3.59996
1204,12.028377771377563,-0.485576,13.301912,3.178968
1205,12.038998365402222,-0.557336,12.687168,2.71492
1206,12.048357725143433,-0.983112,12.495808,2.88236
1207,12.058372974395752,-1.77008,12.912016,3.4086
1208,12.069162607192993,-2.473328,14.057784,4.238624
1209,12.07843279838562,-2.336984,14.306552,4.140552
1210,12.088411092758179,-1.485432,13.859248,4.784
1211,12.09914755821228,-0.779792,11.295024,4.164472
1212,12.108736515045166,1.215136,10.230584,4.791176
1213,12.118374109268188,3.676504,9.666072,4.929912
1214,12.129149198532104,4.551976,8.30024,3.83916
1215,12.138389110565186,4.111848,6.317272,2.85844
1216,12.148388624191284,3.281824,4.755296,2.143232
1217,12.158998727798462,2.612064,3.79132,1.906424
1218,12.16842770576477,2.193464,3.674112,2.628808
1219,12.178407907485962,1.329952,4.307992,4.104672
1220,12.189014434814453,0.499928,3.231592,2.5714
1221,12.198758363723755,1.5548,4.516096,3.485144
1222,12.208416223526001,0.959192,5.039944,4.190784
1223,12.219133853912354,-0.576472,7.123376,4.870112
1224,12.228300333023071,-1.777256,6.527768,3.162224
1225,12.23843002319336,-2.006888,7.611344,2.913456
1226,12.249019861221313,-3.02588,7.381712,1.021384
1227,12.258419752120972,-4.016168,8.053864,1.308424
1228,12.268431663513184,-3.805672,9.55604,1.664832
1229,12.27914571762085,-3.370328,10.30952,1.246232
1230,12.288294792175293,-3.506672,10.65636,1.468688
1231,12.298427820205688,-4.035304,10.421944,1.820312
1232,12.309157609939575,-4.46108,10.180352,1.82988
1233,12.31844186782837,-4.719416,10.039224,1.815528
1234,12.328441143035889,-4.662008,9.821552,1.748552
1235,12.339131116867065,-4.202744,9.572784,1.619384
1236,12.348424673080444,-3.652584,9.613448,1.72224
1237,12.358402729034424,-3.355976,10.228192,2.11692
1238,12.369147300720215,-3.076112,10.45304,1.930344
1239,12.378419399261475,-3.286608,10.579816,1.152944
1240,12.388368844985962,-4.219488,11.371568,0.973544
1241,12.399066686630249,-5.23848,12.457536,0.2392
1242,12.40838623046875,-6.50624,13.8736,-0.315744
1243,12.4183349609375,-6.88896,14.313728,-0.090896
1244,12.429073333740234,-5.994352,13.806624,0.655408
1245,12.438400506973267,-4.41324,14.323296,1.20796
1246,12.448410034179688,-2.999568,15.122224,1.085968
1247,12.459130048751831,-2.04516,15.519296,0.806104
1248,12.468424081802368,-1.325168,15.660424,0.818064
1249,12.478418350219727,-0.270296,15.454712,0.952016
1250,12.488962650299072,0.846768,15.229864,1.322776
1251,12.498416185379028,2.085824,15.196376,1.712672
1252,12.508733749389648,3.394248,14.641432,2.229344
1253,12.519198417663574,4.444336,13.447824,2.772328
1254,12.528403520584106,5.288712,11.87628,3.42056
1255,12.538435459136963,5.767112,10.099024,4.008992
1256,12.549176454544067,5.78864,8.338512,4.315168
1257,12.558372735977173,5.559008,6.776536,4.379752
1258,12.56836199760437,4.889248,5.463328,4.71224
1259,12.579150915145874,4.0066,4.657224,4.834232
1260,12.588397741317749,2.901496,3.939624,4.728984
1261,12.59836745262146,1.607424,3.202888,4.465864
1262,12.60894775390625,0.3588,2.55944,4.322344
1263,12.618380308151245,-0.832416,1.980576,3.932448
1264,12.628424644470215,-2.114528,1.731808,3.501888
1265,12.638394832611084,-3.36076,1.827488,2.961296
1266,12.64849591255188,-4.360616,2.958904,3.03784
1267,12.658405780792236,-4.901208,2.903888,1.454336
1268,12.669151544570923,-4.929912,6.932016,5.245656
1269,12.678513765335083,-4.379752,8.663824,1.126632
1270,12.688422203063965,-4.322344,10.534368,-1.313208
1271,12.699151992797852,-3.73152,12.168104,0.86112
1272,12.708354711532593,-1.504568,11.51748,1.631344
1273,12.718500852584839,0.856336,10.948184,0.210496
1274,12.729139804840088,3.430128,11.5414,-0.70564
1275,12.738435983657837,5.092568,11.969568,-0.440128
1276,12.748480319976807,5.439408,11.759072,0.234416
1277,12.758432626724243,5.056688,10.81184,0.212888
1278,12.768480777740479,4.202744,10.242544,0.258336
1279,12.778419733047485,3.422952,9.9866,-0.01196
1280,12.789045095443726,3.344016,10.23776,-0.499928
1281,12.798439025878906,2.99,12.457536,-0.892216
1282,12.8084397315979,2.54748,15.897232,-1.042912
1283,12.81920051574707,0.947232,17.669704,-0.062192
1284,12.828435897827148,-0.248768,15.720224,1.550016
1285,12.8388032913208,-0.688896,13.68224,2.537912
1286,12.849151372909546,-0.389896,12.758928,2.872792
1287,12.859223365783691,-0.121992,12.28292,2.832128
1288,12.868396282196045,0.456872,11.981528,2.724488
1289,12.878448009490967,-0.15548,11.208912,3.224416
1290,12.888442277908325,-1.540448,11.005592,3.439696
1291,12.898484468460083,-2.420704,12.923976,3.774576
1292,12.90843152999878,-2.198248,14.481168,4.130984
1293,12.918489694595337,-1.600248,13.349752,5.683392
1294,12.928547382354736,0.349232,12.00784,6.640192
1295,12.938427925109863,0.698464,9.218768,4.685928
1296,12.948385238647461,1.640912,9.115912,5.487248
1297,12.958371639251709,2.43984,8.113664,5.10692
1298,12.969184637069702,1.762904,6.798064,3.320096
1299,12.97920536994934,0.940056,5.185856,3.155048
1300,12.988359928131104,-0.078936,4.403672,3.518632
1301,12.998982667922974,0.746304,4.683536,4.04248
1302,13.008368492126465,-0.10764,3.631056,4.176432
1303,13.018319606781006,-0.014352,3.37272,3.9468
1304,13.029041290283203,0.987896,4.379752,4.336696
1305,13.038694143295288,1.02856,6.78132,4.638088
1306,13.048486709594727,-0.004784,7.364968,4.008992
1307,13.058984518051147,-2.370472,6.48232,4.403672
1308,13.068988561630249,-2.746016,8.726016,6.460792
1309,13.078728437423706,-2.179112,8.582496,2.313064
1310,13.089129447937012,-3.578432,8.529872,0.947232
1311,13.098443746566772,-4.738552,9.417304,2.42788
1312,13.108394145965576,-5.544656,10.235368,3.104816
1313,13.119135618209839,-5.88432,10.706592,2.518776
1314,13.128228187561035,-5.807776,11.546184,2.478112
1315,13.138445615768433,-5.28632,10.730512,1.557192
1316,13.148997068405151,-5.173896,9.941152,1.9734
1317,13.158421516418457,-5.097352,8.953256,1.664832
1318,13.168434619903564,-5.020808,8.728408,1.167296
1319,13.179141283035278,-4.77204,9.070464,1.054872
1320,13.18836259841919,-4.408456,9.654112,0.581256
1321,13.198427677154541,-4.884464,10.448256,-0.110032
1322,13.209140539169312,-6.3388,12.084384,-0.8372
1323,13.218453884124756,-7.652008,13.997984,-1.550016
1324,13.228416204452515,-7.57068,14.055392,-1.346696
1325,13.239066362380981,-6.07568,12.735008,-0.583648
1326,13.248387098312378,-4.147728,12.47428,-0.325312
1327,13.258396863937378,-2.700568,13.175136,-0.435344
1328,13.269169330596924,-1.975792,13.92144,-0.815672
1329,13.278437376022339,-1.66244,14.49552,-0.662584
1330,13.288456201553345,-1.059656,15.067208,-0.294216
1331,13.29899001121521,-0.045448,15.134184,0.040664
1332,13.308459997177124,1.150552,15.179632,0.413816
1333,13.318430662155151,2.392,14.835184,0.942448
1334,13.329112768173218,3.688464,13.797056,1.502176
1335,13.338409662246704,5.025592,12.237472,2.346552
1336,13.348283767700195,6.104384,10.409984,3.095248
1337,13.359092235565186,6.43448,8.74276,3.896568
1338,13.36841368675232,5.779072,7.374536,4.071184
1339,13.378412246704102,4.9036,6.14744,3.829592
1340,13.389120101928711,2.741232,4.77204,4.056832
1341,13.398392677307129,1.286896,4.681144,4.645264
1342,13.408414125442505,-0.22724,3.834376,4.597424
1343,13.418402194976807,-1.808352,3.499496,4.327128
1344,13.428443908691406,-3.339232,2.817776,4.049656
1345,13.438450813293457,-4.44912,2.741232,3.666936
1346,13.449118614196777,-5.195424,2.987608,3.104816
1347,13.458427906036377,-5.707312,3.85112,2.95412
1348,13.468446254730225,-5.829304,5.291104,3.066544
1349,13.479037284851074,-5.582928,7.661576,5.008848
1350,13.488440036773682,-4.351048,11.462464,1.944696
1351,13.498441457748413,-2.994784,14.397448,-1.691144
1352,13.509004354476929,-1.162512,14.258712,1.246232
1353,13.518458604812622,1.074008,12.12744,3.140696
1354,13.528713941574097,2.4518,11.25436,1.87772
1355,13.539138078689575,3.222024,11.383528,0.516672
1356,13.54840898513794,3.365544,11.235224,0.354016
1357,13.558403491973877,3.245944,11.292632,0.318136
1358,13.569139003753662,3.382288,10.637224,0.126776
1359,13.578408002853394,3.351192,10.012912,0.882648
1360,13.588431119918823,3.439696,9.48428,0.952016
1361,13.599136352539062,3.219632,10.182744,0.303784
1362,13.608448028564453,2.521168,13.464568,0.44252
1363,13.618411302566528,1.75812,17.33004,0.712816
1364,13.629141569137573,1.002248,17.236752,1.808352
1365,13.638437509536743,0.296608,14.189344,2.939768
1366,13.648457050323486,-0.014352,12.36664,2.997176
1367,13.658940315246582,-0.420992,12.034152,2.944552
1368,13.668379068374634,-1.071616,12.584312,3.5282
1369,13.678308486938477,-1.90164,13.187096,4.272112
1370,13.689129829406738,-1.999712,13.651144,4.800744
1371,13.698452949523926,-1.846624,14.641432,4.8438
1372,13.708451986312866,-0.923312,13.399984,4.7242
1373,13.718980550765991,-0.306176,10.998416,5.78864
1374,13.728455066680908,0.52624,9.008272,6.778928
1375,13.73842716217041,1.942304,8.053864,6.44644
1376,13.748988389968872,2.674256,6.943976,5.2026
1377,13.758413791656494,2.760368,5.953688,4.79596
1378,13.768430471420288,2.588144,5.367648,4.752904
1379,13.779016733169556,2.191072,4.575896,4.319952
1380,13.788438320159912,1.839448,3.975504,4.16208
1381,13.798413276672363,1.018992,3.387072,4.140552
1382,13.808197259902954,-0.040664,2.734056,3.889392
1383,13.81910753250122,0.086112,3.506672,4.551976
1384,13.828315258026123,0.258336,4.886856,4.595032
1385,13.838395118713379,-0.796536,12.62976,13.105768
1386,13.84908151626587,0.009568,8.209344,4.563936
1387,13.85822606086731,-0.318136,7.709416,3.1096
1388,13.868440389633179,-0.796536,8.386352,4.889248
1389,13.879089832305908,-2.1528,10.797488,4.142944
1390,13.888467073440552,-2.961296,11.771032,4.764864
1391,13.898406028747559,-3.781752,11.189776,3.834376
1392,13.908977508544922,-4.04248,10.139688,2.506816
1393,13.918412208557129,-3.820024,9.558432,2.262832
1394,13.928429126739502,-3.403816,10.012912,2.60728
1395,13.939136743545532,-3.289,10.35736,2.83452
1396,13.948457717895508,-2.932592,10.065536,2.65512
1397,13.958434820175171,-2.779504,9.945936,3.188536
1398,13.96888017654419,-3.035448,9.417304,3.200496
1399,13.978095531463623,-3.664544,8.93412,2.61924
1400,13.988207817077637,-4.059224,8.388744,1.959048
1401,13.998966455459595,-4.291248,8.517912,1.258192
1402,14.008355140686035,-5.03516,9.199632,0.148304
1403,14.018349409103394,-6.020664,10.764,-1.0166
1404,14.029131889343262,-6.534944,12.292488,-1.971008
1405,14.038377523422241,-6.149832,13.026832,-2.002104
1406,14.048400402069092,-5.434624,13.270816,-1.384968
1407,14.05894923210144,-4.836624,13.663104,-1.683968
1408,14.068354606628418,-4.958616,14.442896,-1.90164
1409,14.078391790390015,-5.183464,15.071992,-1.923168
1410,14.089101314544678,-4.810312,15.992912,-1.7342
1411,14.09845232963562,-3.477968,16.743999,-1.2558
1412,14.10841679573059,-1.119456,17.437679,-0.124384
1413,14.119154453277588,1.858584,17.762993,1.23188
1414,14.128380060195923,4.970576,17.198481,2.38004
1415,14.138363361358643,7.216664,16.004871,3.167008
1416,14.14908766746521,7.946224,14.517048,3.088072
1417,14.158410549163818,8.15672,12.21116,4.58068
1418,14.168303966522217,7.907952,10.364536,5.116488
1419,14.179145097732544,7.24776,8.936512,5.372432
1420,14.188384056091309,6.24312,7.632872,5.35808
1421,14.198279857635498,4.74812,6.711952,5.25044
1422,14.20916748046875,2.949336,6.190496,6.233552
1423,14.218385696411133,0.954408,5.470504,6.76936
1424,14.228392839431763,-1.39932,4.504136,6.305312
1425,14.239156007766724,-3.870256,3.391856,5.910632
1426,14.248390197753906,-5.324592,1.736592,4.190784
1427,14.258421182632446,-6.417736,0.363584,3.080896
1428,14.269079208374023,-7.25972,-0.425776,2.729272
1429,14.27846884727478,-7.111416,0.39468,2.741232
1430,14.288429737091064,-6.223984,2.573792,2.174328
1431,14.298957824707031,-5.511168,5.408312,2.812992
1432,14.308300495147705,-3.63584,7.776392,1.253408
1433,14.318430423736572,-2.8106,13.14404,4.20992
1434,14.32911729812622,-1.707888,13.543504,-0.294216
1435,14.33844256401062,-0.533416,13.316264,0.650624
1436,14.34873080253601,0.971152,11.165856,1.48304
1437,14.35840630531311,1.456728,9.912448,0.4186
1438,14.368438959121704,2.387216,10.115768,-1.129024
1439,14.378437280654907,3.06176,11.40984,-0.569296
1440,14.388961791992188,6.18332,12.876136,-0.80132
1441,14.398440599441528,5.530304,12.05568,-0.839592
1442,14.408432483673096,3.509064,10.005736,-0.997464
1443,14.419017314910889,2.466152,9.347936,-0.641056
1444,14.428383111953735,1.693536,10.30952,-0.172224
1445,14.438393354415894,1.317992,13.139256,0.798928
1446,14.449148416519165,1.502176,16.107727,1.179256
1447,14.458382606506348,0.688896,17.614689,1.210352
1448,14.46828579902649,-0.40664,16.399551,1.473472
1449,14.478983163833618,-1.361048,14.916512,2.267616
1450,14.488439083099365,-1.880112,14.251536,2.193464
1451,14.498418092727661,-2.36808,13.737256,2.052336
1452,14.509111642837524,-3.059368,13.469352,2.5714
1453,14.518365383148193,-3.442088,12.878528,3.164616
1454,14.52837347984314,-3.745872,12.251824,3.721952
1455,14.539308309555054,-3.523416,12.165712,4.391712
1456,14.548431873321533,-2.939768,11.811696,3.95876
1457,14.558412790298462,-1.738984,11.1228,5.709704
1458,14.569145917892456,-0.277472,8.893456,5.539872
1459,14.578710079193115,0.763048,8.343296,6.561256
1460,14.588407754898071,3.260296,8.489208,6.68564
1461,14.59918212890625,4.166864,8.484424,5.518344
1462,14.608418703079224,2.99,7.467824,3.614312
1463,14.618381023406982,1.939912,7.111416,2.36808
1464,14.62898588180542,0.157872,6.104384,2.291536
1465,14.638404369354248,-0.086112,5.271968,2.322632
1466,14.648433923721313,0.093288,5.834088,3.872648
1467,14.659128427505493,-3.466008,5.173896,7.874464
1468,14.668418407440186,2.492464,2.691,-11.7208
1469,14.678302764892578,2.028416,7.649616,6.788496
1470,14.68839955329895,1.334736,10.218624,6.460792
1471,14.698412895202637,-0.098072,10.54872,2.779504
1472,14.708427429199219,-2.647944,10.730512,2.093
1473,14.71912693977356,-4.195568,10.359752,1.26776
1474,14.728288412094116,-5.10692,11.515088,2.353728
1475,14.73843240737915,-5.948904,11.366784,2.270008
1476,14.749148845672607,-6.70956,11.256752,1.856192
1477,14.758756160736084,-6.592352,10.826192,1.557192
1478,14.768456935882568,-6.113952,10.055968,1.497392
1479,14.778428792953491,-5.279144,9.405344,1.98536
1480,14.788193702697754,-4.32952,8.671,2.08104
1481,14.798376560211182,-3.949192,8.525088,1.774864
1482,14.809017658233643,-3.894176,8.496384,1.117064
1483,14.818377017974854,-3.953976,8.747544,0.719992
1484,14.828286170959473,-4.071184,9.19724,0.476008
1485,14.838971138000488,-4.850976,10.443472,0.026312
1486,14.848459959030151,-6.202456,12.24704,-0.598
1487,14.858474969863892,-7.27168,13.163176,-0.997464
1488,14.869172096252441,-7.2358,12.77328,-0.734344
1489,14.878463745117188,-6.408168,12.428832,-0.002392
1490,14.888485431671143,-5.219344,13.026832,0.399464
1491,14.89919114112854,-4.219488,13.78988,0.301392
1492,14.908314943313599,-3.544944,14.820832,0.016744
1493,14.91838526725769,-3.131128,16.270384,-0.413816
1494,14.929111957550049,-2.454192,17.346785,-0.605176
1495,14.938400745391846,-1.466296,17.791697,-0.521456
1496,14.948294639587402,-0.0598,18.334681,0.078936
1497,14.95893383026123,1.796392,18.334681,1.062048
1498,14.968373537063599,3.482752,17.519009,2.16476
1499,14.978398561477661,5.032768,15.61976,3.329664
1500,14.989166975021362,6.252688,13.481312,4.252976
1501,14.99845266342163,6.970288,11.184992,4.47304
