//Date Created 2022-12-09 13:18:01.609016
"//Units: sec, m/s/s"
Action,walking
SampleRate,100.0
Frames#,Time,AccX,AccY,AccZ
1,5.0067901611328125e-06,4.829448,11.275888,3.506672
2,0.010829925537109375,4.547192,11.096488,3.310528
3,0.02027130126953125,4.044872,10.878816,2.961296
4,0.0299224853515625,3.458832,11.833224,2.528344
5,0.04064655303955078,3.327272,13.160784,2.473328
6,0.050257205963134766,3.848728,13.608088,3.231592
7,0.06020927429199219,5.09496,13.08424,4.22188
8,0.07082343101501465,6.477536,12.526904,4.728984
9,0.08030223846435547,7.348224,12.325976,4.657224
10,0.09064388275146484,7.76204,11.938472,4.360616
11,0.10085153579711914,7.783568,11.5414,4.465864
12,0.11016249656677246,7.539584,11.448112,4.695496
13,0.12058520317077637,7.130552,11.273496,4.839016
14,0.1310114860534668,6.594744,11.187384,5.379608
15,0.14043164253234863,5.924984,10.697024,5.616416
16,0.1505739688873291,5.228912,10.079888,5.905848
17,0.1608715057373047,4.49696,9.297704,5.898672
18,0.17031192779541016,3.817632,8.513128,5.702528
19,0.1800839900970459,3.296176,7.85772,5.547048
20,0.1910238265991211,2.997176,7.46304,5.315024
21,0.20068359375,2.91824,7.137728,4.910776
22,0.21024274826049805,3.066544,6.802848,4.599816
23,0.22084760665893555,3.21724,6.295744,4.427592
24,0.2305898666381836,3.329664,5.72884,4.064008
25,0.24059033393859863,3.315312,5.219344,3.698032
26,0.25083255767822266,3.25312,4.922736,3.33684
27,0.26059508323669434,3.152656,4.913168,3.12156
28,0.2705106735229492,3.009136,5.147584,2.8704
29,0.2808239459991455,3.042624,5.45376,2.781896
30,0.2905871868133545,3.1096,5.70492,2.686216
31,0.3005855083465576,3.033056,5.865184,2.360904
32,0.31096363067626953,3.080896,6.23116,2.183896
33,0.320415735244751,3.2292,6.544512,1.932736
34,0.33058881759643555,2.841696,7.649616,3.62388
35,0.3408389091491699,3.561688,5.64512,0.696072
36,0.35059595108032227,1.729416,7.176,3.231592
37,0.360612154006958,4.547192,9.338368,1.688752
38,0.3708345890045166,5.231304,10.744864,2.688608
39,0.38060927391052246,3.628664,8.517912,2.88236
40,0.3905792236328125,1.796392,5.94412,2.444624
41,0.4008197784423828,1.282112,4.774432,2.542696
42,0.4105837345123291,2.1528,4.099888,2.293928
43,0.42023730278015137,4.236232,4.190784,1.966224
44,0.4306046962738037,3.836768,5.171504,1.860976
45,0.440610408782959,3.482752,7.898384,1.94948
46,0.45058679580688477,2.963688,12.670424,2.777112
47,0.4608170986175537,1.102712,17.413759,2.2724
48,0.4705512523651123,-1.26776,17.770168,1.789216
49,0.48013734817504883,-2.89432,15.622152,2.518776
50,0.4908905029296875,-3.07372,14.713192,3.33684
51,0.5003023147583008,-1.837056,14.839968,4.415632
52,0.510387659072876,0.126776,14.667744,5.547048
53,0.5208301544189453,2.301104,14.117584,6.3986
54,0.530146598815918,3.848728,13.038792,6.78132
55,0.5402545928955078,4.171648,11.967176,6.845904
56,0.550940752029419,3.532984,11.007984,5.98
57,0.560157299041748,2.226952,10.02248,4.905992
58,0.5703465938568115,0.937664,9.103952,4.195568
59,0.5809524059295654,0.16744,8.4318,3.860688
60,0.5902199745178223,-0.090896,7.747688,3.666936
61,0.6000759601593018,-0.026312,7.183176,3.59996
62,0.610785961151123,0.102856,6.578,3.530592
63,0.6205224990844727,-0.081328,6.011096,3.509064
64,0.6305718421936035,-0.464048,5.432232,3.114384
65,0.6408770084381104,-0.863512,4.882072,2.791464
66,0.6510419845581055,-1.246232,4.485,2.700568
67,0.6602175235748291,-1.44716,4.135768,2.576184
68,0.6707861423492432,-1.361048,3.80328,2.52356
69,0.6805500984191895,-0.643448,3.853512,2.396784
70,0.6906018257141113,-0.181792,3.927664,2.640768
71,0.7007663249969482,-0.208104,4.095104,3.100032
72,0.7101950645446777,0.150696,4.049656,3.02588
73,0.7204718589782715,0.428168,4.965792,3.965936
74,0.7306785583496094,0.026312,5.831696,3.74348
75,0.7405436038970947,-0.983112,6.690424,3.162224
76,0.7505836486816406,-2.26044,7.699848,2.585752
77,0.7607948780059814,-3.521024,8.936512,2.219776
78,0.7704916000366211,-4.614168,10.591776,2.028416
79,0.7805607318878174,-4.779216,11.328512,1.956656
80,0.7907955646514893,-4.59264,11.251968,2.6312
81,0.800581693649292,-4.10228,10.917088,2.85844
82,0.8106327056884766,-3.817632,10.902736,2.408744
83,0.8208112716674805,-3.654976,11.13476,2.12888
84,0.8307924270629883,-3.906136,11.352432,2.05712
85,0.8406064510345459,-3.89896,11.378744,2.238912
86,0.8507745265960693,-3.65976,11.869104,2.42788
87,0.860400915145874,-3.733912,13.524368,2.20064
88,0.8704729080200195,-4.01856,14.971528,2.327416
89,0.8807859420776367,-3.616704,14.916512,2.827344
90,0.8903722763061523,-3.14548,13.856856,3.30096
91,0.9002151489257812,-2.856048,13.388024,3.272256
92,0.9110453128814697,-3.054584,13.600912,3.090464
93,0.9205141067504883,-3.836768,14.069744,2.97804
94,0.9306056499481201,-4.25776,14.8902,2.382432
95,0.9407885074615479,-4.205136,15.409264,2.2126
96,0.9504525661468506,-3.155048,15.552784,2.219776
97,0.9605929851531982,-1.561976,15.198768,1.994928
98,0.9707882404327393,0.043056,15.079168,1.923168
99,0.9805901050567627,1.08836,14.863888,1.918384
100,0.9905896186828613,1.899248,14.478776,1.664832
101,1.0001978874206543,2.569008,13.823368,1.78204
102,1.0101146697998047,2.79864,12.732616,2.143232
103,1.020477294921875,2.937376,11.778208,2.095392
104,1.0307729244232178,3.064152,10.850112,2.243696
105,1.0406584739685059,3.31292,9.977032,2.38004
106,1.0503711700439453,3.501888,9.084816,2.521168
107,1.0605807304382324,3.293784,8.154328,2.901496
108,1.0702505111694336,2.85844,7.190352,3.107208
109,1.080064296722412,2.183896,6.43448,3.334448
110,1.0909340381622314,1.241448,5.726448,3.461224
111,1.1000053882598877,0.315744,5.233696,3.403816
112,1.110349416732788,-0.499928,4.83184,3.1694
113,1.120859146118164,-1.11228,4.429984,2.946944
114,1.1301887035369873,-1.612208,4.226664,2.748408
115,1.140214204788208,-1.774864,4.339088,2.516384
116,1.150367021560669,-1.870544,4.501744,2.205424
117,1.1602082252502441,-1.896856,4.803136,1.904032
118,1.1701257228851318,-1.92556,5.204992,1.523704
119,1.1807794570922852,-2.004496,5.726448,1.270152
120,1.1898775100708008,-1.9136,6.293352,1.210352
121,1.1998462677001953,-1.84184,6.790888,1.176864
122,1.2105731964111328,-1.69832,7.147296,1.042912
123,1.2198035717010498,-1.609816,7.613736,0.916136
124,1.2300755977630615,-1.361048,8.147152,0.55016
125,1.2408180236816406,-1.057264,9.22116,0.734344
126,1.2501823902130127,-0.672152,9.77132,0.339664
127,1.2600693702697754,-0.380328,11.070176,0.03588
128,1.270859956741333,0.99268,11.594024,0.523848
129,1.2802143096923828,0.34684,11.14672,1.313208
130,1.2901546955108643,-0.20332,10.962536,1.42324
131,1.300809383392334,-0.507104,10.854896,1.683968
132,1.3102426528930664,-0.566904,10.125336,1.655264
133,1.3205041885375977,-0.110032,9.977032,1.272544
134,1.330901861190796,0.626704,10.830976,1.057264
135,1.340540885925293,1.552408,12.012624,1.174472
136,1.3506178855895996,2.317848,12.696736,1.92556
137,1.3608155250549316,2.5714,12.828296,2.717312
138,1.3703150749206543,2.222168,12.794808,2.79864
139,1.3805549144744873,1.621776,12.687168,2.784288
140,1.390808343887329,1.018992,12.615408,2.879968
141,1.400559902191162,0.13156,12.852216,3.128736
142,1.410599708557129,-0.937664,13.404768,3.51624
143,1.420809268951416,-1.703104,14.158248,3.86308
144,1.4306063652038574,-1.731808,14.548144,3.81524
145,1.4401519298553467,-0.971152,14.34004,3.97072
146,1.4506926536560059,0.277472,13.665496,4.22188
147,1.4605836868286133,1.487824,12.337936,3.781752
148,1.4702842235565186,2.04516,10.711376,3.07372
149,1.4808087348937988,2.303496,9.730656,3.222024
150,1.4903395175933838,2.203032,8.537048,2.999568
151,1.500575065612793,1.951872,7.66636,2.650336
152,1.510812759399414,1.621776,6.932016,2.65512
153,1.5204541683197021,1.224704,6.212024,2.504424
154,1.5305843353271484,0.90896,5.769504,3.198104
155,1.5407836437225342,0.483184,5.336552,3.463616
156,1.550549030303955,-0.045448,4.929912,3.413384
157,1.5605885982513428,-0.172224,4.872504,3.690856
158,1.5709254741668701,-0.619528,4.080752,3.188536
159,1.5806024074554443,-1.12424,3.114384,3.004352
160,1.5905711650848389,-0.870688,3.626272,4.061616
161,1.6010382175445557,-0.595608,4.874896,3.698032
162,1.6105878353118896,-0.724776,6.25508,3.188536
163,1.6204426288604736,-1.289288,6.43448,3.00196
164,1.6308021545410156,-2.198248,5.915416,2.903888
165,1.6405978202819824,-2.7508,6.14744,3.107208
166,1.6506004333496094,-3.344016,6.652152,3.028272
167,1.6607940196990967,-4.04248,7.692672,3.06176
168,1.6704204082489014,-4.750512,9.025016,2.664688
169,1.6805570125579834,-5.41788,10.072712,1.918384
170,1.690772294998169,-5.78864,10.089456,1.222312
171,1.7005746364593506,-5.87236,10.517624,2.026024
172,1.7101478576660156,-5.532696,10.182744,2.540304
173,1.7208280563354492,-4.92752,9.618232,2.413528
174,1.7305827140808105,-4.040088,9.871784,2.569008
175,1.740072250366211,-3.513848,10.23776,1.899248
176,1.7508177757263184,-2.97804,10.792704,2.095392
177,1.760178804397583,-2.494856,10.952968,1.971008
178,1.770284652709961,-2.435056,11.56532,1.767688
179,1.7808830738067627,-3.071328,13.007696,1.277328
180,1.7901124954223633,-3.686072,14.36396,0.897
181,1.8006763458251953,-3.788928,14.976312,0.559728
182,1.8110148906707764,-3.36076,14.93804,0.590824
183,1.8202719688415527,-2.26044,14.605552,0.803712
184,1.8304519653320312,-0.937664,14.246752,1.282112
185,1.8407819271087646,0.045448,14.402232,1.272544
186,1.8503789901733398,0.444912,14.8902,0.581256
187,1.8603179454803467,0.208104,14.715584,0.566904
188,1.8710031509399414,0.165048,14.624688,1.186432
189,1.8803327083587646,0.308568,14.36396,1.509352
190,1.8904633522033691,0.217672,13.68224,1.47108
191,1.9010133743286133,0.241592,13.053144,1.332344
192,1.9103152751922607,0.593216,12.739792,1.550016
193,1.920408010482788,1.430416,12.12744,1.652872
194,1.931011438369751,2.061904,11.192168,1.7342
195,1.9404516220092773,2.18868,10.18992,1.956656
196,1.9503822326660156,2.006888,9.025016,2.040376
197,1.9609096050262451,1.528488,7.98928,2.334592
198,1.9702935218811035,0.856336,7.063576,2.518776
199,1.9806129932403564,0.2392,6.334016,2.688608
200,1.990854263305664,-0.420992,5.527912,2.79864
201,2.000664234161377,-0.7774,4.95144,2.65512
202,2.0106658935546875,-1.026168,4.62852,2.537912
203,2.0208654403686523,-1.126632,4.40128,2.353728
204,2.0301742553710938,-1.239056,4.264936,2.203032
205,2.0406529903411865,-1.260584,4.159688,2.100176
206,2.050848960876465,-1.284504,4.255368,1.882504
207,2.060649871826172,-1.062048,4.468256,1.681576
208,2.0705299377441406,-1.224704,5.267184,1.628952
209,2.0808990001678467,-0.449696,5.791032,1.353872
210,2.090158224105835,-0.076544,5.374824,0.820456
211,2.100338935852051,-1.062048,7.996456,2.179112
212,2.1108765602111816,-0.978328,8.295456,-1.145768
213,2.120445489883423,-0.755872,8.6112,-0.830024
214,2.1301653385162354,-0.301392,9.12548,0.767832
215,2.1408660411834717,-0.14352,10.110984,1.356264
216,2.1506524085998535,0.110032,11.094096,0.497536
217,2.1606669425964355,0.148304,11.543792,-0.243984
218,2.170915365219116,-0.476008,11.857144,0.545376
219,2.1806557178497314,0.050232,12.050896,1.624168
220,2.1906564235687256,-1.370616,11.668176,1.90164
221,2.2008519172668457,-1.923168,11.467248,1.033344
222,2.2106549739837646,-1.695928,11.029512,2.193464
223,2.2203290462493896,-1.260584,11.354824,3.104816
224,2.2308547496795654,-0.40664,11.400272,2.573792
225,2.240544080734253,0.114816,11.546184,2.078648
226,2.2506253719329834,0.198536,12.610624,1.712672
227,2.260854721069336,0.46644,13.289952,2.040376
228,2.2705202102661133,0.664976,12.495808,3.186144
229,2.2806379795074463,1.014208,11.436152,3.628664
230,2.2908523082733154,1.282112,10.421944,3.370328
231,2.3006153106689453,1.93752,10.194704,3.418168
232,2.3106560707092285,2.109744,10.606128,3.521024
233,2.3208746910095215,1.660048,11.359608,3.652584
234,2.3302111625671387,0.815672,11.92412,3.953976
235,2.340053081512451,-0.1196,12.421656,4.284072
236,2.3509411811828613,-1.325168,12.254216,4.073576
237,2.3602137565612793,-1.384968,12.134616,4.391712
238,2.3702681064605713,-0.277472,12.242256,4.22188
239,2.3809430599212646,1.296464,11.878672,4.004208
240,2.3903861045837402,2.157584,10.921872,3.67172
241,2.4004831314086914,2.004496,9.670856,3.317704
242,2.4109673500061035,1.217528,8.257184,2.746016
243,2.42046856880188,0.770224,7.006168,2.509208
244,2.4302237033843994,0.413816,5.972824,2.839304
245,2.4410223960876465,0.999856,6.288568,3.267472
246,2.4504075050354004,0.241592,4.99928,3.033056
247,2.4606025218963623,-0.545376,3.999424,3.355976
248,2.4710538387298584,-0.449696,4.279288,4.008992
249,2.48016357421875,-0.289432,4.441944,3.406208
250,2.4901959896087646,-2.138448,8.104096,7.054008
251,2.500875949859619,-0.786968,5.51356,5.281536
252,2.510291576385498,0.129168,6.128304,4.989712
253,2.520473003387451,-0.04784,5.69296,2.789072
254,2.5309712886810303,-1.609816,5.520736,2.528344
255,2.5406076908111572,-2.573792,5.13084,1.48304
256,2.5506021976470947,-3.02588,6.178536,2.72688
257,2.5608456134796143,-3.305744,7.132944,3.39664
258,2.5704567432403564,-3.71956,8.171072,3.65976
259,2.5806078910827637,-4.10228,8.52748,3.310528
260,2.5906076431274414,-4.549584,8.749936,2.911064
261,2.600625991821289,-5.097352,8.804952,2.70296
262,2.6106302738189697,-5.975216,9.072856,2.492464
263,2.6208698749542236,-6.7574,9.441224,2.136056
264,2.6306490898132324,-7.063576,10.051184,1.849016
265,2.64021635055542,-6.384248,10.194704,1.813136
266,2.650840997695923,-5.271968,10.18992,1.856192
267,2.66062331199646,-4.099888,10.534368,1.99732
268,2.6704261302948,-3.128736,11.01516,2.286752
269,2.680859088897705,-2.46376,11.05104,2.533128
270,2.690615653991699,-1.992536,10.964928,2.468544
271,2.70063853263855,-2.157584,11.582064,2.114528
272,2.7108423709869385,-2.592928,12.766104,1.559584
273,2.720407724380493,-3.004352,14.062568,1.196
274,2.7306301593780518,-2.772328,14.368744,1.33952
275,2.7408547401428223,-2.102568,14.050608,1.65048
276,2.750852584838867,-1.432808,13.593736,1.772472
277,2.7606351375579834,-1.066832,13.136864,1.42324
278,2.770869016647339,-1.157728,13.163176,1.16012
279,2.7806155681610107,-1.588288,13.61048,1.007032
280,2.790170192718506,-2.071472,14.093664,1.119456
281,2.800807237625122,-2.061904,14.19652,1.284504
282,2.8100643157958984,-1.727024,14.000376,1.413672
283,2.8203444480895996,-1.193608,13.892736,1.573936
284,2.830843210220337,-0.751088,13.648752,1.621776
285,2.840243101119995,-0.260728,13.35932,1.648088
286,2.8503432273864746,0.39468,12.806768,1.863368
287,2.8607394695281982,1.126632,12.230296,2.138448
288,2.870478868484497,1.703104,11.35004,2.604888
289,2.880664348602295,1.918384,10.266464,2.772328
290,2.8901479244232178,1.951872,8.977176,2.815384
291,2.9003076553344727,1.810744,7.814664,3.02588
292,2.91064715385437,1.559584,6.774144,3.076112
293,2.9208579063415527,1.191216,5.963256,3.076112
294,2.9305953979492188,0.803712,5.27436,3.092856
295,2.94014310836792,0.452088,4.71224,2.949336
296,2.9510045051574707,0.165048,4.17404,2.836912
297,2.960381269454956,-0.174616,3.798496,2.626416
298,2.9703738689422607,-0.480792,3.604744,2.609672
299,2.9808990955352783,-0.04784,3.068936,0.86112
300,2.9901742935180664,0.243984,2.480504,2.382432
301,3.000582218170166,-1.648088,5.207384,3.616704
302,3.010721206665039,-1.705496,4.877288,-0.16744
303,3.0209133625030518,-2.265224,5.738408,0.33488
304,3.0306148529052734,-2.348944,6.903312,1.906424
305,3.0410261154174805,-2.061904,7.680712,1.093144
306,3.0501880645751953,-1.77008,8.821696,0.545376
307,3.0606119632720947,-1.492608,9.857432,0.50232
308,3.0709168910980225,-1.251016,10.53676,0.581256
309,3.080385684967041,-1.693536,11.0032,0.578864
310,3.0906550884246826,-2.06908,11.436152,0.473616
311,3.100893974304199,-2.478112,12.015016,0.389896
312,3.110668897628784,-2.02124,12.12744,0.105248
313,3.120405912399292,-0.897,12.316408,0.399464
314,3.1308467388153076,-0.162656,12.40252,1.002248
315,3.1403656005859375,0.229632,12.36664,2.023632
316,3.150200366973877,-0.34684,11.775816,2.179112
317,3.1608500480651855,-1.468688,11.240008,1.942304
318,3.1701862812042236,-2.243696,12.024584,2.647944
319,3.180337429046631,-2.229344,13.52676,2.145624
320,3.190796375274658,-2.387216,14.839968,2.073864
321,3.200300693511963,-2.341768,13.792272,3.171792
322,3.2106494903564453,-2.073864,11.522264,4.095104
323,3.2208502292633057,-1.564368,9.716304,4.202744
324,3.2306222915649414,-0.99268,8.44376,3.968328
325,3.2401654720306396,-0.420992,7.513272,3.889392
326,3.250802993774414,-0.834808,7.424768,3.817632
327,3.2606499195098877,-1.707888,7.793136,3.1694
328,3.2704315185546875,-2.820168,9.67564,2.956512
329,3.2808454036712646,-3.509064,11.20652,2.317848
330,3.2900514602661133,-2.717312,11.582064,2.77472
331,3.300201654434204,-0.916136,11.309376,3.198104
332,3.310804605484009,1.239056,11.400272,3.399032
333,3.3203775882720947,2.557048,11.177816,3.152656
334,3.330601215362549,2.358512,10.316696,2.640768
335,3.340832233428955,1.282112,9.008272,1.990144
336,3.3501884937286377,0.846768,7.96536,1.947088
337,3.3605453968048096,0.987896,7.25972,2.616848
338,3.370957612991333,1.26776,6.836336,3.071328
339,3.3805480003356934,1.203176,6.544512,3.322488
340,3.3905885219573975,0.971152,5.874752,3.322488
341,3.4007956981658936,0.758264,6.02784,3.937232
342,3.4105966091156006,0.313352,4.351048,2.915848
343,3.420164108276367,-0.674544,4.403672,4.6644
344,3.430818557739258,-0.392288,4.298424,3.226808
345,3.440735340118408,0.220064,4.681144,3.332056
346,3.4505972862243652,0.01196,5.350904,4.504136
347,3.4608850479125977,-1.014208,4.956224,4.755296
348,3.470405101776123,-2.339376,3.896568,1.550016
349,3.48057222366333,-2.879968,6.235944,4.681144
350,3.4908158779144287,-3.138304,7.178392,3.884608
351,3.5006420612335205,-3.274648,8.008416,3.131128
352,3.5106263160705566,-3.676504,8.106488,2.509208
353,3.5208096504211426,-3.83916,8.424624,1.994928
354,3.5308308601379395,-4.025736,9.295312,2.884752
355,3.5401391983032227,-4.642872,10.216232,2.937376
356,3.5510973930358887,-5.109312,10.89556,2.518776
357,3.5603063106536865,-5.487248,11.012768,2.372864
358,3.5703208446502686,-5.587712,10.909912,2.372864
359,3.580974578857422,-5.140408,10.91948,2.23652
360,3.5902533531188965,-4.566328,10.988848,2.167152
361,3.600621223449707,-4.310384,10.988848,2.253264
362,3.6109745502471924,-4.169256,10.737688,2.363296
363,3.6202614307403564,-4.154904,10.66832,2.317848
364,3.6306710243225098,-4.274504,11.261536,1.920776
365,3.640754461288452,-4.757688,12.912016,1.35148
366,3.6506543159484863,-5.209776,15.031328,0.937664
367,3.660651683807373,-4.93948,15.71544,0.87308
368,3.670886516571045,-3.980288,14.768208,1.504568
369,3.680644989013672,-2.70296,13.710944,2.26044
370,3.690340280532837,-1.657656,12.794808,2.552264
371,3.700913429260254,-1.133808,12.206376,2.423096
372,3.7106614112854004,-1.02856,12.41448,2.04516
373,3.720165252685547,-1.119456,13.452608,1.727024
374,3.730787754058838,-1.143376,14.318512,1.703104
375,3.7406578063964844,-1.023776,14.296984,1.999712
376,3.7502682209014893,-0.758264,13.997984,2.186288
377,3.7608892917633057,-0.423384,13.581776,2.384824
378,3.7703983783721924,-0.308568,13.079456,2.389608
379,3.7801973819732666,-0.296608,12.263784,2.3322
380,3.790830373764038,0.177008,11.37396,2.492464
381,3.800326347351074,0.899392,10.45304,2.96608
382,3.810641050338745,1.660048,9.395776,3.269864
383,3.8209481239318848,2.073864,8.338512,3.554512
384,3.8306334018707275,1.959048,7.338656,3.638232
385,3.8402209281921387,1.753336,6.379464,3.580824
386,3.8509328365325928,1.317992,5.420272,3.511456
387,3.8603053092956543,0.78936,4.738552,3.487536
388,3.8700573444366455,0.387504,4.186,3.391856
389,3.880984306335449,-0.260728,3.81524,3.303352
390,3.8901820182800293,-0.952016,3.566472,3.305744
391,3.9003403186798096,-1.688752,3.439696,3.016312
392,3.9110546112060547,-2.253264,3.413384,2.88236
393,3.9203782081604004,-2.7508,3.643016,2.614456
394,3.930349588394165,-2.860832,4.064008,2.42788
395,3.9410276412963867,-3.021096,4.7242,2.04516
396,3.9504289627075195,-3.068936,5.582928,1.573936
397,3.960315704345703,-3.351192,6.869824,1.380184
398,3.9710445404052734,-2.719704,6.496672,-1.691144
399,3.980341911315918,-3.71956,9.22116,2.11692
400,3.990283250808716,-3.30096,9.668464,-1.191216
401,4.000914573669434,-2.102568,10.479352,-1.169688
402,4.010388135910034,-0.832416,10.85968,0.44252
403,4.020410776138306,0.110032,11.510304,1.86576
404,4.031059503555298,-0.602784,11.436152,0.04784
405,4.040622711181641,-1.420848,12.134616,-0.32292
406,4.0506591796875,-1.561976,11.558144,-0.296608
407,4.060916423797607,-0.978328,11.235224,0.727168
408,4.0704505443573,-0.564512,11.306984,1.612208
409,4.080448865890503,-0.447304,11.546184,1.827488
410,4.090307235717773,-0.38272,11.579672,1.808352
411,4.100639820098877,-0.43056,12.364248,1.796392
412,4.110645294189453,-0.985504,14.019512,1.633736
413,4.120823383331299,-1.583504,14.792128,2.23652
414,4.130633592605591,-1.875328,13.409552,3.248336
415,4.140191078186035,-1.619384,11.395488,4.22188
416,4.150881052017212,-0.947232,10.134904,4.755296
417,4.160968065261841,-0.212888,9.19724,4.80792
418,4.170219898223877,0.349232,8.625552,4.420416
419,4.181051731109619,0.1196,8.819304,4.05444
420,4.190660715103149,-1.152944,9.816768,3.925272
421,4.200668096542358,-2.525952,11.598808,3.662152
422,4.210900068283081,-3.315312,13.034008,3.532984
423,4.220428466796875,-3.176576,12.672816,3.79132
424,4.230636358261108,-2.066688,11.873888,3.977896
425,4.240887880325317,-0.492752,11.87628,4.032912
426,4.25044846534729,1.14816,11.328512,3.604744
427,4.2606377601623535,1.741376,9.369464,2.973256
428,4.270976305007935,2.712528,8.063432,2.96608
429,4.281184673309326,3.571256,7.286032,3.090464
430,4.290631294250488,3.212456,6.774144,2.8106
431,4.3008713722229,2.066688,5.795816,2.52356
432,4.310635089874268,0.865904,5.11888,2.899104
433,4.320230960845947,-0.009568,4.645264,3.80328
434,4.3308727741241455,-0.066976,4.386928,3.820024
435,4.340646982192993,-0.712816,3.772184,4.217096
436,4.35060715675354,-1.045304,4.147728,4.59264
437,4.360860109329224,-0.22724,4.37736,3.363152
438,4.370416164398193,-0.10764,4.817488,3.700424
439,4.380648851394653,-0.746304,5.006456,4.363008
440,4.390931129455566,-1.887288,4.575896,1.215136
441,4.40064549446106,-2.097784,7.10424,4.322344
442,4.410653114318848,-2.827344,8.1328,3.487536
443,4.421002149581909,-3.81524,7.960576,2.652728
444,4.430626630783081,-3.44448,8.068216,2.157584
445,4.440630197525024,-3.38468,8.44376,2.389608
446,4.450838327407837,-3.698032,9.335976,3.511456
447,4.460626602172852,-4.465864,9.967464,3.461224
448,4.470418453216553,-5.224128,10.455432,2.961296
449,4.4809250831604,-5.881928,10.649184,2.458976
450,4.490091800689697,-6.097208,10.821408,2.506816
451,4.500345706939697,-5.60924,10.670712,2.518776
452,4.510851860046387,-5.264792,10.610912,2.513992
453,4.520492315292358,-4.824664,10.558288,2.387216
454,4.5308005809783936,-4.334304,10.48892,2.243696
455,4.540863990783691,-3.977896,10.505664,2.030808
456,4.5503740310668945,-3.829592,10.857288,1.851408
457,4.5606653690338135,-4.300816,12.321192,1.224704
458,4.571053981781006,-5.104528,14.777776,0.432952
459,4.580639600753784,-5.348512,15.95464,0.26312
460,4.590657472610474,-4.43716,14.98588,1.21992
461,4.600837230682373,-2.8704,13.653536,2.205424
462,4.610627889633179,-1.552408,12.80916,2.47572
463,4.620445489883423,-1.0764,12.29488,2.234128
464,4.630890846252441,-1.45912,12.720656,1.990144
465,4.640332221984863,-1.810744,13.545896,1.57872
466,4.65065336227417,-1.899248,13.995592,1.176864
467,4.660841464996338,-1.547624,14.07692,1.317992
468,4.6704137325286865,-0.856336,13.890344,1.62656
469,4.680639743804932,-0.258336,13.64636,1.870544
470,4.690845489501953,0.160264,13.177528,2.014064
471,4.700638055801392,0.22724,12.407304,2.035592
472,4.710636854171753,0.435344,11.476816,2.207816
473,4.720995187759399,0.818064,10.527192,2.47572
474,4.7306177616119385,1.36344,9.790456,2.891928
475,4.740119218826294,1.93752,9.05372,3.138304
476,4.75104284286499,2.24848,8.041904,3.377504
477,4.7602903842926025,2.246088,7.046832,3.365544
478,4.770350217819214,1.999712,6.068504,3.329664
479,4.7809154987335205,1.533272,5.231304,3.38468
480,4.790273189544678,0.660192,4.465864,3.379896
481,4.8005383014678955,-0.112424,4.116632,3.327272
482,4.810871601104736,-0.796536,3.784144,3.26508
483,4.820450067520142,-1.45912,3.702816,3.20528
484,4.8306567668914795,-2.107352,3.74348,3.047408
485,4.840798854827881,-2.423096,3.99464,2.860832
486,4.850415945053101,-2.549872,4.432376,2.5116
487,4.860636234283447,-2.628808,5.04712,2.121704
488,4.870953559875488,-2.624024,5.779072,1.571544
489,4.880604028701782,-2.614456,6.635408,1.083576
490,4.890635251998901,-2.430272,7.537192,0.846768
491,4.900822639465332,-2.246088,8.40788,0.598
492,4.910627603530884,-2.10496,9.199632,0.552552
493,4.920364618301392,-1.384968,9.457968,0.473616
494,4.930959939956665,0.055016,8.381568,-0.815672
495,4.940576553344727,1.059656,10.27364,-0.253552
496,4.950488090515137,0.294216,10.42912,0.52624
497,4.960803270339966,-2.030808,10.445864,0.588432
498,4.970366954803467,-1.982968,10.842936,0.255944
499,4.980606317520142,-0.786968,10.938616,1.093144
500,4.990829706192017,0.27508,10.974496,2.066688
501,5.000620126724243,0.810888,11.108448,2.002104
502,5.010622501373291,0.583648,11.49356,1.839448
503,5.0208656787872314,-0.308568,12.3786,1.595464
504,5.0303053855896,-2.004496,14.170208,1.133808
505,5.0402820110321045,-2.58336,15.868528,1.14816
506,5.0509703159332275,-2.35612,14.737112,2.47572
507,5.0601584911346436,-1.45912,12.347504,3.51624
508,5.070357322692871,-0.318136,10.543936,4.116632
509,5.080885410308838,0.349232,9.802416,4.650048
510,5.090312719345093,0.806104,9.395776,4.757688
511,5.100324630737305,1.05248,9.230728,4.453904
512,5.1109938621521,-0.224848,9.730656,4.391712
513,5.1203131675720215,-1.57872,10.926656,4.614168
514,5.130347013473511,-2.913456,12.96464,3.85112
515,5.140894889831543,-3.111992,13.576992,4.0066
516,5.1503565311431885,-2.040376,12.636936,4.709848
517,5.16029691696167,-0.684112,11.88824,4.176432
518,5.171112775802612,0.277472,10.9434,3.724344
519,5.180654287338257,1.26776,9.673248,3.358368
520,5.190322637557983,1.978184,8.412664,3.42056
521,5.200852870941162,2.159976,7.269288,2.970864
522,5.210662841796875,2.047552,6.37468,2.779504
523,5.220399856567383,1.389752,5.611632,2.669472
524,5.230912923812866,0.602784,4.953832,3.315312
525,5.240670919418335,0.25116,4.647656,2.812992
526,5.250656366348267,0.1196,4.587856,3.040232
527,5.260777235031128,-0.444912,4.212312,3.485144
528,5.270452499389648,-1.18404,4.322344,3.860688
529,5.280224800109863,-0.686504,4.74812,3.315312
530,5.290741205215454,-0.9568,5.31024,3.784144
531,5.300997495651245,-0.485576,6.384248,1.880112
532,5.310322999954224,-2.093,4.989712,1.569152
533,5.320412874221802,-2.719704,7.250152,4.982536
534,5.330654144287109,-3.30096,7.065968,3.233984
535,5.34013295173645,-3.339232,6.867432,1.963832
536,5.351039886474609,-2.793856,7.10424,1.832272
537,5.360345363616943,-2.691,8.003632,2.789072
538,5.370220899581909,-3.018704,8.893456,3.42056
539,5.3808677196502686,-3.860688,9.42448,2.815384
540,5.390321969985962,-4.956224,9.905272,2.485288
541,5.400334596633911,-5.66904,10.433904,2.325024
542,5.4110329151153564,-5.982392,11.053432,2.604888
543,5.42044734954834,-5.697744,10.960144,2.805816
544,5.430636405944824,-5.360472,10.819016,2.78668
545,5.440829753875732,-4.932304,10.697024,2.626416
546,5.4504334926605225,-4.427592,10.45304,2.525952
547,5.460687637329102,-4.044872,10.21384,2.504424
548,5.470962285995483,-3.992248,10.531976,2.258048
549,5.480724096298218,-4.355832,12.053288,1.75812
550,5.490644931793213,-4.97536,14.737112,1.007032
551,5.500915050506592,-5.279144,16.315832,0.614744
552,5.510630130767822,-4.683536,15.359032,1.353872
553,5.520427703857422,-3.224416,13.859248,2.085824
554,5.530865430831909,-2.08104,12.914408,2.30828
555,5.540634632110596,-1.703104,12.400128,2.18868
556,5.550674200057983,-1.74616,12.517336,1.923168
557,5.560859441757202,-1.882504,13.04836,1.66244
558,5.570396184921265,-1.813136,13.579384,1.442376
559,5.580633163452148,-1.616992,13.751608,1.5548
560,5.59096097946167,-1.456728,13.459784,1.839448
561,5.600614070892334,-1.27972,12.978992,2.02124
562,5.610301971435547,-1.349088,12.464712,1.978184
563,5.620409727096558,-1.406496,11.914552,2.030808
564,5.630633354187012,-1.0166,11.25436,1.978184
565,5.640676736831665,-0.399464,10.563072,2.183896
566,5.650889873504639,0.497536,9.79524,2.509208
567,5.660605192184448,1.229488,9.139832,2.592928
568,5.670389175415039,1.640912,8.187816,2.801032
569,5.6808600425720215,1.74616,7.156864,2.767544
570,5.690626382827759,1.516528,6.247904,2.844088
571,5.700600862503052,0.925704,5.382,2.937376
572,5.710628986358643,0.308568,4.781608,2.980432
573,5.720400810241699,-0.270296,4.37736,3.243552
574,5.730611085891724,-0.815672,4.109456,3.200496
575,5.740887880325317,-1.308424,3.985072,3.035448
576,5.750896215438843,-1.545232,3.889392,2.695784
577,5.7606587409973145,-1.68636,3.9468,2.42788
578,5.771004915237427,-1.784432,4.159688,2.205424
579,5.78067684173584,-1.789216,4.530448,1.947088
580,5.7906389236450195,-1.875328,5.07104,1.724632
581,5.800886392593384,-2.310672,6.298136,1.652872
582,5.810896635055542,-1.915992,7.156864,2.970864
583,5.820382833480835,-1.289288,8.21652,2.322632
584,5.831029415130615,-2.126488,9.52016,0.64584
585,5.840569734573364,-1.683968,9.814376,-1.499784
586,5.850632905960083,-1.069224,10.197096,0.267904
587,5.860875368118286,-0.552552,10.699416,1.72224
588,5.8703999519348145,0.2392,11.225656,1.346696
589,5.880328178405762,1.069224,11.558144,0.660192
590,5.890737533569336,1.265368,12.292488,1.51892
591,5.900969743728638,0.153088,11.046256,0.796536
592,5.910623073577881,-0.770224,10.462608,1.356264
593,5.92093300819397,-0.605176,10.885992,1.863368
594,5.930164098739624,0.026312,12.141792,2.052336
595,5.9401397705078125,-0.267904,13.416728,1.896856
596,5.950831174850464,-1.210352,15.249,1.473472
597,5.960654258728027,-2.274792,16.550247,1.284504
598,5.970344066619873,-1.688752,15.689128,2.186288
599,5.98089075088501,-0.700856,13.667888,3.726736
600,5.990262269973755,-0.234416,11.754288,4.241016
601,6.000329256057739,-0.27508,10.146864,4.025736
602,6.010841608047485,0.021528,8.8504,3.85112
603,6.0203776359558105,0.667368,7.979712,3.865472
604,6.030620574951172,0.413816,7.800312,3.80328
605,6.04082465171814,-1.227096,8.726016,3.891784
606,6.050381898880005,-3.31292,11.031904,3.238768
607,6.060710430145264,-4.319952,12.70152,3.052192
608,6.07100248336792,-4.109456,12.723048,4.420416
609,6.080285310745239,-2.435056,12.244648,4.363008
610,6.090007543563843,-0.220064,11.859536,3.5282
611,6.1009345054626465,1.664832,11.11084,3.207672
612,6.110331058502197,2.597712,9.957896,2.920632
613,6.120362281799316,2.698176,8.460504,2.66708
614,6.131048917770386,2.363296,7.09228,2.700568
615,6.1403281688690186,2.145624,6.444048,2.958904
616,6.150640964508057,1.911208,5.996744,3.346408
617,6.160817384719849,1.408888,5.724056,3.511456
618,6.170344829559326,0.688896,4.9634,3.5282
619,6.180668830871582,-0.234416,4.489784,3.800888
620,6.190904855728149,-0.535808,4.43716,3.57604
621,6.2006614208221436,-1.155336,4.485,3.530592
622,6.210149526596069,-2.580968,2.741232,3.580824
623,6.220900535583496,-3.654976,5.204992,1.863368
624,6.230414628982544,-2.035592,7.51088,5.733624
625,6.240647315979004,-2.262832,6.862648,3.033056
626,6.2508533000946045,-3.018704,7.1162,2.04516
627,6.260665416717529,-3.487536,7.049224,1.200784
628,6.270383596420288,-3.733912,7.19992,0.875472
629,6.280893087387085,-3.824808,7.970144,2.195856
630,6.290663242340088,-3.765008,8.728408,2.879968
631,6.3006510734558105,-3.437304,9.331192,2.879968
632,6.310883283615112,-3.451656,9.46036,2.748408
633,6.320396661758423,-3.812848,9.685208,2.46376
634,6.330249786376953,-4.128592,10.223408,2.203032
635,6.340637445449829,-4.705064,10.515232,2.317848
636,6.350656747817993,-4.917952,10.474568,2.53552
637,6.360656499862671,-4.745728,10.407592,2.597712
638,6.371046543121338,-4.571112,10.457824,2.432664
639,6.38067102432251,-4.465864,10.433904,2.41592
640,6.390235662460327,-4.4252,10.455432,2.250872
641,6.400892972946167,-4.458688,10.582208,2.047552
642,6.410678148269653,-4.726592,11.622728,1.6744
643,6.420394659042358,-5.45376,13.715728,1.117064
644,6.431116819381714,-6.080464,15.318368,0.784576
645,6.440672159194946,-5.829304,14.593592,1.495
646,6.450662612915039,-4.68832,12.852216,2.494856
647,6.460889101028442,-3.322488,12.046112,2.915848
648,6.470400094985962,-2.10496,11.50552,2.975648
649,6.480296850204468,-1.306032,11.524656,2.530736
650,6.49083399772644,-0.906568,12.34272,1.908816
651,6.50002908706665,-1.200784,13.318656,1.48304
652,6.510055303573608,-1.911208,13.672672,1.487824
653,6.521026134490967,-2.781896,13.292344,1.691144
654,6.530235052108765,-3.36076,12.876136,1.915992
655,6.5406293869018555,-3.69564,12.481456,2.061904
656,6.551054000854492,-3.377504,12.038936,1.908816
657,6.56063437461853,-2.585752,11.534224,1.74616
658,6.570180416107178,-1.30364,10.960144,1.700712
659,6.580957889556885,0.27508,10.364536,1.832272
660,6.5902016162872314,1.499784,9.685208,2.169544
661,6.600602626800537,2.24848,8.714056,2.425488
662,6.610642671585083,2.322632,7.673536,2.712528
663,6.620307445526123,2.090608,6.587568,2.848872
664,6.630343914031982,1.683968,5.637944,2.994784
665,6.640670537948608,1.23188,4.87968,2.920632
666,6.6505866050720215,0.796536,4.351048,3.092856
667,6.660595655441284,0.153088,4.1262,3.126344
668,6.670973777770996,-0.289432,4.052048,2.923024
669,6.680598974227905,-0.846768,4.061616,2.78668
670,6.690580606460571,-1.3156,4.145336,2.47572
671,6.700676441192627,-1.703104,4.453904,2.389608
672,6.710594415664673,-2.4518,5.315024,2.26044
673,6.720168590545654,-2.32024,4.16208,0.930488
674,6.730658769607544,-1.832272,7.730944,3.77936
675,6.740782976150513,-2.506816,7.86968,-0.4186
676,6.750669956207275,-2.700568,8.625552,-1.002248
677,6.760839462280273,-2.191072,9.261824,1.349088
678,6.770337820053101,-1.105104,9.957896,2.030808
679,6.780481338500977,-0.31096,10.57264,1.090752
680,6.7910850048065186,-0.361192,11.137152,0.691288
681,6.8006675243377686,-0.784576,11.357216,0.916136
682,6.810611724853516,-1.14816,10.9434,1.277328
683,6.820909738540649,-0.971152,10.558288,1.593072
684,6.830333471298218,-0.15548,10.56068,1.657656
685,6.840620040893555,1.023776,10.912304,1.942304
686,6.851059913635254,1.289288,11.220872,2.590536
687,6.860637187957764,1.413672,10.85968,2.418312
688,6.87033748626709,0.485576,11.347648,2.241304
689,6.881087064743042,-1.224704,13.333008,1.504568
690,6.890090227127075,-2.375256,14.761032,1.50696
691,6.900388717651367,-2.219776,14.048216,2.305888
692,6.910901069641113,-1.026168,12.770888,3.327272
693,6.920420169830322,0.318136,11.826048,3.788928
694,6.9302709102630615,1.26776,11.043864,3.54016
695,6.940845966339111,1.947088,10.699416,3.210064
696,6.950636148452759,1.959048,10.819016,3.477968
697,6.96061372756958,1.262976,11.010376,3.49232
698,6.971099138259888,0.248768,11.287848,3.621488
699,6.9806365966796875,-0.798928,11.969568,3.609528
700,6.990250110626221,-1.258192,12.550824,3.83916
701,7.000851154327393,-1.117064,12.23508,3.927664
702,7.010666370391846,-0.806104,11.08692,3.709992
703,7.020346403121948,0.332488,10.522408,3.848728
704,7.030872583389282,1.047696,9.730656,3.834376
705,7.040294408798218,0.947232,8.637512,3.272256
706,7.050264835357666,0.205712,7.015736,2.55944
707,7.060880422592163,-0.045448,5.82452,2.289144
708,7.0703065395355225,0.452088,5.40592,2.635984
709,7.080333232879639,1.038128,5.04712,3.009136
710,7.091007471084595,1.038128,4.762472,3.02588
711,7.10029935836792,0.399464,4.475432,2.937376
712,7.110368013381958,-0.851552,4.142944,3.26508
713,7.121006965637207,-1.789216,4.176432,2.844088
714,7.130336046218872,-1.349088,4.659616,2.430272
715,7.140284538269043,-1.75812,3.942016,2.925416
716,7.151025295257568,-2.392,5.080608,0.810888
717,7.160315990447998,-3.753048,6.910488,4.537624
718,7.170274257659912,-4.374968,6.534944,2.659904
719,7.180930137634277,-3.891784,7.448688,2.018848
720,7.190237045288086,-3.377504,8.041904,1.186432
721,7.200641632080078,-3.688464,8.458112,1.600248
722,7.210885763168335,-4.28168,8.8504,2.729272
723,7.220372676849365,-4.645264,9.039368,2.925416
724,7.23064398765564,-4.714632,9.379032,2.695784
725,7.240856885910034,-4.829448,9.78328,2.425488
726,7.25065541267395,-5.066256,10.553504,2.214992
727,7.260639667510986,-5.348512,11.041472,2.219776
728,7.271036624908447,-5.401136,10.95536,2.449408
729,7.280176877975464,-5.303064,10.828584,2.736448
730,7.290350675582886,-4.972968,10.682672,2.66708
731,7.300852537155151,-4.590248,10.663536,2.669472
732,7.310671091079712,-4.19796,10.69224,2.549872
733,7.320382595062256,-3.810456,11.103664,2.671864
734,7.330843210220337,-3.800888,12.591488,2.222168
735,7.340663194656372,-4.190784,14.708408,1.681576
736,7.350648641586304,-4.382144,15.88288,1.370616
737,7.360849142074585,-3.889392,14.86628,1.880112
738,7.370374441146851,-2.6312,13.44304,2.470936
739,7.380676984786987,-1.56676,12.636936,2.848872
740,7.390848159790039,-0.913744,12.168104,2.757976
741,7.4006524085998535,-0.7176,12.268568,2.107352
742,7.4106245040893555,-0.86112,12.907232,1.564368
743,7.420334339141846,-0.901784,13.553072,1.36344
744,7.430659770965576,-0.985504,13.722904,1.3754
745,7.44069766998291,-1.035736,13.47892,1.516528
746,7.451013803482056,-1.138592,13.041184,1.664832
747,7.4606170654296875,-1.248624,12.794808,1.528488
748,7.470374345779419,-1.196,12.699128,1.449552
749,7.480755567550659,-0.882648,12.400128,1.550016
750,7.490674018859863,-0.026312,11.830832,1.765296
751,7.500690698623657,0.987896,11.036688,2.02124
752,7.510944128036499,1.724632,10.024872,2.38004
753,7.520296812057495,2.100176,8.903024,2.638376
754,7.530669212341309,2.255656,7.683104,2.705352
755,7.540827751159668,2.042768,6.484712,2.812992
756,7.550658702850342,1.858584,5.520736,2.908672
757,7.560645580291748,1.595464,4.805528,2.925416
758,7.571013927459717,1.224704,4.420416,2.865616
759,7.580636501312256,0.643448,4.109456,2.76276
760,7.590632438659668,0.021528,3.925272,2.6312
761,7.600851058959961,-0.650624,3.836768,2.557048
762,7.610650062561035,-1.27972,4.03052,2.406352
763,7.620387077331543,-1.827488,4.176432,2.270008
764,7.630871057510376,-2.317848,4.709848,2.126488
765,7.640658378601074,-2.600104,5.164328,1.80596
766,7.650663614273071,-3.174184,5.714488,1.794
767,7.660876750946045,-1.550016,4.207528,-2.46376
768,7.670398235321045,-2.729272,8.52748,2.466152
769,7.680302858352661,-2.860832,7.879248,-1.10032
770,7.690661191940308,-2.812992,8.226088,-0.098072
771,7.70088005065918,-1.82988,9.178104,1.497392
772,7.710308790206909,-0.839592,10.003344,1.392144
773,7.721042156219482,-0.138736,10.651576,0.571688
774,7.7306694984436035,-0.040664,11.041472,0.217672
775,7.740713596343994,-0.674544,11.591632,0.930488
776,7.7510480880737305,-1.2558,11.510304,1.767688
777,7.760315418243408,0.234416,10.960144,1.150552
778,7.770230293273926,0.081328,11.113232,1.779648
779,7.780845880508423,-0.60996,10.797488,1.860976
780,7.790294408798218,-0.983112,10.362144,1.777256
781,7.800325632095337,-1.210352,11.428976,1.731808
782,7.811084747314453,-0.45448,12.92876,1.466296
783,7.820352077484131,-0.401856,14.873456,1.480648
784,7.830675363540649,-0.344448,14.99784,1.884896
785,7.840640068054199,-0.33488,13.380848,3.01392
786,7.850690603256226,-0.141128,11.87628,3.561688
787,7.8603620529174805,0.04784,10.96732,3.554512
788,7.870892286300659,0.377936,10.531976,3.238768
789,7.880674600601196,0.389896,10.527192,3.040232
790,7.890658378601074,-0.389896,10.897952,3.198104
791,7.900862216949463,-1.870544,11.510304,3.521024
792,7.9106597900390625,-3.224416,12.455144,3.79132
793,7.920368909835815,-3.631056,13.35932,4.109456
794,7.931032657623291,-3.4086,13.050752,4.236232
795,7.94096302986145,-1.942304,12.34272,4.480216
796,7.950699090957642,-0.210496,11.639472,4.666792
797,7.9608399868011475,1.248624,10.491312,4.049656
798,7.970347881317139,1.595464,8.630336,3.236376
799,7.980558633804321,1.21992,7.22384,2.997176
800,7.990659236907959,1.1362,6.276608,2.925416
801,8.000971794128418,1.272544,5.391568,3.056976
802,8.010676383972168,1.286896,4.98732,3.434912
803,8.021092176437378,1.12424,4.68832,3.499496
804,8.03059434890747,0.58604,4.482608,3.497104
805,8.040632009506226,-0.746304,4.255368,3.8272
806,8.05087685585022,-1.42324,4.348656,2.896712
807,8.061163663864136,-1.191216,5.374824,3.162224
808,8.070293426513672,-1.693536,3.975504,3.339232
809,8.080968141555786,-3.896568,4.834232,1.322776
810,8.09117579460144,-2.298712,6.472752,4.322344
811,8.100712299346924,-1.361048,7.513272,3.676504
812,8.110917329788208,-1.839448,7.907952,2.171936
813,8.120395183563232,-3.028272,7.967752,1.94948
814,8.130718231201172,-3.733912,7.54676,1.294072
815,8.141091585159302,-3.961152,7.824232,2.43984
816,8.151017665863037,-3.98268,8.080176,2.769936
817,8.160306215286255,-3.765008,8.668608,2.647944
818,8.170955657958984,-3.944408,9.271392,2.509208
819,8.180718421936035,-4.324736,9.979424,2.41592
820,8.190252780914307,-4.673968,10.5248,2.255656
821,8.200881958007812,-4.8438,10.613304,2.258048
822,8.210702180862427,-4.645264,10.412376,2.425488
823,8.220353364944458,-4.44912,10.575032,2.411136
824,8.230878829956055,-4.331912,10.797488,2.183896
825,8.24068570137024,-4.19796,10.95536,2.231736
826,8.250274896621704,-3.91092,10.984064,2.088216
827,8.260865926742554,-4.075968,11.438544,1.892072
828,8.270356893539429,-4.566328,13.19188,1.480648
829,8.280691385269165,-4.982536,15.095912,1.251016
830,8.290856838226318,-4.681144,15.26096,1.473472
831,8.300259590148926,-3.451656,14.234792,1.908816
832,8.31062388420105,-1.896856,13.165568,2.325024
833,8.320933818817139,-0.676936,12.254216,2.303496
834,8.330658435821533,0.1196,11.893024,1.887288
835,8.34064245223999,0.165048,12.290096,1.258192
836,8.350865840911865,-0.33488,13.40716,0.99268
837,8.360268831253052,-0.935272,14.033864,1.081184
838,8.370373249053955,-1.32756,13.856856,1.413672
839,8.381042242050171,-1.35148,13.28756,1.767688
840,8.390306234359741,-1.222312,12.758928,1.904032
841,8.40030312538147,-0.971152,12.333152,1.736592
842,8.411009788513184,-0.650624,11.81648,1.499784
843,8.420350790023804,-0.279864,11.431368,1.456728
844,8.430686712265015,0.392288,10.864464,1.624168
845,8.440875053405762,0.918528,10.24972,1.932736
846,8.450636148452759,1.200784,9.367072,2.289144
847,8.460637092590332,1.181648,8.44376,2.447016
848,8.47104001045227,1.050088,7.37932,2.5116
849,8.480255126953125,0.72956,6.501456,2.418312
850,8.490607976913452,0.600392,5.78864,2.518776
851,8.501057147979736,0.246376,5.236088,2.588144
852,8.510302782058716,-0.031096,4.83184,2.717312
853,8.520254611968994,-0.43056,4.571112,2.717312
854,8.530854940414429,-0.870688,4.518488,2.633592
855,8.54063081741333,-1.289288,4.458688,2.478112
856,8.550630569458008,-1.707888,4.590248,2.3322
857,8.560847282409668,-2.04516,4.745728,2.126488
858,8.57030463218689,-3.123952,4.961008,1.41128
859,8.580636978149414,-0.691288,4.673968,1.982968
860,8.59098482131958,-2.305888,7.24776,1.825096
861,8.600637435913086,-2.6312,7.300384,-1.317992
862,8.610697269439697,-2.609672,8.34808,0.320528
863,8.621016502380371,-1.3754,8.843224,1.461512
864,8.630683183670044,-0.45448,9.288136,1.329952
865,8.640269994735718,-0.124384,9.53212,0.428168
866,8.650856256484985,-0.60996,10.084672,0.224848
867,8.66069769859314,-1.48304,10.455432,0.581256
868,8.670372247695923,-1.456728,10.539152,0.734344
869,8.68076467514038,-0.425776,10.909912,0.643448
870,8.690696716308594,1.095536,11.49356,0.839592
871,8.700673341751099,2.35612,11.419408,0.767832
872,8.71086311340332,1.346696,11.113232,1.801176
873,8.720349788665771,-0.301392,11.089312,1.868152
874,8.730407238006592,-1.538056,11.232832,1.813136
875,8.740874528884888,-1.569152,11.854752,1.167296
876,8.750702619552612,-1.430416,14.057784,0.952016
877,8.760682106018066,-0.779792,15.397304,1.504568
878,8.771069288253784,-0.114816,14.079312,2.49964
879,8.780651569366455,0.499928,12.022192,3.207672
880,8.790460109710693,0.942448,10.594168,3.607136
881,8.80085277557373,1.234272,9.900488,3.822416
882,8.81063175201416,1.035736,9.9866,3.7674
883,8.820195436477661,0.081328,10.42912,4.049656
884,8.830846309661865,-1.373008,11.175424,4.229056
885,8.840113878250122,-2.513992,12.192024,3.99464
886,8.850582122802734,-2.781896,12.9168,3.980288
887,8.860826015472412,-2.071472,13.328224,4.28168
888,8.87021255493164,-1.018992,12.792416,4.250584
889,8.880719423294067,-0.03588,11.76864,3.985072
890,8.890740871429443,1.332344,10.926656,4.29364
891,8.89983344078064,2.093,9.661288,4.123808
892,8.910489082336426,1.896856,8.123232,3.449264
893,8.921022415161133,1.394536,6.652152,2.956512
894,8.930519342422485,1.341912,5.905848,3.083288
895,8.940580368041992,1.624168,5.22652,3.147872
896,8.95095157623291,1.681576,4.705064,3.33684
897,8.96022081375122,1.380184,4.489784,3.788928
898,8.970170497894287,0.806104,4.231448,3.542552
899,8.98097562789917,-0.392288,3.688464,3.831984
900,8.990220785140991,-1.559584,3.97072,3.915704
901,9.000244855880737,-1.377792,4.119024,2.334592
902,9.0110342502594,-0.612352,5.338944,2.650336
903,9.020293712615967,-1.669616,5.83648,3.865472
904,9.03062129020691,-4.013776,5.649904,3.004352
905,9.040827512741089,-4.410848,6.623448,2.243696
906,9.05040454864502,-4.20992,7.37932,1.954264
907,9.060633182525635,-3.71956,8.405488,2.392
908,9.071041584014893,-3.281824,8.788208,2.458976
909,9.080704689025879,-3.092856,8.931728,2.580968
910,9.090705871582031,-3.231592,9.175712,2.769936
911,9.100889921188354,-3.638232,9.730656,2.769936
912,9.110238552093506,-4.260152,10.256896,2.353728
913,9.120285987854004,-4.913168,10.838152,2.274792
914,9.130844116210938,-5.013632,10.888384,2.24848
915,9.14022946357727,-4.848584,10.783136,2.384824
916,9.150632619857788,-4.468256,10.885992,2.413528
917,9.16076374053955,-4.3056,11.388312,2.20064
918,9.170358896255493,-4.286464,11.486384,2.195856
919,9.180278062820435,-4.307992,11.25436,2.336984
920,9.190896034240723,-4.355832,11.297416,2.336984
921,9.200262546539307,-4.965792,12.670424,2.016456
922,9.210391998291016,-5.829304,14.679704,1.533272
923,9.221112966537476,-6.310096,15.636504,1.396928
924,9.230327367782593,-5.556616,14.49552,1.880112
925,9.2401864528656,-3.808064,12.723048,2.315456
926,9.250981569290161,-2.064296,12.158536,2.48768
927,9.26033639907837,-0.648232,12.225512,2.293928
928,9.270351886749268,-0.246376,12.682384,1.612208
929,9.280895471572876,-0.487968,13.44304,1.083576
930,9.290366649627686,-0.533416,13.90948,0.937664
931,9.300201892852783,-0.236808,13.964496,1.294072
932,9.310878276824951,0.291824,13.660712,1.621776
933,9.320372581481934,0.82524,13.282776,1.691144
934,9.330363035202026,1.066832,12.74936,1.664832
935,9.34094762802124,1.236664,12.081992,1.389752
936,9.350370645523071,1.461512,11.362,1.227096
937,9.360390186309814,1.72224,10.677888,1.392144
938,9.371077299118042,2.023632,9.895704,1.724632
939,9.380330801010132,2.2126,9.010664,1.9734
940,9.390651226043701,2.262832,8.02516,2.064296
941,9.400908946990967,2.136056,7.08032,2.114528
942,9.410658597946167,1.803568,6.281392,2.262832
943,9.420329570770264,1.394536,5.532696,2.222168
944,9.430900573730469,0.708032,4.829448,2.327416
945,9.440221071243286,-0.021528,4.202744,2.363296
946,9.450630903244019,-0.719992,3.80328,2.513992
947,9.46086049079895,-1.35148,3.578432,2.52356
948,9.470290184020996,-1.715064,3.5282,2.430272
949,9.48062539100647,-2.02124,3.666936,2.095392
950,9.490841388702393,-2.179112,4.01856,1.741376
951,9.500662565231323,-2.22456,4.506528,1.456728
952,9.510672807693481,-2.1528,5.245656,0.94484
953,9.520891904830933,-2.066688,6.283784,0.50232
954,9.530562162399292,-1.978184,7.687888,0.21528
955,9.540681838989258,-1.794,9.347936,0.485576
956,9.55098032951355,-1.607424,10.005736,0.832416
957,9.560420513153076,-1.217528,9.876568,-0.050232
958,9.570228576660156,-0.196144,9.71152,0.162656
959,9.580963134765625,1.636128,10.869248,0.767832
960,9.590291023254395,1.356264,11.562928,-0.452088
961,9.600253820419312,0.186576,11.955216,-0.093288
962,9.610939025878906,-0.648232,12.03176,0.715208
963,9.62036657333374,-0.138736,11.838008,0.995072
964,9.630709648132324,0.509496,11.80452,1.48304
965,9.641032695770264,0.46644,11.93608,1.643304
966,9.650720119476318,-0.086112,12.134616,1.65048
967,9.660704374313354,-0.02392,12.096344,1.466296
968,9.671054124832153,-0.002392,13.402376,1.526096
969,9.680667638778687,-0.46644,15.514512,1.217528
970,9.690703630447388,-1.432808,15.375776,1.815528
971,9.700884342193604,-1.492608,12.770888,2.99
972,9.710671186447144,-1.234272,10.941008,4.0066
973,9.720329284667969,-0.727168,9.584744,4.276896
974,9.730442523956299,-0.375544,8.83844,4.360616
975,9.740671873092651,-0.272688,8.63512,3.903744
976,9.750213146209717,-0.940056,9.213984,3.949192
977,9.760979413986206,-2.186288,11.14672,4.037696
978,9.770344734191895,-3.140696,13.19188,3.925272
979,9.78022313117981,-2.980432,13.416728,4.071184
980,9.790878772735596,-1.951872,12.816336,3.942016
981,9.800913572311401,-0.303784,12.708696,3.597568
982,9.810284614562988,1.4352,11.866712,3.030664
983,9.820943593978882,2.456584,10.50088,2.891928
984,9.83029580116272,3.274648,9.2092,2.808208
985,9.840622425079346,3.700424,8.065824,2.96608
986,9.850831508636475,3.458832,7.049224,2.980432
987,9.860628843307495,2.645552,6.109168,2.671864
988,9.870304346084595,1.791608,5.267184,2.597712
989,9.88084101676941,1.38736,4.683536,2.72688
990,9.890654802322388,1.1362,4.492176,3.143088
991,9.900614500045776,0.822848,4.800744,3.843944
992,9.910935640335083,0.270296,4.41324,2.808208
993,9.920274257659912,-0.04784,5.027984,3.140696
994,9.930684566497803,-0.643448,8.0132,7.475
995,9.940625190734863,-0.404248,6.783712,3.233984
996,9.951030969619751,-1.121848,7.934264,4.396496
997,9.960652112960815,-2.322632,7.132944,2.061904
998,9.971119165420532,-3.410992,7.214272,2.16476
999,9.98034954071045,-4.13816,6.70956,1.026168
1000,9.99061393737793,-3.942016,7.63048,2.162368
1001,10.000848293304443,-3.382288,8.462896,2.836912
1002,10.010342121124268,-3.26508,8.962824,2.884752
1003,10.020358800888062,-3.322488,9.441224,2.420704
1004,10.031124114990234,-3.614312,9.900488,2.186288
1005,10.040690183639526,-4.327128,10.50088,2.00928
1006,10.050697565078735,-4.965792,10.936224,1.94948
1007,10.061151504516602,-5.17868,10.941008,1.96144
1008,10.070358991622925,-4.889248,10.553504,2.119312
1009,10.080123901367188,-4.501744,10.438688,1.987752
1010,10.090866804122925,-4.035304,10.60852,1.882504
1011,10.100183725357056,-3.702816,10.8836,1.88968
1012,10.110378503799438,-3.604744,11.173032,1.971008
1013,10.120398998260498,-3.887,12.077208,1.849016
1014,10.130741596221924,-4.528056,14.000376,1.248624
1015,10.140493154525757,-5.25044,15.47624,1.00464
1016,10.151137113571167,-5.17868,14.84236,1.286896
1017,10.160331964492798,-4.068792,13.352144,1.892072
1018,10.170176982879639,-2.43984,12.409696,2.286752
1019,10.180902004241943,-0.779792,12.03176,2.430272
1020,10.190370798110962,0.380328,12.18724,2.157584
1021,10.200341939926147,0.971152,12.866568,1.516528
1022,10.211108922958374,1.097928,13.531544,1.152944
1023,10.220354318618774,1.093144,13.70616,1.23188
1024,10.230657815933228,1.045304,13.399984,1.571544
1025,10.240872383117676,0.899392,13.2158,1.88968
1026,10.250651597976685,0.8372,12.811552,1.887288
1027,10.260177850723267,0.760656,12.436008,1.774864
1028,10.270288228988647,0.863512,12.026976,1.528488
1029,10.280660629272461,1.181648,11.574888,1.478256
1030,10.290705919265747,1.57872,11.0032,1.509352
1031,10.300973892211914,1.88968,10.204272,1.74616
1032,10.310684442520142,2.030808,9.178104,1.947088
1033,10.320337772369385,2.042768,8.226088,2.305888
1034,10.330868244171143,1.743768,7.173608,2.413528
1035,10.340656280517578,1.2558,6.204848,2.545088
1036,10.350703954696655,0.918528,5.5016,2.597712
1037,10.3612220287323,0.578864,5.037552,2.506816
1038,10.37036418914795,0.289432,4.702672,2.470936
1039,10.380695343017578,-0.081328,4.336696,2.327416
1040,10.390983581542969,-0.373152,4.119024,2.054728
1041,10.40071153640747,-0.74152,3.980288,2.02124
1042,10.410725831985474,-1.186432,4.186,2.02124
1043,10.421059370040894,-1.786824,4.910776,2.2126
1044,10.43068790435791,-1.772472,3.628664,-0.844376
1045,10.440618515014648,-2.382432,6.42252,3.27704
1046,10.450842380523682,-2.889536,6.814808,0.040664
1047,10.460696935653687,-2.183896,7.69028,-1.4352
1048,10.470352411270142,-1.382576,8.596848,0.392288
1049,10.480928182601929,-0.911352,8.979568,1.75812
1050,10.490686655044556,-0.456872,9.307272,1.11228
1051,10.500720739364624,-0.387504,10.711376,1.11228
1052,10.510981559753418,-0.853944,11.165856,0.267904
1053,10.52007508277893,-1.851408,10.909912,-0.33488
1054,10.529979467391968,-2.181504,10.594168,0.258336
1055,10.541090965270996,-1.432808,10.821408,1.081184
1056,10.550228834152222,-0.578864,11.479208,1.451944
1057,10.560385465621948,-0.332488,11.7806,2.334592
1058,10.571121454238892,0.248768,11.297416,2.339376
1059,10.580691576004028,0.540592,11.177816,2.2724
1060,10.590698480606079,0.62192,11.782992,1.784432
1061,10.600847244262695,-0.3588,13.890344,1.846624
1062,10.61066484451294,-1.521312,15.516904,1.772472
1063,10.620334148406982,-2.281968,14.129544,2.633592
1064,10.630890130996704,-2.289144,12.010232,3.714776
1065,10.640608787536621,-1.803568,10.878816,4.109456
1066,10.650686025619507,-0.954408,10.180352,3.75544
1067,10.660648822784424,-0.464048,10.048792,3.525808
1068,10.67037034034729,-0.832416,10.259288,3.48036
1069,10.680706977844238,-1.880112,10.864464,4.025736
1070,10.690898418426514,-2.635984,11.794952,3.882216
1071,10.700244665145874,-2.60728,13.081848,3.925272
1072,10.710663557052612,-2.191072,12.727832,3.51624
1073,10.72099232673645,-0.313352,12.158536,3.810456
1074,10.730630159378052,1.63852,11.8404,4.29364
1075,10.740651369094849,2.494856,10.807056,4.020952
1076,10.75092363357544,1.832272,9.022624,3.621488
1077,10.760653734207153,1.143376,7.800312,3.382288
1078,10.770194292068481,1.253408,6.798064,2.944552
1079,10.781093835830688,1.454336,6.056544,2.70296
1080,10.790326595306396,1.289288,5.446584,2.698176
1081,10.800289630889893,0.94484,4.40128,2.205424
1082,10.81105923652649,0.913744,5.068648,3.532984
1083,10.820319175720215,0.342056,4.74812,2.760368
1084,10.830645322799683,-0.528632,4.068792,2.681432
1085,10.840816974639893,-0.626704,7.802704,5.671432
1086,10.850658178329468,-1.516528,4.322344,2.889536
1087,10.8602294921875,-1.358656,4.41324,4.3056
1088,10.871208906173706,-0.595608,5.82452,3.537768
1089,10.880549907684326,-1.334736,7.022912,2.903888
1090,10.890708684921265,-2.569008,7.599384,2.889536
1091,10.900842666625977,-3.51624,7.455864,2.114528
1092,10.910278797149658,-3.690856,7.711808,2.3322
1093,10.920392751693726,-3.559296,8.46768,2.746016
1094,10.930932521820068,-3.523416,9.18528,2.61924
1095,10.940662622451782,-3.829592,9.453184,2.423096
1096,10.950315475463867,-4.267328,9.821552,2.222168
1097,10.96091628074646,-4.822272,10.204272,1.899248
1098,10.971161842346191,-5.391568,10.66832,1.738984
1099,10.980682611465454,-5.365256,10.658752,1.748552
1100,10.990933179855347,-4.910776,10.505664,1.894464
1101,11.000707864761353,-4.379752,10.218624,1.982968
1102,11.01068925857544,-3.91092,10.032048,1.935128
1103,11.02112102508545,-3.908528,9.993776,2.023632
1104,11.030678510665894,-3.834376,10.015304,2.052336
1105,11.040353775024414,-4.035304,10.842936,1.86576
1106,11.050925493240356,-4.61656,12.794808,1.373008
1107,11.060248136520386,-5.2026,14.629472,1.119456
1108,11.0703125,-5.116488,14.988272,1.174472
1109,11.080947399139404,-3.848728,14.323296,1.332344
1110,11.090680599212646,-2.18868,13.615264,1.652872
1111,11.100696325302124,-0.736736,12.998128,1.942304
1112,11.110921382904053,0.258336,12.579528,1.791608
1113,11.12033486366272,0.772616,12.837864,1.683968
1114,11.130666255950928,0.734344,13.612872,1.45912
1115,11.141083240509033,0.447304,14.19652,1.45912
1116,11.15026593208313,0.064584,14.103232,1.552408
1117,11.160645723342896,-0.20332,13.962104,1.557192
1118,11.170226573944092,-0.21528,13.799448,1.636128
1119,11.180185079574585,-0.133952,13.553072,1.62656
1120,11.190687656402588,-0.1794,13.289952,1.569152
1121,11.20091962814331,0.110032,12.758928,1.753336
1122,11.21066689491272,0.519064,11.981528,2.073864
1123,11.22029161453247,0.88504,10.93144,2.492464
1124,11.231111764907837,1.286896,9.75936,2.686216
1125,11.240312814712524,1.550016,8.369608,2.824952
1126,11.250354051589966,1.844232,7.185568,2.95412
1127,11.26109766960144,1.839448,6.116344,2.90628
1128,11.270339012145996,1.6146,5.271968,2.956512
1129,11.280304193496704,1.081184,4.609384,2.949336
1130,11.291144847869873,0.401856,4.133376,2.968472
1131,11.300392389297485,-0.495144,3.841552,2.934984
1132,11.310380458831787,-1.44716,3.561688,2.83452
1133,11.321079969406128,-2.143232,3.54016,2.6312
1134,11.33041524887085,-2.78668,3.556904,2.425488
1135,11.34041976928711,-3.233984,3.98268,2.083432
1136,11.351120233535767,-2.671864,3.509064,1.370616
1137,11.360441446304321,-1.923168,5.953688,3.135912
1138,11.370202541351318,-3.198104,6.35076,0.193752
1139,11.380947351455688,-3.269864,6.252688,-3.090464
1140,11.390672445297241,-3.370328,8.297848,0.102856
1141,11.400676965713501,-2.253264,9.981816,1.968616
1142,11.410945653915405,-0.99268,10.402808,0.638664
1143,11.420318603515625,-1.251016,10.340616,-0.641056
1144,11.43068242073059,-1.794,10.182744,-0.760656
1145,11.44093942642212,-2.064296,10.438688,-0.37076
1146,11.450264692306519,-3.009136,11.617944,0.794144
1147,11.460315465927124,-2.518776,11.682528,-0.947232
1148,11.471163988113403,-2.085824,11.735152,-0.019136
1149,11.480644702911377,-1.53088,11.55336,1.894464
1150,11.490631580352783,-0.925704,11.402664,1.750944
1151,11.500919342041016,-1.02856,11.208912,2.616848
1152,11.5106520652771,-1.927952,10.720944,2.765152
1153,11.520309448242188,-3.045016,11.151504,2.12888
1154,11.530905961990356,-3.140696,12.691952,1.669616
1155,11.540672779083252,-2.533128,14.349608,1.990144
1156,11.55037260055542,-1.246232,14.139112,2.884752
1157,11.560924530029297,-0.205712,12.4384,3.652584
1158,11.570193529129028,0.423384,10.866856,3.509064
1159,11.580284595489502,0.63388,10.180352,3.602352
1160,11.590923547744751,0.282256,10.311912,3.24116
1161,11.600647926330566,-0.82524,10.864464,3.023488
1162,11.6106436252594,-2.325024,11.376352,3.100032
1163,11.621112585067749,-3.494712,11.658608,3.056976
1164,11.630637884140015,-3.662152,12.180064,3.143088
1165,11.640672206878662,-2.64316,12.742184,3.33684
1166,11.650907754898071,-0.734344,12.782848,3.37272
1167,11.660586833953857,0.660192,12.012624,3.377504
1168,11.670309782028198,2.243696,10.79988,2.997176
1169,11.681066989898682,2.865616,10.254504,3.458832
1170,11.69063425064087,2.195856,8.857576,3.37272
1171,11.700197696685791,1.140984,7.293208,2.6312
1172,11.71111273765564,0.420992,6.307704,2.5714
1173,11.720330476760864,0.559728,5.709704,3.042624
1174,11.730670690536499,1.193608,5.066256,3.48036
1175,11.7409188747406,1.528488,5.016024,4.04248
1176,11.750340700149536,1.47108,4.410848,3.781752
1177,11.760685205459595,0.208104,4.56872,4.587856
1178,11.770317077636719,0.004784,4.834232,3.561688
1179,11.78079080581665,-0.177008,5.41788,3.784144
1180,11.790664434432983,-0.870688,6.439264,4.683536
1181,11.800934314727783,-1.007032,6.64976,3.99464
1182,11.810652732849121,-3.116776,4.695496,2.946944
1183,11.820311069488525,-3.451656,4.745728,2.17672
1184,11.830857038497925,-2.315456,7.293208,2.746016
1185,11.840608596801758,-1.935128,9.764144,3.887
1186,11.850372791290283,-2.994784,9.565608,2.58336
1187,11.86100435256958,-3.975504,9.027408,2.246088
1188,11.870380163192749,-4.91556,9.0298,2.528344
1189,11.88020372390747,-5.319808,9.512984,2.5116
1190,11.890967607498169,-5.27436,10.158824,2.198248
1191,11.900712966918945,-5.291104,10.77596,1.820312
1192,11.911005973815918,-5.09496,11.017552,1.561976
1193,11.920378684997559,-4.394104,11.204128,1.24384
1194,11.93081784248352,-3.686072,11.20652,1.21992
1195,11.940597534179688,-3.568864,11.436152,1.196
1196,11.951077938079834,-3.87504,11.479208,1.332344
1197,11.960903882980347,-4.250584,11.216088,1.437592
1198,11.970302820205688,-4.183608,10.981672,1.628952
1199,11.980888366699219,-3.937232,11.55336,1.727024
1200,11.991116285324097,-4.05444,12.766104,1.487824
1201,12.000703573226929,-4.205136,13.708552,1.272544
1202,12.010959148406982,-3.59996,13.505232,1.564368
1203,12.0203378200531,-2.30828,12.727832,2.145624
1204,12.030669927597046,-1.392144,12.00784,2.722096
1205,12.040943145751953,-1.251016,11.45768,2.707744
1206,12.050298690795898,-1.676792,11.304592,2.353728
1207,12.060683012008667,-2.22456,12.218336,1.863368
1208,12.071117401123047,-2.789072,13.603304,1.583504
1209,12.080222129821777,-3.1694,14.356784,1.408888
1210,12.09072208404541,-3.07372,14.25632,1.430416
1211,12.100958585739136,-2.707744,13.754,1.42324
1212,12.110982179641724,-2.016456,13.325832,1.29168
1213,12.12117052078247,-1.325168,12.94072,1.356264
1214,12.13087010383606,-0.779792,12.512552,1.535664
1215,12.140456199645996,-0.15548,11.871496,1.69832
1216,12.151043176651001,0.413816,11.223264,1.930344
1217,12.161024808883667,0.913744,10.366928,2.006888
1218,12.170307636260986,1.325168,9.457968,2.229344
1219,12.180200815200806,1.511744,8.381568,2.425488
1220,12.190902709960938,1.540448,7.374536,2.528344
1221,12.200660228729248,1.437592,6.432088,2.569008
1222,12.210944175720215,1.023776,5.635552,2.635984
1223,12.221078634262085,0.38272,5.05908,2.765152
1224,12.230622053146362,-0.365976,4.64048,2.860832
1225,12.240724563598633,-1.298856,4.307992,2.913456
1226,12.250874519348145,-1.9734,4.147728,2.95412
1227,12.260585308074951,-2.55944,4.056832,2.856048
1228,12.271142959594727,-3.080896,4.147728,2.724488
1229,12.280874729156494,-3.310528,4.494568,2.624024
1230,12.290587902069092,-3.38468,5.001672,2.418312
1231,12.300950288772583,-3.918096,6.35076,2.20064
1232,12.310890197753906,-2.592928,5.293496,-0.662584
1233,12.320314884185791,-1.872936,9.0896,2.992392
1234,12.330662250518799,-2.351336,9.05372,-0.973544
1235,12.340893745422363,-2.250872,9.618232,-1.39932
1236,12.350898504257202,-2.018848,10.790312,2.982824
1237,12.36095905303955,-0.794144,10.682672,2.322632
1238,12.37111759185791,-0.248768,10.677888,0.679328
1239,12.380910158157349,-1.468688,12.165712,1.430416
1240,12.390828847885132,-1.332344,12.249432,0.708032
1241,12.400934934616089,-3.011528,11.26632,1.107496
1242,12.410109281539917,-2.461368,10.706592,0.413816
1243,12.420087099075317,-1.3754,10.175568,2.291536
1244,12.430906772613525,0.267904,9.47232,3.174184
1245,12.440879106521606,0.519064,9.66368,2.896712
1246,12.450591087341309,-0.177008,9.689992,2.353728
1247,12.46089792251587,-1.573936,11.45768,1.927952
1248,12.471062660217285,-2.334592,13.703768,1.963832
1249,12.480623483657837,-2.124096,14.045824,2.198248
1250,12.490912914276123,-1.406496,12.316408,2.78668
1251,12.500243663787842,-0.435344,10.6444,2.841696
1252,12.51031756401062,0.229632,9.840688,2.772328
1253,12.521015167236328,0.600392,9.845472,2.791464
1254,12.530906915664673,0.499928,10.335832,2.82256
1255,12.54115104675293,-0.093288,11.034296,3.054584
1256,12.551067590713501,-0.925704,11.512696,3.5282
1257,12.560947895050049,-1.45912,12.122656,3.602352
1258,12.570322751998901,-1.35148,12.4384,3.666936
1259,12.580642223358154,-0.600392,12.699128,3.98268
1260,12.590892314910889,0.284648,12.74936,4.590248
1261,12.600951194763184,0.49036,11.347648,4.013776
1262,12.61094331741333,0.923312,9.823944,3.621488
1263,12.62111496925354,1.29168,8.869536,3.77936
1264,12.630619049072266,1.284504,8.053864,3.753048
1265,12.640918254852295,0.810888,6.982248,3.387072
1266,12.650636434555054,0.428168,6.018272,3.231592
1267,12.66096830368042,0.385112,5.57336,3.79132
1268,12.671109914779663,0.894608,5.472896,4.193176
1269,12.681005001068115,0.760656,4.578288,3.977896
1270,12.69060730934143,0.815672,5.379608,4.755296
1271,12.700914859771729,0.420992,5.374824,3.724344
1272,12.710943698883057,0.559728,5.76472,3.353584
1273,12.721201658248901,-0.07176,7.120984,4.367792
1274,12.730931997299194,-0.51428,8.680568,3.525808
1275,12.740617036819458,-2.808208,6.84112,3.171792
1276,12.750624895095825,-3.521024,7.326696,3.351192
1277,12.760892868041992,-2.423096,8.496384,2.767544
1278,12.771034717559814,-3.128736,9.345544,2.753192
1279,12.780984163284302,-4.25776,8.76668,2.432664
1280,12.790905475616455,-4.540016,8.568144,2.628808
1281,12.800907135009766,-4.135768,9.039368,2.545088
1282,12.810954332351685,-4.511312,9.23312,2.126488
1283,12.82107949256897,-5.46572,9.367072,1.669616
1284,12.830942153930664,-6.082856,10.113376,1.624168
1285,12.840987920761108,-6.515808,10.845328,1.502176
1286,12.850889682769775,-6.795672,11.362,1.349088
1287,12.86095118522644,-6.587568,11.048648,1.3156
1288,12.871176481246948,-6.018272,10.670712,1.224704
1289,12.880910158157349,-5.31024,10.737688,1.174472
1290,12.890640020370483,-4.693104,10.828584,1.3754
1291,12.901016235351562,-4.200352,10.948184,1.636128
1292,12.910905599594116,-4.097496,11.51748,1.384968
1293,12.92031216621399,-4.43716,12.77328,1.030952
1294,12.930996656417847,-4.705064,13.799448,0.719992
1295,12.940914154052734,-4.224272,13.541112,1.133808
1296,12.950936317443848,-3.20528,12.471888,1.808352
1297,12.961220741271973,-2.389608,11.833224,2.358512
1298,12.971082925796509,-2.155192,11.522264,2.392
1299,12.98095440864563,-2.303496,11.811696,2.052336
1300,12.991072177886963,-2.401568,12.679992,1.827488
1301,13.000851154327393,-2.351336,13.569816,1.927952
1302,13.010953426361084,-2.08104,13.923832,1.88968
1303,13.02120065689087,-1.808352,13.8138,2.076256
1304,13.030906915664673,-1.576328,13.627224,2.042768
1305,13.040663719177246,-1.337128,13.445432,2.26044
1306,13.050674438476562,-1.047696,13.309088,2.444624
1307,13.061088562011719,-0.598,12.792416,2.659904
1308,13.0709867477417,0.050232,12.148968,2.872792
1309,13.081014633178711,0.755872,11.378744,3.030664
1310,13.090899467468262,1.439984,10.529584,3.056976
1311,13.100942850112915,1.872936,9.402952,2.980432
1312,13.111030340194702,2.167152,8.235656,2.975648
1313,13.120947360992432,2.100176,7.228624,3.143088
1314,13.130955934524536,1.77008,6.441656,3.171792
1315,13.141219139099121,0.232024,5.305456,3.38468
1316,13.151073217391968,-0.698464,4.996888,3.387072
1317,13.160945415496826,-1.262976,4.673968,3.39664
1318,13.171147346496582,-1.774864,4.5448,3.004352
1319,13.180858135223389,-2.17672,4.537624,2.674256
1320,13.19095492362976,-2.4518,4.681144,2.389608
1321,13.200675964355469,-2.626416,5.001672,2.124096
1322,13.210987567901611,-2.757976,5.372432,1.717456
1323,13.221122741699219,-2.899104,5.924984,1.791608
1324,13.23067021369934,-0.966368,4.422808,-1.98536
1325,13.240903615951538,-1.394536,8.173464,2.334592
1326,13.250950574874878,-1.808352,7.475,-1.284504
1327,13.261171102523804,-1.992536,8.111272,-0.542984
1328,13.270936965942383,-0.856336,8.98196,1.9734
1329,13.281124591827393,-0.114816,9.474712,1.559584
1330,13.291138410568237,0.617136,10.079888,-0.02392
1331,13.300857543945312,-0.210496,12.156144,1.361048
1332,13.311043739318848,0.021528,12.763712,1.442376
1333,13.320509195327759,-2.243696,11.23044,1.174472
1334,13.330955028533936,-2.879968,9.505808,1.00464
1335,13.340999126434326,-3.054584,9.338368,1.119456
1336,13.350650310516357,-1.784432,9.977032,1.54284
1337,13.36100149154663,-0.100464,10.256896,1.583504
1338,13.371179580688477,0.031096,11.299808,1.564368
1339,13.380684852600098,-0.90896,13.510016,1.729416
1340,13.390959978103638,-1.624168,15.136576,1.803568
1341,13.400981664657593,-2.109744,13.68224,2.059512
1342,13.411056995391846,-2.470936,11.608376,2.841696
1343,13.42098593711853,-2.485288,10.529584,3.064152
1344,13.430969953536987,-2.05712,10.199488,2.827344
1345,13.440395593643188,-1.51892,10.546328,2.753192
1346,13.450966835021973,-1.107496,11.342864,2.853656
1347,13.46105432510376,-1.157728,11.81648,2.868008
1348,13.47033405303955,-1.906424,12.125048,3.021096
1349,13.480962991714478,-2.420704,12.828296,3.49232
1350,13.49099326133728,-2.478112,13.220584,4.169256
1351,13.500422716140747,-1.69832,13.091416,4.551976
1352,13.510927200317383,-1.047696,11.656216,4.224272
1353,13.521116256713867,0.602784,10.771176,4.398888
1354,13.530645608901978,1.72224,9.907664,4.73616
1355,13.54089617729187,2.136056,8.804952,4.638088
1356,13.55096697807312,1.71028,7.592208,3.930056
1357,13.560359239578247,0.913744,6.606704,3.305744
1358,13.571059465408325,0.600392,6.011096,3.150264
1359,13.580962657928467,0.39468,5.372432,3.269864
1360,13.59060549736023,0.021528,5.506384,4.238624
1361,13.600892066955566,-0.545376,5.353296,3.951584
1362,13.61091947555542,-1.162512,5.365256,3.705208
1363,13.620430707931519,-1.609816,5.721664,3.4086
1364,13.630941390991211,-1.72224,6.300528,2.944552
1365,13.64095687866211,-4.248192,5.726448,4.97536
1366,13.650634527206421,-5.027984,3.506672,-2.7508
1367,13.660893440246582,-4.202744,6.31488,3.968328
1368,13.671136856079102,-3.781752,7.5348,4.064008
1369,13.680618524551392,-3.700424,7.08032,1.286896
1370,13.690900564193726,-3.619096,7.058792,0.880256
1371,13.700956344604492,-3.808064,7.326696,1.29168
1372,13.710595607757568,-4.037696,7.57068,2.0332
1373,13.721065521240234,-4.34148,8.319376,2.597712
1374,13.730978727340698,-4.480216,8.800168,2.255656
1375,13.740995168685913,-4.870112,9.369464,1.753336
1376,13.7508864402771,-5.147584,10.182744,1.456728
1377,13.760982275009155,-5.1428,10.69224,1.334736
1378,13.771168947219849,-4.965792,10.689848,1.468688
1379,13.781049251556396,-4.89164,10.72812,1.559584
1380,13.790931463241577,-4.901208,10.708984,1.693536
1381,13.800608396530151,-4.872504,10.673104,1.90164
1382,13.810882568359375,-4.542408,10.897952,2.076256
1383,13.821142435073853,-4.135768,11.661,2.04516
1384,13.8306245803833,-4.111848,13.715728,1.794
1385,13.841052293777466,-4.403672,15.971384,1.265368
1386,13.851085186004639,-4.523272,16.186665,1.24384
1387,13.860655546188354,-3.676504,14.8304,1.760512
1388,13.87094521522522,-2.289144,13.6344,2.604888
1389,13.880952835083008,-0.999856,12.971816,2.760368
1390,13.890648603439331,-0.08372,12.565176,2.578576
1391,13.90090274810791,0.21528,12.990952,2.226952
1392,13.910842180252075,0.220064,13.70616,2.030808
1393,13.920058727264404,-0.114816,14.048216,1.944696
1394,13.930933713912964,-0.330096,13.73008,2.047552
1395,13.940913438796997,-0.734344,13.364104,2.049944
1396,13.950548887252808,-1.109888,12.959856,1.920776
1397,13.9608895778656,-1.413672,12.718264,1.796392
1398,13.971090316772461,-1.368224,12.409696,1.700712
1399,13.980380296707153,-0.80132,11.945648,1.672008
1400,13.990875244140625,0.019136,11.244792,1.762904
1401,14.0009605884552,0.853944,10.409984,1.803568
1402,14.010371446609497,1.772472,9.199632,1.906424
1403,14.02109694480896,2.107352,8.142368,1.975792
1404,14.030959367752075,2.360904,6.994208,2.023632
1405,14.040594816207886,2.006888,5.95608,2.124096
1406,14.050790548324585,1.612208,5.2026,2.198248
1407,14.06093978881836,0.952016,4.717024,2.317848
1408,14.070203065872192,0.236808,4.382144,2.43984
1409,14.080842733383179,-0.459264,4.22188,2.42788
1410,14.090943336486816,-1.035736,4.109456,2.339376
1411,14.100610971450806,-1.439984,4.1262,2.05712
1412,14.110846042633057,-1.652872,4.236232,1.944696
1413,14.120976448059082,-1.94948,4.451512,1.762904
1414,14.130648851394653,-2.279576,4.7242,1.846624
1415,14.140933752059937,-1.564368,3.619096,-0.6578
1416,14.15093445777893,-2.258048,7.003776,3.346408
1417,14.160411596298218,-2.5116,6.17136,-0.818064
1418,14.170929670333862,-2.710136,6.94876,-0.619528
1419,14.180974006652832,-2.286752,7.872072,1.743768
1420,14.19042181968689,-1.645696,8.83844,1.7342
1421,14.20083999633789,-1.428024,9.721088,0.566904
1422,14.210923671722412,-1.581112,10.634832,-0.255944
1423,14.22019910812378,-1.485432,10.998416,0.136344
1424,14.23088026046753,-1.569152,11.419408,1.325168
1425,14.240804195404053,-0.533416,12.170496,1.32756
1426,14.250307321548462,-1.29168,11.173032,0.516672
1427,14.26085352897644,-1.875328,10.924264,0.904176
1428,14.271043062210083,-2.028416,11.21848,1.990144
1429,14.280245780944824,-2.002104,11.366784,2.444624
1430,14.290868282318115,-2.2724,11.328512,2.41592
1431,14.300945043563843,-2.243696,12.18724,2.143232
1432,14.31062388420105,-2.12888,14.081704,1.681576
1433,14.320897340774536,-1.767688,14.526616,1.846624
1434,14.330925464630127,-1.480648,13.031616,2.58336
1435,14.340622901916504,-1.585896,11.462464,3.291392
1436,14.350891828536987,-1.54284,10.364536,3.449264
1437,14.36085319519043,-1.454336,9.898096,3.308136
1438,14.370414018630981,-1.499784,9.814376,2.913456
1439,14.381101608276367,-1.729416,10.268856,2.789072
1440,14.390923500061035,-2.494856,11.065392,2.901496
1441,14.400481939315796,-3.37272,12.050896,3.052192
1442,14.41088318824768,-3.901352,12.852216,3.284216
1443,14.42106294631958,-4.097496,13.117728,3.800888
1444,14.430602788925171,-3.559296,12.074816,3.80328
1445,14.440871953964233,-2.576184,10.79988,3.614312
1446,14.45094347000122,-0.397072,10.2258,4.020952
1447,14.460641145706177,1.310816,9.35272,4.200352
1448,14.470995664596558,1.521312,7.900776,3.942016
1449,14.48095703125,1.02856,6.644976,3.291392
1450,14.490257501602173,0.62192,5.714488,2.920632
1451,14.500926733016968,0.602784,5.157152,2.576184
1452,14.510972023010254,0.963976,5.133232,3.09764
1453,14.520340919494629,0.653016,4.877288,3.353584
1454,14.530896663665771,-0.045448,5.559008,4.119024
1455,14.540804624557495,-0.75348,5.209776,3.078504
1456,14.550096988677979,-1.239056,5.506384,3.178968
1457,14.560936450958252,-2.370472,4.786392,1.521312
1458,14.571100234985352,-2.437448,4.135768,1.896856
1459,14.580337524414062,-2.29632,5.592496,2.480504
1460,14.590885162353516,-2.10496,6.5182,3.250728
1461,14.600924253463745,-1.14816,7.08032,1.78204
1462,14.610599756240845,-1.717456,6.592352,1.691144
1463,14.621063709259033,-2.755584,6.381856,2.549872
1464,14.631124496459961,-3.08568,6.740656,2.839304
1465,14.640600681304932,-3.200496,7.501312,2.79864
1466,14.650893211364746,-3.702816,7.960576,2.542696
1467,14.660930395126343,-4.810312,8.558576,1.753336
1468,14.670377731323242,-5.518344,9.620624,1.593072
1469,14.680943250656128,-6.137872,10.988848,1.837056
1470,14.690985202789307,-6.24312,11.69688,1.798784
1471,14.70060396194458,-6.154616,11.895416,1.538056
1472,14.710874795913696,-5.688176,11.739936,1.428024
1473,14.720996141433716,-5.07104,11.773424,1.731808
1474,14.730621576309204,-4.327128,11.512696,1.968616
1475,14.740889549255371,-3.320096,11.39788,2.183896
1476,14.750930786132812,-2.270008,11.76864,2.485288
1477,14.760358810424805,-1.667224,12.74936,2.454192
1478,14.771145105361938,-1.899248,14.56728,1.911208
1479,14.781044483184814,-2.561832,16.083809,1.475864
1480,14.79063606262207,-2.844088,15.772848,1.54284
1481,14.800804376602173,-2.29632,14.158248,2.18868
1482,14.811054706573486,-1.155336,12.742184,2.743624
1483,14.82033109664917,-0.409032,11.785384,2.83452
1484,14.830954313278198,-0.160264,11.536616,2.736448
1485,14.840953588485718,-0.220064,12.153752,2.334592
1486,14.850644588470459,-0.485576,13.112944,1.971008
1487,14.861011028289795,-0.952016,13.392808,1.724632
1488,14.871185064315796,-1.4352,13.14404,1.679184
1489,14.880666017532349,-1.786824,12.632152,1.667224
1490,14.89089560508728,-1.98536,12.519728,1.62656
1491,14.901018857955933,-2.042768,12.397736,1.820312
1492,14.910401582717896,-1.545232,12.0796,1.911208
1493,14.921117544174194,-0.552552,11.653824,2.004496
1494,14.930839538574219,0.43056,10.902736,2.305888
1495,14.940609455108643,1.349088,9.984208,2.537912
1496,14.950912952423096,1.980576,8.757112,2.537912
1497,14.961125373840332,2.29632,7.48696,2.5714
1498,14.970368385314941,2.281968,6.37468,2.516384
1499,14.980922937393188,1.915992,5.460936,2.566616
1500,14.99099588394165,1.38736,4.77204,2.602496
