//Date Created 2022-12-09 13:18:57.636326
"//Units: sec, m/s/s"
Action,walking
SampleRate,100.0
Frames#,Time,AccX,AccY,AccZ
1,4.5299530029296875e-06,5.29828,11.225656,3.289
2,0.004840373992919922,5.76472,11.063,3.095248
3,0.01414036750793457,6.180928,11.070176,2.7508
4,0.02489757537841797,6.295744,11.495952,2.430272
5,0.034098148345947266,6.293352,11.871496,2.071472
6,0.04418778419494629,6.20724,12.196808,1.870544
7,0.05486917495727539,6.41056,12.407304,2.061904
8,0.06422615051269531,6.621056,12.297272,2.470936
9,0.07444024085998535,6.78132,12.089168,2.832128
10,0.0848228931427002,6.49428,11.811696,3.210064
11,0.0942525863647461,5.994352,11.74472,3.293784
12,0.10428023338317871,5.315024,11.653824,3.353584
13,0.11475086212158203,4.642872,11.591632,3.5282
14,0.12465929985046387,4.059224,11.280672,3.805672
15,0.13417649269104004,3.712384,10.84772,4.020952
16,0.1448218822479248,3.537768,10.316696,4.195568
17,0.1543128490447998,3.446872,9.754576,4.171648
18,0.16457843780517578,3.439696,9.13744,4.071184
19,0.17470383644104004,3.42056,8.57532,3.867864
20,0.18460655212402344,3.454048,8.08496,3.669328
21,0.19423413276672363,3.355976,7.659184,3.578432
22,0.2046680450439453,3.150264,7.39128,3.45644
23,0.2146446704864502,2.79864,7.14012,3.214848
24,0.22461342811584473,2.516384,6.903312,3.14548
25,0.2346937656402588,2.10496,6.55408,3.08568
26,0.24460673332214355,1.741376,6.317272,3.011528
27,0.2546234130859375,1.210352,5.635552,2.569008
28,0.26488375663757324,1.576328,5.03516,1.36344
29,0.27426624298095703,-0.822848,4.274504,2.645552
30,0.2846071720123291,-0.043056,5.420272,2.698176
31,0.2946169376373291,1.935128,7.242976,2.877576
32,0.3046226501464844,1.396928,6.915272,2.392
33,0.31462860107421875,-0.511888,5.547048,2.255656
34,0.3248720169067383,-2.313064,4.68832,1.915992
35,0.3341813087463379,-2.322632,5.283928,2.590536
36,0.3446226119995117,-1.069224,6.025448,2.693392
37,0.35474348068237305,0.102856,6.403384,2.537912
38,0.36460304260253906,0.564512,6.456008,2.497248
39,0.3746373653411865,0.246376,6.257472,2.525952
40,0.38467907905578613,-0.607568,6.3388,2.657512
41,0.3946352005004883,-1.585896,6.743048,2.470936
42,0.4046189785003662,-2.348944,7.314736,2.150408
43,0.41471076011657715,-2.466152,7.979712,2.0332
44,0.424297571182251,-2.454192,8.32416,2.100176
45,0.434617280960083,-2.219776,8.50356,2.052336
46,0.44468045234680176,-1.822704,8.876712,2.035592
47,0.4546384811401367,-1.346696,9.666072,2.198248
48,0.4646148681640625,-0.822848,10.443472,2.198248
49,0.4748363494873047,-0.672152,10.730512,2.16476
50,0.4846231937408447,-0.983112,10.8238,2.389608
51,0.49424242973327637,-1.224704,10.36932,2.186288
52,0.5046770572662354,-1.425632,10.63244,2.226952
53,0.514662504196167,-1.432808,11.495952,1.772472
54,0.5240991115570068,-1.559584,12.383384,1.846624
55,0.5347921848297119,-1.47108,12.436008,2.34416
56,0.5445995330810547,-1.227096,11.63708,3.02588
57,0.5542871952056885,-0.818064,10.747256,3.56408
58,0.5648856163024902,-0.368368,9.97464,3.61192
59,0.5742688179016113,0.205712,9.410128,3.776968
60,0.5842838287353516,0.69368,9.393384,4.049656
61,0.5947887897491455,0.772616,9.800024,4.339088
62,0.604581356048584,0.841984,10.766392,4.38932
63,0.6146228313446045,0.734344,11.713624,4.267328
64,0.6247148513793945,0.712816,12.208768,4.145336
65,0.6345946788787842,0.839592,12.584312,3.937232
66,0.6445562839508057,0.856336,12.945504,3.724344
67,0.6546952724456787,0.841984,13.122512,3.580824
68,0.6645641326904297,0.724776,12.993344,3.652584
69,0.6741807460784912,0.612352,12.70152,3.62388
70,0.6846861839294434,0.928096,12.012624,3.422952
71,0.6945865154266357,1.487824,11.1826,3.26508
72,0.7045812606811523,2.167152,10.60852,3.607136
73,0.7146909236907959,2.41592,10.079888,3.932448
74,0.7245831489562988,2.10496,9.505808,4.396496
75,0.7341487407684326,1.138592,8.781032,4.307992
76,0.7449023723602295,0.483184,7.805096,3.937232
77,0.7545726299285889,-0.224848,7.154472,3.820024
78,0.7645618915557861,-0.581256,6.967896,4.064008
79,0.7746708393096924,-0.930488,7.034872,3.889392
80,0.784569263458252,-1.109888,6.879392,3.355976
81,0.7945609092712402,-1.475864,6.810024,3.272256
82,0.804990291595459,-2.219776,6.061328,2.573792
83,0.8146255016326904,-1.959048,7.24776,3.269864
84,0.8245956897735596,-1.81792,7.55872,2.817776
85,0.834700345993042,-2.40396,7.099456,2.317848
86,0.8446164131164551,-2.516384,7.130552,2.162368
87,0.854590654373169,-2.279576,7.72616,2.265224
88,0.8646700382232666,-2.47572,7.910344,2.243696
89,0.8746211528778076,-2.336984,7.838584,2.08104
90,0.8846080303192139,-1.552408,8.21652,2.267616
91,0.894629716873169,-1.121848,8.36004,2.351336
92,0.9042589664459229,-1.317992,8.238048,2.633592
93,0.9145848751068115,-1.727024,8.046688,2.533128
94,0.9246647357940674,-2.100176,8.082568,2.46376
95,0.9345998764038086,-2.42788,8.40788,2.34416
96,0.9445691108703613,-2.719704,8.869536,2.167152
97,0.9550740718841553,-2.891928,9.240296,2.171936
98,0.9646103382110596,-3.210064,9.527336,2.071472
99,0.9746744632720947,-3.387072,9.587136,2.157584
100,0.9848442077636719,-3.401424,9.450792,2.22456
101,0.9946749210357666,-3.544944,9.443616,2.102568
102,1.0041801929473877,-3.796104,9.517768,1.963832
103,1.0148489475250244,-4.001816,9.847864,1.676792
104,1.024092435836792,-3.963544,10.20188,1.736592
105,1.0347118377685547,-3.499496,10.534368,1.947088
106,1.0448689460754395,-2.937376,10.984064,2.059512
107,1.0546722412109375,-2.638376,11.558144,1.954264
108,1.0642845630645752,-2.58336,12.050896,1.576328
109,1.0748519897460938,-2.423096,12.469496,1.33952
110,1.0846035480499268,-2.114528,12.632152,1.317992
111,1.0946509838104248,-1.600248,12.651288,1.382576
112,1.1048505306243896,-1.222312,12.548432,1.485432
113,1.114185094833374,-1.164904,12.357072,1.44716
114,1.1246452331542969,-1.227096,11.9002,1.41128
115,1.1348021030426025,-1.251016,11.58924,1.265368
116,1.144212007522583,-1.229488,11.503128,1.38736
117,1.1543495655059814,-1.155336,11.548576,1.33952
118,1.1648683547973633,-1.155336,11.754288,1.260584
119,1.174342155456543,-1.495,12.017408,1.011816
120,1.1842412948608398,-1.9136,12.12744,0.897
121,1.1948559284210205,-1.978184,12.144184,0.691288
122,1.2046935558319092,-1.712672,12.388168,0.593216
123,1.2146518230438232,-1.205568,12.742184,0.595608
124,1.2242310047149658,-0.715208,13.007696,0.64584
125,1.234670877456665,-0.208104,13.292344,0.569296
126,1.2446610927581787,0.253552,13.309088,0.444912
127,1.2547264099121094,0.798928,13.244504,0.380328
128,1.2642838954925537,1.42324,12.998128,0.38272
129,1.2746355533599854,2.093,12.555608,0.44252
130,1.2848308086395264,2.635984,11.866712,0.602784
131,1.2946603298187256,2.88236,11.089312,0.68172
132,1.3046376705169678,3.00196,10.354968,0.913744
133,1.3148713111877441,2.872792,9.709128,1.18404
134,1.3246040344238281,2.181504,9.068072,1.45912
135,1.3346364498138428,1.628952,8.807344,1.344304
136,1.3446016311645508,1.36344,8.285888,1.394536
137,1.3546323776245117,1.298856,7.974928,1.349088
138,1.3643083572387695,1.035736,7.647224,1.057264
139,1.3748416900634766,0.51428,7.532408,0.904176
140,1.3842720985412598,-0.09568,7.405632,1.167296
141,1.3946571350097656,-0.715208,7.350616,1.222312
142,1.4048106670379639,-1.301248,7.238192,1.274936
143,1.4146878719329834,-1.72224,7.276464,1.06444
144,1.424617052078247,-2.1528,6.989424,0.607568
145,1.434814214706421,-1.77008,5.913024,-1.018992
146,1.4448602199554443,-2.934984,7.874464,1.822704
147,1.4546563625335693,-2.662296,7.09228,-0.499928
148,1.464869499206543,-1.514136,6.676072,-0.820456
149,1.4746580123901367,-1.1362,6.979856,1.50696
150,1.484633207321167,-0.52624,7.974928,2.028416
151,1.4947304725646973,-0.92092,8.627944,1.105104
152,1.5046041011810303,-1.959048,7.795528,-0.320528
153,1.5142560005187988,-3.36076,7.082712,0.217672
154,1.5248339176177979,-3.45644,7.09228,0.82524
155,1.5346393585205078,-2.674256,7.766824,0.653016
156,1.5443060398101807,-2.372864,8.800168,0.468832
157,1.5548346042633057,-2.791464,9.658896,0.315744
158,1.5646331310272217,-3.511456,10.242544,0.425776
159,1.5746257305145264,-3.997032,10.469784,0.600392
160,1.584791898727417,-4.238624,10.469784,0.70564
161,1.5946016311645508,-4.087928,10.41716,0.858728
162,1.6042845249176025,-3.549728,10.503272,1.11228
163,1.6148066520690918,-2.96608,10.567856,1.131416
164,1.6245887279510498,-2.382432,10.383672,1.1362
165,1.634582281112671,-2.006888,10.134904,1.349088
166,1.644789457321167,-1.963832,9.97464,1.456728
167,1.6545970439910889,-2.083432,10.326264,1.552408
168,1.6645853519439697,-2.466152,10.876424,1.571544
169,1.674619436264038,-2.669472,11.417016,1.63852
170,1.6846110820770264,-2.705352,11.201736,1.923168
171,1.6946346759796143,-2.540304,10.390848,2.274792
172,1.7048401832580566,-2.351336,9.374248,2.286752
173,1.7142014503479004,-1.92556,8.326552,2.26044
174,1.724639654159546,-1.1362,7.290816,2.411136
175,1.7348134517669678,-0.22724,6.360328,2.705352
176,1.7442333698272705,0.576472,5.70492,2.985216
177,1.7541961669921875,1.109888,5.690568,3.200496
178,1.7649469375610352,1.117064,6.606704,3.162224
179,1.7742018699645996,0.49036,8.405488,2.999568
180,1.784632921218872,-0.401856,10.352576,2.934984
181,1.7946839332580566,-1.04052,11.216088,3.021096
182,1.8046786785125732,-1.176864,11.40984,3.176576
183,1.814695119857788,-0.942448,11.878672,3.140696
184,1.8248708248138428,-0.662584,12.287704,2.99
185,1.834651231765747,-0.208104,12.548432,3.186144
186,1.8446276187896729,-0.246376,11.067784,2.521168
187,1.8546996116638184,0.055016,11.144328,4.020952
188,1.8644745349884033,0.337272,10.725728,4.379752
189,1.8746540546417236,0.653016,9.503416,4.1262
190,1.8846030235290527,0.844376,8.556184,4.169256
191,1.8946027755737305,1.164904,8.3122,4.695496
192,1.9046006202697754,1.346696,8.065824,4.740944
193,1.914855718612671,1.16012,7.826624,4.803136
194,1.9245822429656982,0.49036,7.73812,4.690712
195,1.9346115589141846,0.428168,8.135192,4.38932
196,1.9446067810058594,-0.916136,7.118592,3.430128
197,1.9546136856079102,-0.49036,8.041904,3.155048
198,1.9645946025848389,-1.08836,8.183032,3.267472
199,1.9747207164764404,-1.837056,8.914984,3.872648
200,1.9842352867126465,-2.72688,8.642296,2.951728
201,1.9946050643920898,-3.296176,8.15672,2.549872
202,2.004990339279175,-3.004352,7.967752,2.470936
203,2.0146472454071045,-2.351336,8.08496,2.741232
204,2.0242490768432617,-1.968616,8.417448,2.994784
205,2.0347025394439697,-2.049944,8.295456,2.79864
206,2.0446360111236572,-2.334592,7.910344,2.466152
207,2.0543346405029297,-2.525952,7.616128,2.281968
208,2.064879894256592,-2.705352,7.647224,2.375256
209,2.07472825050354,-2.612064,7.795528,2.444624
210,2.0846455097198486,-2.394392,7.996456,2.4518
211,2.094719409942627,-2.377648,8.173464,2.34416
212,2.1043508052825928,-2.753192,8.441368,2.219776
213,2.1146764755249023,-3.212456,8.71884,2.11692
214,2.124708652496338,-3.753048,8.857576,2.061904
215,2.134634494781494,-4.052048,8.879104,2.112136
216,2.1446423530578613,-4.111848,8.9102,2.334592
217,2.1547152996063232,-4.032912,8.840832,2.191072
218,2.164323568344116,-3.846336,8.93412,2.145624
219,2.174286127090454,-3.75544,9.180496,2.030808
220,2.1842899322509766,-3.61192,9.479496,1.81792
221,2.1943156719207764,-3.487536,9.85504,1.88968
222,2.204141616821289,-3.2292,9.993776,1.966224
223,2.214731454849243,-2.851264,10.323872,1.927952
224,2.224656343460083,-2.820168,10.917088,1.839448
225,2.234668493270874,-2.671864,11.539008,1.765296
226,2.2447259426116943,-2.516384,11.773424,1.762904
227,2.2546727657318115,-2.078648,11.737544,1.832272
228,2.26413631439209,-1.59068,11.663392,1.894464
229,2.2747302055358887,-1.380184,11.76864,1.875328
230,2.284660816192627,-1.356264,11.806912,1.78204
231,2.2946724891662598,-1.39932,11.778208,1.681576
232,2.304873466491699,-1.334736,11.603592,1.794
233,2.3142120838165283,-1.239056,11.275888,1.899248
234,2.324220657348633,-1.138592,10.87164,2.119312
235,2.3348159790039062,-1.133808,10.665928,2.22456
236,2.3441660404205322,-1.138592,10.75204,2.29632
237,2.3542585372924805,-1.286896,11.09888,2.219776
238,2.3649260997772217,-1.53088,11.550968,2.016456
239,2.374250888824463,-1.6744,11.885848,1.9136
240,2.3846139907836914,-1.672008,11.957608,1.705496
241,2.3947365283966064,-1.480648,12.153752,1.65048
242,2.4046738147735596,-1.093144,12.290096,1.640912
243,2.4146687984466553,-0.68172,12.495808,1.571544
244,2.4247472286224365,-0.284648,12.72544,1.569152
245,2.434696674346924,-0.100464,12.624976,1.550016
246,2.4445855617523193,0.074152,12.404912,1.57872
247,2.4549081325531006,0.186576,11.964784,1.605032
248,2.464622974395752,0.325312,11.462464,1.655264
249,2.4746439456939697,0.38272,10.768784,1.648088
250,2.484804391860962,0.55016,10.110984,1.41128
251,2.4946587085723877,0.3588,9.457968,1.44716
252,2.5046029090881348,0.272688,8.821696,1.3754
253,2.514788866043091,-0.102856,8.379176,1.47108
254,2.5245840549468994,-0.461656,7.931872,1.490216
255,2.534661054611206,-0.892216,7.601776,1.54284
256,2.5448012351989746,-1.564368,7.790744,2.107352
257,2.554598093032837,-1.71028,6.484712,1.270152
258,2.564573287963867,-1.963832,8.070608,3.36076
259,2.574781894683838,-2.387216,8.09692,1.74616
260,2.5845720767974854,-2.064296,6.812416,-0.342056
261,2.5946173667907715,-2.011672,6.738264,0.392288
262,2.6047940254211426,-1.71028,7.207096,1.84184
263,2.614607572555542,-1.652872,7.697456,1.765296
264,2.6246190071105957,-1.707888,7.795528,0.853944
265,2.634823799133301,-1.750944,7.458256,0.04784
266,2.6446239948272705,-2.126488,7.484568,0.858728
267,2.6542813777923584,-2.0332,7.489352,1.246232
268,2.664837598800659,-1.827488,7.568288,0.724776
269,2.674769878387451,-1.703104,7.412808,0.126776
270,2.684535026550293,-1.660048,7.159256,-0.078936
271,2.6948323249816895,-2.36808,7.34344,0.483184
272,2.704556941986084,-2.772328,7.63048,1.212744
273,2.714571475982666,-2.746016,7.967752,1.138592
274,2.724780321121216,-2.635984,8.704488,0.916136
275,2.734597682952881,-2.710136,9.419696,0.851552
276,2.7445566654205322,-2.961296,9.97464,0.810888
277,2.7547826766967773,-3.0498,10.307128,0.796536
278,2.7641348838806152,-2.887144,10.299952,0.712816
279,2.774585485458374,-2.72688,10.065536,0.865904
280,2.784785270690918,-2.423096,9.91484,0.990288
281,2.7945668697357178,-2.035592,9.979424,1.274936
282,2.804060935974121,-1.547624,10.0464,1.294072
283,2.8147528171539307,-1.23188,10.307128,1.143376
284,2.8239595890045166,-1.27972,11.084528,1.229488
285,2.834141969680786,-1.683968,11.747112,1.260584
286,2.84476637840271,-2.258048,12.09156,1.504568
287,2.854309320449829,-2.5116,12.0198,2.255656
288,2.86452317237854,-2.628808,11.833224,2.353728
289,2.8747682571411133,-2.437448,11.295024,2.490072
290,2.8845338821411133,-1.959048,10.57264,2.561832
291,2.8945698738098145,-0.973544,9.48428,2.83452
292,2.9047582149505615,0.050232,8.517912,3.291392
293,2.9145731925964355,0.751088,7.699848,3.571256
294,2.9240453243255615,0.86112,7.147296,3.776968
295,2.9348347187042236,0.413816,7.400848,3.913312
296,2.9444637298583984,-0.528632,8.027552,3.762616
297,2.9544031620025635,-1.526096,9.147008,3.700424
298,2.964996099472046,-1.966224,9.881352,3.54016
299,2.974268913269043,-2.028416,10.857288,3.71956
300,2.984548807144165,-1.550016,11.414624,3.351192
301,2.9948556423187256,-1.332344,11.14672,2.722096
302,3.0046498775482178,-0.377936,11.76864,3.092856
303,3.0146684646606445,0.38272,11.766248,3.135912
304,3.0248332023620605,0.69368,11.036688,2.872792
305,3.034667730331421,0.664976,10.252112,2.8704
306,3.044607400894165,0.784576,9.800024,3.174184
307,3.054807662963867,0.971152,9.264216,3.434912
308,3.064580202102661,1.0166,8.737976,3.750656
309,3.0741963386535645,0.760656,8.20456,3.834376
310,3.084878444671631,0.4784,7.807488,3.975504
311,3.094684600830078,0.045448,7.520448,3.674112
312,3.1046667098999023,-0.27508,7.475,3.662152
313,3.114574909210205,-0.751088,7.388888,3.37272
314,3.1240813732147217,-1.20796,7.250152,3.13352
315,3.1343979835510254,-1.205568,7.596992,3.355976
316,3.1447136402130127,-1.669616,7.589816,2.920632
317,3.154313564300537,-2.279576,7.494136,2.363296
318,3.1641738414764404,-2.195856,7.931872,2.458976
319,3.1750450134277344,-3.183752,8.36004,3.403816
320,3.1842408180236816,-1.987752,7.97732,2.035592
321,3.1944546699523926,-2.387216,8.147152,3.329664
322,3.2049829959869385,-2.793856,7.625696,2.901496
323,3.214279890060425,-2.612064,7.384104,2.325024
324,3.224393129348755,-2.408744,7.580248,2.669472
325,3.2347116470336914,-1.939912,7.982104,2.789072
326,3.2443735599517822,-2.24848,7.884032,2.760368
327,3.254469633102417,-2.442232,8.06104,2.729272
328,3.2648515701293945,-2.5714,8.357648,2.803424
329,3.2746310234069824,-2.746016,8.606416,2.83452
330,3.2841989994049072,-2.676648,8.752328,2.669472
331,3.2948036193847656,-2.647944,8.87432,2.518776
332,3.304495334625244,-2.621632,9.084816,2.528344
333,3.3146543502807617,-2.509208,9.259432,2.585752
334,3.3247900009155273,-2.528344,9.49624,2.612064
335,3.3346166610717773,-2.588144,9.536904,2.430272
336,3.3446147441864014,-2.89432,9.79524,2.293928
337,3.3547966480255127,-3.250728,10.115768,2.301104
338,3.364300489425659,-3.434912,10.21384,2.231736
339,3.374640941619873,-3.4086,10.340616,2.138448
340,3.384788751602173,-2.949336,10.448256,2.38004
341,3.3947787284851074,-2.36808,10.54872,2.301104
342,3.404656171798706,-2.11692,10.888384,2.174328
343,3.4146316051483154,-2.193464,11.29024,1.982968
344,3.424631357192993,-2.267616,11.495952,1.932736
345,3.434627056121826,-2.193464,11.342864,2.00928
346,3.4448182582855225,-2.028416,11.01516,2.059512
347,3.45485782623291,-1.96144,10.780744,2.059512
348,3.4643285274505615,-2.102568,10.601344,1.94948
349,3.4748027324676514,-2.34416,10.484136,1.90164
350,3.4845802783966064,-2.406352,10.374104,1.904032
351,3.494593620300293,-2.59532,10.182744,1.810744
352,3.5048136711120605,-2.743624,10.170784,1.81792
353,3.514873743057251,-3.030664,10.378888,1.557192
354,3.524566650390625,-3.289,10.804664,1.282112
355,3.5348243713378906,-3.489928,11.402664,0.990288
356,3.5443122386932373,-3.437304,11.943256,0.928096
357,3.5541906356811523,-3.226808,12.227904,0.82524
358,3.564804792404175,-2.772328,12.53408,0.614744
359,3.574214458465576,-2.133664,12.656072,0.459264
360,3.584256172180176,-1.227096,12.864176,0.495144
361,3.5947017669677734,-0.43056,12.885704,0.593216
362,3.604530096054077,0.40664,12.859392,0.648232
363,3.6145973205566406,1.162512,12.562784,0.81328
364,3.6247754096984863,1.815528,12.180064,0.93288
365,3.634814739227295,2.217384,11.620336,1.2558
366,3.6445419788360596,2.437448,10.99124,1.545232
367,3.6546850204467773,2.322632,10.383672,1.750944
368,3.664776086807251,2.042768,9.666072,1.904032
369,3.6740572452545166,1.681576,8.948472,1.822704
370,3.684769630432129,1.39932,8.438976,1.882504
371,3.694530963897705,1.00464,8.029944,1.741376
372,3.7046093940734863,0.7774,7.709416,1.738984
373,3.714799642562866,0.356408,7.436728,1.729416
374,3.7242984771728516,0.004784,7.297992,1.631344
375,3.734550952911377,-0.724776,7.635264,1.672008
376,3.744701385498047,-0.660192,7.290816,2.812992
377,3.7547240257263184,-1.083576,7.752472,2.54748
378,3.764371871948242,-1.882504,8.161504,1.724632
379,3.77498197555542,-1.932736,6.800456,-0.629096
380,3.784897565841675,-1.808352,7.070752,0.15548
381,3.794701099395752,-1.39932,7.783568,1.241448
382,3.8048787117004395,-1.241448,7.958184,1.308424
383,3.8146438598632812,-1.370616,8.254792,0.832416
384,3.8246498107910156,-1.640912,8.094528,0.22724
385,3.8348522186279297,-1.87772,7.515664,-0.200928
386,3.84460711479187,-1.908816,7.40324,0.356408
387,3.854614019393921,-1.94948,7.996456,1.12424
388,3.8648452758789062,-2.370472,8.173464,0.33488
389,3.874268054962158,-2.688608,7.922304,-0.605176
390,3.8846640586853027,-2.784288,7.764432,-0.6578
391,3.8948519229888916,-2.817776,8.393528,0.126776
392,3.9046437740325928,-2.734056,9.070464,1.093144
393,3.9143271446228027,-2.686216,9.546472,1.29168
394,3.9248461723327637,-2.879968,10.03444,1.090752
395,3.934676170349121,-3.255512,10.194704,1.030952
396,3.9446754455566406,-3.621488,10.364536,1.014208
397,3.9548487663269043,-3.666936,10.694632,1.009424
398,3.964876174926758,-3.171792,11.09888,0.830024
399,3.9746580123901367,-2.580968,11.094096,0.708032
400,3.98492693901062,-2.351336,11.079744,0.822848
401,3.9946844577789307,-2.46376,11.067784,1.095536
402,4.004645347595215,-3.076112,11.364392,1.552408
403,4.014837026596069,-3.590392,11.455288,1.68636
404,4.024652481079102,-3.939624,11.335688,2.093
405,4.034674167633057,-3.901352,11.048648,2.20064
406,4.044851064682007,-3.430128,10.852504,2.399176
407,4.054684638977051,-2.769936,10.65636,2.406352
408,4.064813852310181,-2.124096,10.26168,2.358512
409,4.0747480392456055,-1.84184,9.40056,2.076256
410,4.084639072418213,-1.640912,8.594456,2.458976
411,4.094701290130615,-1.222312,8.089744,2.676648
412,4.104852199554443,-0.978328,7.728552,2.939768
413,4.11466646194458,-0.763048,7.764432,3.178968
414,4.124664068222046,-0.712816,8.305024,3.403816
415,4.13487434387207,-1.02856,9.13744,3.222024
416,4.145022869110107,-1.176864,9.811984,2.746016
417,4.154304265975952,-1.162512,10.125336,2.458976
418,4.164883375167847,-0.60996,10.673104,2.399176
419,4.174318313598633,-0.081328,10.706592,2.253264
420,4.184597730636597,0.698464,11.347648,2.824952
421,4.194874286651611,0.985504,11.735152,3.178968
422,4.204879283905029,0.545376,11.562928,3.188536
423,4.214651346206665,-0.021528,10.936224,3.233984
424,4.224782705307007,-0.55016,10.27364,3.454048
425,4.234870672225952,-0.882648,9.670856,3.688464
426,4.244405269622803,-0.636272,8.637512,3.410992
427,4.254866600036621,-0.08372,8.436584,3.757832
428,4.2643208503723145,-0.547768,7.171216,3.458832
429,4.274139642715454,-0.112424,6.963112,3.18136
430,4.284710884094238,0.52624,7.489352,3.334448
431,4.294596433639526,0.289432,7.539584,3.064152
432,4.304561614990234,-1.062048,7.506096,3.578432
433,4.314779758453369,-1.229488,6.585176,2.561832
434,4.324515104293823,-1.473472,7.888816,3.681288
435,4.334271192550659,-1.564368,8.08496,2.9302
436,4.344757556915283,-1.887288,7.228624,2.112136
437,4.354186534881592,-1.92556,6.680856,1.428024
438,4.364217042922974,-1.93752,7.281248,2.10496
439,4.375035047531128,-2.028416,7.793136,2.561832
440,4.384551048278809,-2.545088,7.84576,2.24848
441,4.3945887088775635,-3.035448,7.623304,1.959048
442,4.404778718948364,-3.126344,7.776392,2.325024
443,4.414630174636841,-2.913456,8.139976,2.480504
444,4.424556255340576,-2.796248,8.175856,2.492464
445,4.4346888065338135,-2.824952,8.00124,2.53552
446,4.44424843788147,-2.961296,7.934264,2.521168
447,4.4546332359313965,-3.2292,7.98928,2.59532
448,4.4649498462677,-3.537768,8.041904,2.765152
449,4.474627733230591,-3.676504,8.214128,2.765152
450,4.484603404998779,-3.542552,8.36004,2.760368
451,4.494709730148315,-3.310528,8.565752,2.705352
452,4.504607915878296,-3.035448,8.733192,2.67904
453,4.514766693115234,-2.868008,8.900632,2.707744
454,4.5248541831970215,-2.89432,9.30488,2.633592
455,4.534702777862549,-2.95412,9.84308,2.624024
456,4.5444581508636475,-2.99,10.29756,2.466152
457,4.555079698562622,-2.719704,10.44108,2.5116
458,4.564393043518066,-2.274792,10.505664,2.569008
459,4.574688196182251,-1.693536,10.761608,2.542696
460,4.584650993347168,-1.571544,11.292632,2.406352
461,4.594666957855225,-1.672008,11.735152,2.145624
462,4.604683876037598,-1.717456,11.921728,1.880112
463,4.61487078666687,-1.820312,11.986312,1.899248
464,4.62472128868103,-1.798784,11.814088,1.92556
465,4.634694814682007,-1.939912,11.687312,1.755728
466,4.644925832748413,-2.231736,11.582064,1.755728
467,4.654686212539673,-2.322632,11.395488,1.595464
468,4.664294958114624,-2.262832,11.201736,1.765296
469,4.674892902374268,-2.061904,10.993632,1.681576
470,4.684289455413818,-1.93752,10.783136,1.81792
471,4.694654703140259,-2.064296,10.807056,1.705496
472,4.704840660095215,-2.267616,10.957752,1.511744
473,4.71437406539917,-2.478112,11.175424,1.298856
474,4.724672317504883,-2.444624,11.464856,1.27972
475,4.734899044036865,-2.171936,11.716016,1.176864
476,4.744569778442383,-1.786824,12.05568,1.05248
477,4.754231929779053,-1.270152,12.230296,1.057264
478,4.764946699142456,-0.755872,12.206376,1.083576
479,4.774384260177612,-0.325312,12.268568,1.050088
480,4.784361124038696,0.212888,12.292488,1.090752
481,4.794863224029541,0.674544,12.06764,1.119456
482,4.804639101028442,1.140984,11.723192,1.191216
483,4.814175605773926,1.545232,11.440936,1.308424
484,4.824848890304565,1.765296,10.838152,1.521312
485,4.834721565246582,1.750944,10.223408,1.607424
486,4.844250202178955,1.535664,9.680424,1.872936
487,4.854880094528198,1.356264,9.163752,1.86576
488,4.864623785018921,1.205568,8.726016,1.832272
489,4.87462592124939,0.940056,8.250008,1.846624
490,4.88484263420105,0.782184,7.96536,1.664832
491,4.894915819168091,0.320528,8.056256,2.054728
492,4.904658794403076,0.172224,7.257328,1.999712
493,4.9148759841918945,-0.243984,7.884032,3.0498
494,4.924604415893555,-1.239056,7.740512,2.107352
495,4.9346067905426025,-0.818064,7.1162,0.361192
496,4.944822311401367,-0.995072,7.089888,1.306032
497,4.954126834869385,-0.978328,7.673536,2.066688
498,4.964594125747681,-0.928096,8.063432,1.420848
499,4.974761247634888,-1.097928,8.046688,0.423384
500,4.984599828720093,-1.48304,8.130408,0.153088
501,4.994624376296997,-1.88968,8.529872,0.624312
502,5.004788398742676,-1.693536,8.290672,0.03588
503,5.014573574066162,-1.975792,7.946224,-0.232024
504,5.024636268615723,-2.468544,7.766824,0.133952
505,5.034793376922607,-2.592928,7.805096,0.301392
506,5.044130325317383,-2.576184,7.888816,0.483184
507,5.0542590618133545,-2.497248,8.271536,0.313352
508,5.065009117126465,-2.229344,8.326552,0.246376
509,5.07426381111145,-2.231736,8.489208,0.672152
510,5.08434796333313,-2.365688,8.871928,0.593216
511,5.094837188720703,-2.430272,9.601488,0.46644
512,5.104324579238892,-2.64316,10.024872,0.344448
513,5.114322185516357,-2.767544,10.14208,0.542984
514,5.12498664855957,-2.772328,10.032048,0.798928
515,5.134433746337891,-2.578576,10.027264,1.150552
516,5.144456624984741,-2.46376,10.091848,1.117064
517,5.155016660690308,-2.12888,10.087064,1.260584
518,5.164382457733154,-1.959048,10.170784,1.317992
519,5.174431324005127,-1.798784,10.50088,1.12424
520,5.184645891189575,-1.899248,11.151504,1.289288
521,5.194133043289185,-2.214992,11.897808,1.38736
522,5.204648494720459,-2.566616,12.192024,1.69832
523,5.214861869812012,-2.784288,11.838008,2.06908
524,5.224630832672119,-2.997176,11.216088,2.00928
525,5.2346718311309814,-2.9302,10.531976,1.923168
526,5.245142459869385,-2.317848,9.491456,1.918384
527,5.254658460617065,-1.085968,8.525088,2.317848
528,5.264163970947266,0.315744,7.652008,2.791464
529,5.274834632873535,1.528488,7.269288,3.353584
530,5.284613609313965,2.155192,7.55872,3.544944
531,5.29465651512146,1.82988,8.520304,3.549728
532,5.30472207069397,1.011816,9.89092,3.320096
533,5.314664602279663,-0.09568,10.768784,3.12156
534,5.324628829956055,-0.784576,11.340472,3.363152
535,5.33467698097229,-0.930488,11.15868,3.090464
536,5.344135761260986,-0.686504,10.885992,2.79864
537,5.354403734207153,0.55016,12.024584,3.930056
538,5.364965200424194,1.253408,12.146576,4.025736
539,5.374030590057373,1.289288,11.271104,3.54016
540,5.384239673614502,1.203176,10.790312,3.702816
541,5.394868612289429,1.227096,10.598952,4.008992
542,5.404672861099243,1.10032,10.027264,4.140552
543,5.4146857261657715,0.712816,9.369464,4.403672
544,5.424848318099976,0.270296,8.745152,4.319952
545,5.434651613235474,0.090896,8.233264,4.226664
546,5.444329261779785,-0.007176,7.57068,3.781752
547,5.4547553062438965,-0.559728,8.4916,6.515808
548,5.464690923690796,-0.6578,7.85772,4.272112
549,5.474211692810059,-1.48304,7.31952,4.563936
550,5.484869718551636,-1.193608,7.312344,3.31292
551,5.494673013687134,-1.569152,7.159256,2.951728
552,5.5046679973602295,-2.040376,6.680856,2.60728
553,5.5148701667785645,-2.557048,6.467968,2.6312
554,5.524672269821167,-2.485288,7.027696,3.140696
555,5.534671068191528,-2.093,7.659184,2.901496
556,5.544845819473267,-2.097784,7.711808,2.71492
557,5.554698705673218,-2.214992,7.518056,2.712528
558,5.564202785491943,-2.432664,7.460648,2.614456
559,5.574883937835693,-2.490072,7.585032,2.444624
560,5.5846357345581055,-2.54748,7.60656,2.423096
561,5.594682931900024,-2.626416,7.465432,2.473328
562,5.604673147201538,-2.66708,7.431944,2.502032
563,5.61412501335144,-2.791464,7.467824,2.504424
564,5.624331712722778,-2.875184,7.640048,2.533128
565,5.634849786758423,-3.0498,7.88164,2.549872
566,5.64465069770813,-3.320096,8.070608,2.444624
567,5.654543876647949,-3.530592,8.400704,2.36808
568,5.6647655963897705,-3.652584,8.63512,2.291536
569,5.674574136734009,-3.67172,8.903024,2.411136
570,5.684571266174316,-3.733912,9.13744,2.485288
571,5.694772243499756,-3.724344,9.297704,2.423096
572,5.704558372497559,-3.700424,9.536904,2.372864
573,5.714564800262451,-3.341624,9.79524,2.447016
574,5.724764347076416,-2.91824,9.97464,2.513992
575,5.73460578918457,-2.375256,10.103808,2.4518
576,5.744609832763672,-1.963832,10.522408,2.456584
577,5.754821062088013,-1.717456,11.041472,2.265224
578,5.764291048049927,-1.576328,11.417016,2.2126
579,5.77465295791626,-1.473472,11.388312,2.198248
580,5.784856081008911,-1.473472,11.268712,2.267616
581,5.794598579406738,-1.669616,11.223264,2.191072
582,5.804612874984741,-1.904032,11.139544,2.042768
583,5.814723968505859,-2.093,11.096488,1.892072
584,5.824572563171387,-2.155192,11.0032,1.81792
585,5.834638833999634,-2.138448,10.8836,1.942304
586,5.844796895980835,-2.04516,10.610912,2.171936
587,5.854633092880249,-2.02124,10.546328,2.267616
588,5.864488124847412,-2.442232,10.642008,2.203032
589,5.875110387802124,-2.635984,11.03908,2.028416
590,5.884676218032837,-2.958904,11.5414,1.915992
591,5.894691228866577,-3.1096,11.766248,1.741376
592,5.90486216545105,-3.123952,11.993488,1.798784
593,5.914696931838989,-2.85844,12.12744,1.827488
594,5.924713850021362,-2.564224,12.05568,1.69832
595,5.934894800186157,-2.11692,12.15136,1.612208
596,5.944217681884766,-1.497392,12.0796,1.466296
597,5.954269886016846,-1.023776,12.046112,1.495
598,5.9648497104644775,-0.32292,11.861928,1.631344
599,5.974350690841675,0.260728,11.539008,1.813136
600,5.984233140945435,0.748696,11.161072,1.896856
601,5.994745969772339,1.193608,10.653968,1.93752
602,6.004571914672852,1.313208,10.0464,1.86576
603,6.0145792961120605,1.39932,9.536904,1.872936
604,6.024557828903198,1.475864,9.051328,1.820312
605,6.0345847606658936,1.272544,8.627944,1.846624
606,6.0445709228515625,1.023776,8.211736,1.944696
607,6.054643630981445,0.626704,8.015592,1.968616
608,6.06412410736084,0.090896,7.831408,1.94948
609,6.074559450149536,-0.49036,7.716592,1.975792
610,6.084149122238159,-1.057264,7.276464,1.892072
611,6.094649314880371,-0.806104,5.6212,-0.853944
612,6.104645490646362,-2.04516,8.912592,3.463616
613,6.1146626472473145,-2.198248,7.850544,0.581256
614,6.124617576599121,-1.822704,7.644832,0.332488
615,6.134610414505005,-1.341912,7.589816,1.196
616,6.144802093505859,-1.609816,7.88164,2.214992
617,6.154604911804199,-1.6744,7.979712,1.681576
618,6.1645917892456055,-1.705496,8.33612,0.889824
619,6.174243450164795,-1.86576,8.391136,0.444912
620,6.185006856918335,-2.143232,7.79792,0.521456
621,6.194097280502319,-2.322632,7.640048,0.45448
622,6.204794645309448,-2.167152,7.652008,0.081328
623,6.214623212814331,-2.2724,7.764432,0.050232
624,6.22461199760437,-2.549872,8.053864,0.31096
625,6.234768390655518,-2.533128,8.412664,0.672152
626,6.244550943374634,-2.482896,8.678176,0.763048
627,6.254247426986694,-2.34416,9.18528,0.643448
628,6.263849973678589,-2.525952,9.857432,0.545376
629,6.274257659912109,-2.602496,10.05836,0.416208
630,6.284353971481323,-2.705352,10.21384,0.531024
631,6.2948057651519775,-2.04516,10.352576,0.459264
632,6.30456805229187,-1.87772,10.400416,0.779792
633,6.314249753952026,-1.774864,10.577424,0.653016
634,6.324783563613892,-1.846624,10.563072,0.691288
635,6.334574937820435,-1.911208,10.582208,0.542984
636,6.344160556793213,-1.99732,10.941008,0.68172
637,6.354749441146851,-2.171936,11.668176,0.863512
638,6.364289999008179,-2.315456,12.11548,0.90896
639,6.374639272689819,-2.229344,11.933688,1.56676
640,6.385376930236816,-2.028416,11.464856,2.126488
641,6.3946404457092285,-1.944696,11.024728,2.317848
642,6.404617786407471,-1.839448,10.44108,2.303496
643,6.415013551712036,-1.667224,9.517768,2.473328
644,6.424645662307739,-1.129024,8.281104,2.640768
645,6.434646368026733,-0.542984,7.154472,3.056976
646,6.444836616516113,0.241592,6.403384,3.25312
647,6.454622983932495,0.56212,6.3986,3.499496
648,6.464620113372803,0.365976,7.130552,3.389464
649,6.47494649887085,-0.289432,8.709272,3.004352
650,6.4845945835113525,-0.971152,10.395632,2.934984
651,6.494223356246948,-1.356264,11.036688,2.793856
652,6.504968881607056,-1.258192,11.33808,2.769936
653,6.514334440231323,-0.6578,11.895416,2.688608
654,6.524677753448486,-0.20332,11.914552,2.281968
655,6.534750938415527,0.200928,12.038936,2.602496
656,6.544661998748779,0.626704,12.041328,3.090464
657,6.554285287857056,0.70564,11.486384,3.207672
658,6.564912796020508,0.504712,10.465,3.482752
659,6.5746705532073975,0.392288,9.658896,3.891784
660,6.584313631057739,0.363584,9.130264,4.418024
661,6.594850301742554,0.375544,8.441368,4.415632
662,6.604523658752441,0.169832,7.692672,4.382144
663,6.614670276641846,-0.172224,7.118592,4.23384
664,6.624722719192505,-0.473616,7.037264,3.977896
665,6.634684324264526,-0.736736,6.97268,3.69564
666,6.644666910171509,-1.222312,7.166432,3.702816
667,6.654776334762573,-1.439984,7.37932,3.463616
668,6.664673328399658,-1.951872,7.001384,3.162224
669,6.674661159515381,-2.014064,7.149688,3.188536
670,6.684689044952393,-2.018848,7.695064,3.308136
671,6.694345951080322,-2.262832,7.718984,2.934984
672,6.704667568206787,-2.48768,7.508488,2.580968
673,6.714742422103882,-2.755584,7.551544,2.59532
674,6.72468113899231,-2.76276,7.728552,2.624024
675,6.734685182571411,-2.588144,7.919912,2.626416
676,6.744719505310059,-2.43984,7.962968,2.6312
677,6.754702568054199,-2.30828,8.104096,2.784288
678,6.7646565437316895,-2.346552,7.986888,2.748408
679,6.774749040603638,-2.382432,7.79792,2.722096
680,6.784916400909424,-2.545088,7.67832,2.877576
681,6.794712781906128,-2.769936,7.680712,2.956512
682,6.805062532424927,-3.107208,7.864896,2.860832
683,6.8146867752075195,-3.49232,8.09692,2.707744
684,6.824210166931152,-3.619096,8.211736,2.779504
685,6.834789037704468,-3.619096,8.39592,2.875184
686,6.844245433807373,-3.394248,8.39592,2.741232
687,6.854194641113281,-3.30096,8.465288,2.597712
688,6.86470365524292,-3.214848,8.848008,2.52356
689,6.874616622924805,-3.178968,9.548864,2.394392
690,6.884572267532349,-2.96608,9.953112,2.313064
691,6.894792556762695,-2.719704,10.223408,2.46376
692,6.90464973449707,-2.521168,10.591776,2.420704
693,6.914201021194458,-2.468544,11.103664,2.310672
694,6.924732208251953,-2.54748,11.787776,2.12888
695,6.934650897979736,-1.9136,12.263784,2.08104
696,6.944646120071411,-1.33952,12.156144,2.12888
697,6.954698085784912,-1.114672,11.952824,2.226952
698,6.96465539932251,-1.157728,11.775816,2.133664
699,6.974363803863525,-1.361048,11.550968,2.085824
700,6.984835386276245,-1.535664,11.287848,2.203032
701,6.994729518890381,-1.600248,10.962536,2.22456
702,7.004684209823608,-1.454336,10.639616,2.2126
703,7.014737129211426,-1.645696,10.395632,2.124096
704,7.024293661117554,-1.927952,10.54872,2.11692
705,7.034700155258179,-2.253264,10.981672,1.846624
706,7.045058727264404,-2.327416,11.323728,1.495
707,7.054385423660278,-2.28436,11.558144,1.39932
708,7.064327001571655,-2.191072,11.806912,1.616992
709,7.0749993324279785,-1.837056,12.026976,1.504568
710,7.084334135055542,-1.425632,12.089168,1.286896
711,7.0944037437438965,-0.882648,12.10352,1.282112
712,7.104883670806885,-0.169832,12.050896,1.20796
713,7.114405632019043,0.447304,11.97196,1.298856
714,7.12426233291626,0.940056,11.87628,1.284504
715,7.134812831878662,1.322776,11.522264,1.392144
716,7.144267797470093,1.695928,11.060608,1.48304
717,7.154357433319092,1.837056,10.522408,1.683968
718,7.164938926696777,1.705496,9.922016,1.643304
719,7.17439866065979,1.430416,9.37664,1.59068
720,7.184324502944946,1.08836,8.905416,1.664832
721,7.195131778717041,0.69368,8.434192,1.511744
722,7.204730033874512,0.375544,8.039512,1.487824
723,7.2145466804504395,-0.133952,7.836192,1.571544
724,7.224912881851196,-0.664976,7.699848,1.552408
725,7.234731912612915,-1.368224,7.879248,1.803568
726,7.2447168827056885,-1.50696,6.635408,0.447304
727,7.254898548126221,-2.277184,7.984496,2.604888
728,7.264291524887085,-2.736448,7.43912,0.815672
729,7.274713754653931,-2.258048,7.195136,0.01196
730,7.284913539886475,-1.755728,7.075536,0.748696
731,7.294718503952026,-1.054872,7.556328,1.664832
732,7.304826021194458,-0.775008,8.08496,1.413672
733,7.314935207366943,-0.810888,7.836192,0.55016
734,7.324358701705933,-1.416064,7.489352,0.480792
735,7.334395885467529,-1.837056,7.144904,0.796536
736,7.344722747802734,-1.8538,6.915272,0.74152
737,7.354736328125,-1.801176,6.893744,0.399464
738,7.364644527435303,-2.018848,7.106632,0.476008
739,7.374735355377197,-2.090608,7.302776,0.3588
740,7.3846752643585205,-2.183896,7.850544,0.365976
741,7.394692659378052,-2.143232,8.438976,0.435344
742,7.404719829559326,-2.32024,9.199632,0.440128
743,7.414819002151489,-2.669472,9.969856,0.51428
744,7.4246580600738525,-2.975648,10.649184,0.401856
745,7.434729337692261,-3.131128,10.821408,0.241592
746,7.444689750671387,-2.975648,10.819016,0.650624
747,7.4546897411346436,-2.569008,10.888384,0.636272
748,7.464831352233887,-1.84184,10.48892,0.373152
749,7.474684476852417,-2.167152,10.713768,1.241448
750,7.484686613082886,-1.930344,10.682672,0.588432
751,7.494765758514404,-1.863368,10.962536,0.767832
752,7.5047080516815186,-2.030808,11.546184,1.095536
753,7.5142481327056885,-2.133664,12.290096,1.382576
754,7.525111675262451,-2.303496,12.263784,1.760512
755,7.534638166427612,-2.573792,11.75668,2.281968
756,7.544651985168457,-2.662296,11.271104,2.348944
757,7.554852485656738,-2.42788,10.766392,2.08104
758,7.564639091491699,-1.738984,9.957896,2.329808
759,7.574712753295898,-0.894608,8.991528,2.707744
760,7.584836721420288,0.01196,8.051472,2.95412
761,7.594661474227905,0.734344,7.309952,3.355976
762,7.60463547706604,0.906568,7.190352,3.530592
763,7.6147637367248535,0.626704,7.764432,3.497104
764,7.624138832092285,0.033488,8.848008,3.375112
765,7.634259462356567,-0.624312,9.85504,3.167008
766,7.644843578338623,-0.698464,10.546328,3.128736
767,7.654684543609619,-0.425776,11.065392,3.207672
768,7.664702415466309,0.44252,11.823656,3.207672
769,7.674846887588501,0.851552,11.52944,3.047408
770,7.684645414352417,1.695928,12.0198,3.640624
771,7.694685459136963,2.205424,12.275744,4.075968
772,7.70484185218811,2.028416,11.330904,3.654976
773,7.714723825454712,1.660048,10.53676,4.025736
774,7.724463701248169,1.246232,10.149256,4.382144
775,7.734858512878418,0.942448,9.35272,4.4252
776,7.744286060333252,0.509496,8.580104,4.394104
777,7.754286289215088,0.074152,7.888816,4.34148
778,7.7650392055511475,-0.229632,7.419984,4.183608
779,7.774361848831177,-0.365976,7.120984,4.04248
780,7.784274101257324,-1.301248,7.84576,3.872648
781,7.79487681388855,-0.760656,7.661576,4.750512
782,7.804622650146484,-1.370616,7.147296,4.315168
783,7.814631938934326,-2.286752,6.477536,2.899104
784,7.824857950210571,-2.66708,7.192744,3.068936
785,7.8346850872039795,-2.573792,7.125768,2.382432
786,7.844617605209351,-2.7508,7.109024,2.53552
787,7.85483717918396,-2.691,7.408024,2.561832
788,7.864632844924927,-2.793856,7.826624,2.82256
789,7.874675035476685,-2.777112,8.159112,2.827344
790,7.884838342666626,-2.576184,7.888816,2.34416
791,7.894615888595581,-2.61924,7.64244,2.29632
792,7.904634714126587,-2.671864,7.709416,2.4518
793,7.9148359298706055,-2.64316,7.709416,2.5714
794,7.924858093261719,-2.516384,7.601776,2.614456
795,7.9346747398376465,-2.49964,7.467824,2.564224
796,7.944889307022095,-2.635984,7.508488,2.652728
797,7.954686164855957,-2.89432,7.561112,2.808208
798,7.964629888534546,-3.243552,7.80988,2.868008
799,7.974836111068726,-3.437304,8.135192,2.743624
800,7.984667062759399,-3.824808,8.340904,2.71492
801,7.9946677684783936,-4.008992,8.752328,2.609672
802,8.004831790924072,-4.085536,9.123088,2.528344
803,8.014130353927612,-4.157296,9.718696,2.58336
804,8.02460265159607,-4.130984,10.158824,2.466152
805,8.035141229629517,-3.805672,10.314304,2.54748
806,8.044640302658081,-3.131128,10.146864,2.729272
807,8.054672479629517,-2.58336,10.304736,2.777112
808,8.064848184585571,-2.24848,10.642008,2.722096
809,8.074673652648926,-2.183896,11.046256,2.681432
810,8.084667682647705,-1.94948,11.299808,2.442232
811,8.094846725463867,-1.552408,11.46964,2.389608
812,8.1046621799469,-1.428024,11.51748,2.267616
813,8.114660501480103,-1.703104,11.663392,2.195856
814,8.125099420547485,-2.066688,11.675352,1.98536
815,8.134371757507324,-2.243696,11.495952,1.851408
816,8.144219875335693,-2.157584,11.225656,1.870544
817,8.15498161315918,-1.827488,10.816624,2.095392
818,8.164644002914429,-1.648088,10.314304,2.167152
819,8.17471170425415,-1.736592,10.151648,2.143232
820,8.184840679168701,-1.930344,10.228192,2.04516
821,8.194603681564331,-1.990144,10.637224,1.880112
822,8.204680919647217,-2.05712,11.094096,1.772472
823,8.214838027954102,-2.00928,11.491168,1.683968
824,8.22467851638794,-1.9136,11.727976,1.62656
825,8.234674215316772,-1.789216,11.713624,1.621776
826,8.244841575622559,-1.624168,11.821264,1.595464
827,8.254676103591919,-1.368224,11.93608,1.619384
828,8.26464581489563,-0.973544,12.003056,1.703104
829,8.274848937988281,-0.444912,12.101128,1.655264
830,8.284668207168579,0.200928,12.024584,1.846624
831,8.29470944404602,0.664976,11.704056,1.827488
832,8.304641485214233,1.066832,11.244792,2.002104
833,8.314671754837036,1.294072,10.687456,2.002104
834,8.324439287185669,1.36344,10.027264,2.157584
835,8.334995031356812,1.361048,9.36468,2.219776
836,8.344303131103516,1.14816,8.9102,2.26044
837,8.354346513748169,0.87308,8.56336,2.214992
838,8.365030288696289,0.511888,8.15672,2.052336
839,8.374341487884521,0.126776,7.895992,1.966224
840,8.384282350540161,-0.014352,7.262112,1.918384
841,8.394838333129883,0.057408,5.240872,-1.097928
842,8.404629945755005,-1.129024,9.235512,3.289
843,8.414656639099121,-1.176864,7.640048,0.40664
844,8.42459750175476,-1.4352,6.831552,0.236808
845,8.434650897979736,-1.272544,7.520448,1.813136
846,8.444698572158813,-1.164904,8.020376,2.136056
847,8.454779624938965,-0.971152,8.044296,1.236664
848,8.464375972747803,-0.901784,8.12084,0.598
849,8.474715232849121,-1.007032,7.829016,0.174616
850,8.484924793243408,-1.274936,7.637656,0.612352
851,8.4946928024292,-1.389752,7.711808,0.798928
852,8.504711627960205,-1.24384,7.939048,0.535808
853,8.514766454696655,-1.038128,7.757256,0.14352
854,8.524169445037842,-0.712816,7.25972,0.038272
855,8.53463864326477,-0.674544,7.51088,0.282256
856,8.544864177703857,-0.997464,7.982104,0.432952
857,8.554397583007812,-1.576328,8.620768,0.234416
858,8.564632177352905,-2.289144,9.422088,-0.184184
859,8.574913024902344,-2.90628,10.15404,0.081328
860,8.58464503288269,-3.190928,10.677888,0.246376
861,8.594695329666138,-3.131128,10.902736,0.265512
862,8.604907512664795,-2.626416,10.926656,0.4186
863,8.614671230316162,-1.978184,10.936224,0.485576
864,8.624685525894165,-1.703104,10.754432,0.437736
865,8.634180784225464,-1.597856,10.445864,0.294216
866,8.644272804260254,-1.633736,10.314304,0.523848
867,8.654656887054443,-1.982968,10.50088,1.44716
868,8.664874076843262,-2.052336,11.309376,0.504712
869,8.675006628036499,-2.384824,12.081992,0.581256
870,8.68468451499939,-2.719704,12.495808,1.145768
871,8.694908618927002,-2.693392,12.170496,1.66244
872,8.704649209976196,-2.346552,11.866712,2.040376
873,8.714715003967285,-1.74616,11.790168,2.061904
874,8.724918365478516,-1.174472,10.79988,2.054728
875,8.73490309715271,-0.46644,9.276176,2.262832
876,8.744677543640137,0.270296,8.039512,2.779504
877,8.754884004592896,0.806104,7.30756,3.186144
878,8.765003442764282,0.983112,7.197528,3.535376
879,8.774676322937012,0.56212,7.862504,3.578432
880,8.78490686416626,-0.392288,9.0298,3.31292
881,8.794686555862427,-1.384968,10.137296,3.42056
882,8.804695844650269,-1.74616,10.670712,3.25312
883,8.81487488746643,-1.576328,11.058216,3.0498
884,8.825009822845459,-0.841984,11.474424,2.83452
885,8.834679126739502,-0.02392,11.849968,2.820168
886,8.845004320144653,0.664976,11.718408,2.564224
887,8.854710578918457,0.942448,11.256752,2.746016
888,8.864662170410156,1.133808,11.256752,3.547336
889,8.874903917312622,0.949624,10.603736,3.521024
890,8.884679555892944,0.643448,9.673248,3.592784
891,8.89458441734314,0.564512,8.888672,3.741088
892,8.904782056808472,0.607568,8.283496,3.865472
893,8.914714813232422,0.636272,7.826624,3.86308
894,8.924736499786377,0.399464,7.458256,3.81524
895,8.934752702713013,0.148304,7.431944,3.578432
896,8.944340944290161,-0.614744,6.647368,3.222024
897,8.954216957092285,-1.066832,6.001528,2.540304
898,8.964905738830566,-0.94484,7.03248,3.561688
899,8.974424362182617,-1.499784,7.496528,3.451656
900,8.984309196472168,-2.049944,7.123376,2.789072
901,8.995050430297852,-2.485288,6.86504,2.49964
902,9.004689455032349,-2.650336,6.874608,2.389608
903,9.014503479003906,-2.126488,8.309808,3.62388
904,9.024805307388306,-1.906424,7.802704,1.9136
905,9.034682512283325,-2.171936,7.879248,1.982968
906,9.044676780700684,-2.375256,8.015592,2.564224
907,9.054757595062256,-2.382432,8.218912,2.812992
908,9.06428050994873,-2.253264,8.006024,2.633592
909,9.074642181396484,-2.195856,7.577856,2.561832
910,9.084924936294556,-2.226952,7.565896,2.77472
911,9.094412565231323,-2.277184,7.525232,2.84648
912,9.104463338851929,-2.616848,7.635264,2.638376
913,9.114863872528076,-2.951728,7.704632,2.549872
914,9.125185251235962,-3.363152,7.867288,2.576184
915,9.134446382522583,-3.588,8.139976,2.688608
916,9.144896268844604,-3.56408,8.171072,2.602496
917,9.15421199798584,-3.45644,8.283496,2.695784
918,9.16429352760315,-3.236376,8.391136,2.564224
919,9.17503309249878,-3.1096,8.771464,2.518776
920,9.184427499771118,-2.975648,9.190064,2.447016
921,9.194342851638794,-2.796248,9.694776,2.377648
922,9.205041408538818,-2.49964,10.060752,2.372864
923,9.21471095085144,-2.05712,10.481744,2.35612
924,9.224562168121338,-1.844232,10.99124,2.35612
925,9.234761238098145,-1.724632,11.670568,2.210208
926,9.244725942611694,-1.571544,11.866712,2.226952
927,9.25472640991211,-1.332344,11.790168,2.334592
928,9.264893531799316,-1.131416,11.594024,2.504424
929,9.274994134902954,-1.140984,11.37396,2.492464
930,9.284666538238525,-1.35148,11.381136,2.303496
931,9.294869422912598,-1.526096,11.165856,2.234128
932,9.304687261581421,-1.66244,11.127584,2.29632
933,9.314688920974731,-1.691144,10.912304,2.504424
934,9.324899435043335,-1.667224,10.465,2.456584
935,9.334548950195312,-1.54284,10.182744,2.592928
936,9.344366550445557,-1.712672,10.199488,2.384824
937,9.354867696762085,-1.860976,10.388456,2.061904
938,9.364677906036377,-1.980576,10.754432,1.849016
939,9.374285459518433,-2.023632,11.261536,1.705496
940,9.384887933731079,-1.951872,11.605984,1.705496
941,9.394703388214111,-1.8538,11.7806,1.753336
942,9.404685020446777,-1.63852,11.85236,1.688752
943,9.414861679077148,-1.26776,12.005448,1.62656
944,9.424669742584229,-0.521456,12.285312,1.62656
945,9.43468189239502,0.217672,12.47428,1.600248
946,9.444864988327026,0.870688,12.323584,1.490216
947,9.454699277877808,1.152944,12.041328,1.547624
948,9.464677333831787,1.310816,11.608376,1.552408
949,9.47474980354309,1.428024,10.974496,1.593072
950,9.484408617019653,1.645696,10.343008,1.583504
951,9.494680166244507,1.832272,9.661288,1.528488
952,9.504853248596191,1.679184,9.036976,1.63852
953,9.514397144317627,1.337128,8.520304,1.60264
954,9.524659872055054,0.755872,8.221304,1.753336
955,9.534860134124756,0.1196,7.802704,1.767688
956,9.544220209121704,-0.363584,7.60656,1.791608
957,9.554661512374878,-0.93288,7.429552,1.794
958,9.564907312393188,-1.260584,7.312344,1.679184
959,9.574339628219604,-1.535664,7.381712,1.521312
960,9.58433198928833,-1.707888,7.180784,1.581112
961,9.594890356063843,-2.358512,7.302776,1.920776
962,9.604690790176392,-2.55944,7.836192,1.813136
963,9.614711284637451,-2.79864,7.537192,0.818064
964,9.624861478805542,-2.432664,7.465432,0.638664
965,9.63468861579895,-1.858584,7.783568,1.344304
966,9.644662141799927,-1.523704,8.04908,1.69832
967,9.654844045639038,-1.437592,7.986888,1.203176
968,9.664496660232544,-1.3754,7.874464,0.559728
969,9.674692392349243,-1.454336,7.73812,0.0598
970,9.685036182403564,-1.715064,7.57068,0.08372
971,9.69469928741455,-1.851408,7.683104,0.344448
972,9.704576253890991,-1.987752,8.058648,0.217672
973,9.714843511581421,-2.119312,8.520304,0.045448
974,9.724696159362793,-2.238912,9.11352,0.098072
975,9.734686851501465,-2.327416,9.797632,0.368368
976,9.744855165481567,-2.310672,10.307128,0.3588
977,9.754707336425781,-2.5714,10.465,0.365976
978,9.764672040939331,-2.602496,10.65636,0.339664
979,9.774787187576294,-2.557048,10.764,0.351624
980,9.784696102142334,-2.58336,10.783136,0.495144
981,9.794243812561035,-2.43984,10.749648,0.519064
982,9.80485725402832,-2.253264,10.8238,0.327704
983,9.814695596694946,-2.167152,11.321336,0.504712
984,9.824711799621582,-2.375256,12.254216,0.636272
985,9.834767580032349,-2.734056,12.885704,0.877864
986,9.844686508178711,-3.02588,12.584312,1.196
987,9.854695081710815,-2.949336,11.797344,1.753336
988,9.864861011505127,-2.255656,11.165856,2.32024
989,9.874727725982666,-1.1362,10.627656,2.657512
990,9.88468599319458,0.088504,9.697168,2.96608
991,9.894757509231567,1.129024,8.615984,3.26508
992,9.904268503189087,1.880112,7.829016,3.42056
993,9.914676189422607,1.915992,7.539584,3.430128
994,9.924857378005981,1.353872,7.955792,3.308136
995,9.93473744392395,0.222456,8.943688,3.06176
996,9.944658279418945,-0.935272,10.020088,3.07372
997,9.95476770401001,-1.820312,10.62048,3.143088
998,9.964640617370605,-1.98536,11.165856,3.233984
999,9.974660634994507,-1.660048,11.617944,3.523416
1000,9.98484754562378,-0.734344,12.500592,3.71956
1001,9.994689464569092,-0.043056,10.792704,2.109744
1002,10.004686117172241,0.581256,11.232832,3.800888
1003,10.014688968658447,1.090752,10.941008,3.915704
1004,10.024696826934814,1.380184,9.84308,3.36076
1005,10.034428119659424,1.50696,9.027408,3.387072
1006,10.044905185699463,1.600248,8.726016,3.95876
1007,10.054694414138794,1.492608,8.369608,4.200352
1008,10.064701080322266,0.930488,7.912736,4.310384
1009,10.075058937072754,0.121992,7.28364,4.028128
1010,10.084427118301392,-0.796536,6.814808,4.040088
1011,10.094703912734985,-1.475864,6.666504,3.93484
1012,10.10490870475769,-1.982968,6.444048,3.607136
1013,10.11472487449646,-2.011672,6.491888,3.344016
1014,10.124695539474487,-2.351336,6.501456,3.212456
1015,10.134956121444702,-2.506816,6.48232,2.963688
1016,10.144247055053711,-2.32024,7.034872,3.202888
1017,10.15438961982727,-2.626416,7.446296,3.200496
1018,10.164954662322998,-3.030664,7.475,2.647944
1019,10.174405574798584,-3.329664,7.321912,2.525952
1020,10.184316635131836,-3.260296,7.36736,2.72688
1021,10.194935321807861,-3.07372,7.60656,2.932592
1022,10.20439600944519,-2.78668,7.759648,3.03784
1023,10.214695692062378,-2.691,7.745296,2.932592
1024,10.224915504455566,-2.612064,7.640048,2.951728
1025,10.234254598617554,-2.683824,7.539584,2.946944
1026,10.244690418243408,-2.841696,7.455864,3.03784
1027,10.254907846450806,-2.934984,7.608952,3.08568
1028,10.264693260192871,-3.064152,7.745296,3.009136
1029,10.274606227874756,-3.231592,7.958184,2.90628
1030,10.284720659255981,-3.657368,8.154328,2.923024
1031,10.29470705986023,-3.915704,8.386352,2.903888
1032,10.304352045059204,-3.858296,8.486816,2.8704
1033,10.314924240112305,-3.616704,8.613592,2.980432
1034,10.32468318939209,-3.267472,8.895848,2.913456
1035,10.334428787231445,-2.997176,9.170928,2.860832
1036,10.344807863235474,-2.815384,9.324016,2.796248
1037,10.354699611663818,-2.635984,9.5082,2.722096
1038,10.36469030380249,-2.394392,9.754576,2.674256
1039,10.37477707862854,-2.17672,10.089456,2.564224
1040,10.384698629379272,-2.219776,10.878816,2.370472
1041,10.39426565170288,-2.334592,11.778208,2.05712
1042,10.404771566390991,-2.210208,12.479064,1.990144
1043,10.414708852767944,-2.083432,12.586704,2.054728
1044,10.424699068069458,-1.844232,12.290096,2.076256
1045,10.434788227081299,-1.68636,11.869104,2.313064
1046,10.444685935974121,-1.633736,11.25436,2.413528
1047,10.454711198806763,-1.633736,10.87164,2.396784
1048,10.464848756790161,-1.664832,10.30952,2.317848
1049,10.474725723266602,-1.727024,9.955504,2.281968
1050,10.484272956848145,-1.791608,9.766536,2.085824
1051,10.494970321655273,-2.250872,9.850256,1.923168
1052,10.504217863082886,-2.640768,10.254504,1.581112
1053,10.514394521713257,-3.03784,10.85968,1.475864
1054,10.52494764328003,-3.298568,11.455288,1.30364
1055,10.534988641738892,-3.171792,11.986312,1.12424
1056,10.544685363769531,-2.793856,12.237472,1.140984
1057,10.554691791534424,-2.2126,12.436008,1.341912
1058,10.564662218093872,-1.538056,12.610624,1.17208
1059,10.574697971343994,-0.734344,12.491024,1.2558
1060,10.584937810897827,0.160264,12.30684,1.406496
1061,10.594201564788818,1.152944,11.82844,1.437592
1062,10.60466456413269,1.944696,11.27828,1.56676
1063,10.614933729171753,2.473328,10.771176,1.724632
1064,10.624645471572876,2.647944,10.125336,1.755728
1065,10.634708166122437,2.55944,9.501024,1.990144
1066,10.644937515258789,2.279576,8.950864,2.14084
1067,10.654669761657715,1.839448,8.448544,2.174328
1068,10.664638757705688,1.308424,8.101704,2.203032
1069,10.67484450340271,0.643448,7.874464,2.2724
1070,10.684335470199585,-0.033488,7.707024,2.121704
1071,10.694701910018921,-0.63388,7.51088,2.095392
1072,10.704978942871094,-1.23188,7.369752,2.157584
1073,10.714693784713745,-1.600248,7.34344,2.198248
1074,10.724649667739868,-1.87772,7.25972,2.179112
1075,10.734948873519897,-2.011672,7.326696,1.911208
1076,10.744659662246704,-2.18868,7.372144,1.798784
1077,10.754382133483887,-1.930344,7.24776,1.066832
1078,10.765120267868042,-2.12888,7.527624,1.648088
1079,10.77496862411499,-2.310672,7.33148,1.186432
1080,10.784318685531616,-2.458976,7.824232,1.222312
1081,10.794946908950806,-2.059512,7.915128,0.767832
1082,10.80467939376831,-1.679184,7.874464,0.459264
1083,10.814712762832642,-1.425632,7.886424,0.86112
1084,10.824936866760254,-1.523704,7.85772,1.174472
1085,10.834691047668457,-1.815528,7.931872,0.846768
1086,10.844623327255249,-2.358512,7.974928,0.60996
1087,10.854942321777344,-2.8106,8.151936,0.308568
1088,10.863979816436768,-3.12156,8.482032,0.105248
1089,10.874106645584106,-3.291392,9.080032,-0.002392
1090,10.8850679397583,-3.279432,9.623016,-0.133952
1091,10.894488096237183,-3.20528,10.039224,-0.08372
1092,10.904268980026245,-3.056976,10.230584,0.100464
1093,10.914870977401733,-2.743624,10.30952,0.296608
1094,10.924983739852905,-2.32024,10.651576,0.557336
1095,10.934757232666016,-2.155192,10.988848,0.571688
1096,10.944968938827515,-2.1528,11.216088,0.437736
1097,10.954702377319336,-2.226952,11.283064,0.49036
1098,10.96470046043396,-2.444624,11.273496,0.655408
1099,10.975000381469727,-2.504424,11.6012,0.870688
1100,10.984605550765991,-2.552264,12.275744,1.038128
1101,10.994745016098022,-2.635984,12.624976,1.26776
1102,11.004968643188477,-2.664688,12.380992,1.695928
1103,11.014709949493408,-2.305888,11.940864,1.870544
1104,11.02468729019165,-1.810744,11.586848,1.992536
1105,11.034976959228516,-1.093144,10.938616,2.052336
1106,11.044279098510742,-0.21528,9.96268,2.059512
1107,11.054538488388062,0.755872,8.929336,2.179112
1108,11.065145492553711,1.57872,8.077784,2.664688
1109,11.07437539100647,2.243696,7.716592,3.272256
1110,11.084362268447876,2.435056,7.92948,3.595176
1111,11.095136404037476,2.049944,8.560968,3.554512
1112,11.104269981384277,1.317992,9.524944,3.236376
1113,11.114416122436523,0.325312,10.302344,2.939768
1114,11.125181436538696,-0.1196,10.862072,2.784288
1115,11.134483814239502,-0.019136,11.378744,2.66708
1116,11.144377946853638,0.52624,11.835616,2.528344
1117,11.154950857162476,1.1362,12.47428,3.028272
1118,11.164366006851196,1.358656,11.474424,2.411136
1119,11.174415826797485,1.186432,11.907376,3.93484
1120,11.185164451599121,0.72956,11.335688,3.810456
1121,11.194422245025635,0.210496,9.943544,3.200496
1122,11.204735279083252,-0.200928,9.1494,3.439696
1123,11.215006828308105,-0.157872,8.462896,3.796104
1124,11.224711418151855,-0.255944,7.86968,3.80328
1125,11.234673976898193,-0.557336,7.465432,3.631056
1126,11.244982242584229,-1.002248,7.006168,3.415776
1127,11.2547287940979,-1.640912,6.778928,3.43252
1128,11.264673709869385,-2.214992,6.563648,3.389464
1129,11.274977207183838,-2.743624,6.628232,3.470792
1130,11.284722566604614,-3.418168,6.094816,2.875184
1131,11.294693231582642,-3.537768,6.066112,2.592928
1132,11.304977178573608,-3.140696,7.00856,3.451656
1133,11.31468915939331,-3.583216,7.436728,3.255512
1134,11.324685335159302,-4.083144,7.204704,2.394392
1135,11.33496904373169,-4.135768,6.965504,2.02124
1136,11.3446786403656,-3.918096,7.149688,2.454192
1137,11.354859352111816,-3.662152,7.656792,2.746016
1138,11.36493730545044,-3.315312,7.76204,2.58336
1139,11.374715089797974,-3.152656,7.66636,2.430272
1140,11.38471531867981,-2.923024,7.551544,2.310672
1141,11.394768476486206,-2.729272,7.266896,2.437448
1142,11.404372692108154,-2.600104,7.106632,2.66708
1143,11.41438889503479,-2.492464,7.073144,2.64316
1144,11.424842596054077,-2.482896,7.286032,2.755584
1145,11.434706687927246,-2.592928,7.479784,2.736448
1146,11.444710969924927,-2.865616,7.73812,2.700568
1147,11.45482587814331,-3.090464,8.010808,2.645552
1148,11.464684009552002,-3.212456,8.27632,2.731664
1149,11.474700689315796,-3.36076,8.470072,2.504424
1150,11.4848473072052,-3.494712,8.812128,2.36808
1151,11.494713544845581,-3.544944,9.3886,2.24848
1152,11.504290103912354,-3.377504,9.869392,2.12888
1153,11.514817953109741,-3.045016,10.075104,2.267616
1154,11.524319887161255,-2.545088,10.053576,2.482896
1155,11.534717321395874,-2.17672,10.35736,2.449408
1156,11.544808864593506,-2.181504,10.902736,2.325024
1157,11.554705381393433,-2.222168,11.474424,2.095392
1158,11.564698934555054,-2.195856,11.773424,2.023632
1159,11.574806928634644,-2.023632,11.979136,2.059512
1160,11.584690809249878,-1.920776,11.952824,2.265224
1161,11.594234466552734,-2.018848,11.916944,2.183896
1162,11.60480284690857,-2.207816,11.926512,1.994928
1163,11.614701986312866,-2.250872,11.706448,1.863368
1164,11.624689102172852,-2.052336,11.402664,1.86576
1165,11.634779930114746,-1.820312,10.893168,1.942304
1166,11.6447012424469,-1.691144,10.479352,2.26044
1167,11.654709815979004,-1.825096,10.302344,2.205424
1168,11.664944887161255,-2.219776,10.33344,2.112136
1169,11.674391746520996,-2.676648,10.6444,1.906424
1170,11.684684991836548,-3.123952,10.926656,1.927952
1171,11.69482135772705,-3.346408,11.13476,1.779648
1172,11.704256534576416,-3.255512,11.311768,1.669616
1173,11.714707851409912,-2.96608,11.452896,1.490216
1174,11.724854707717896,-2.5116,11.634688,1.444768
1175,11.734716892242432,-1.880112,11.790168,1.550016
1176,11.744693756103516,-1.174472,11.787776,1.559584
1177,11.754862546920776,-0.600392,11.725584,1.672008
1178,11.764687061309814,-0.040664,11.543792,1.748552
1179,11.774715662002563,0.535808,11.129976,1.975792
1180,11.784989356994629,0.925704,10.701808,2.119312
1181,11.794709920883179,1.301248,10.060752,2.093
1182,11.804710388183594,1.425632,9.381424,2.06908
1183,11.815027236938477,1.442376,8.797776,2.059512
1184,11.8246910572052,1.262976,8.319376,2.06908
1185,11.834695100784302,0.935272,7.895992,2.124096
1186,11.844945430755615,0.650624,7.520448,2.088216
1187,11.854686260223389,0.13156,7.209488,2.040376
1188,11.864681959152222,-0.222456,7.106632,1.7342
1189,11.875170707702637,-0.643448,7.288424,1.786824
1190,11.88472032546997,-0.758264,7.458256,2.002104
1191,11.894748210906982,-0.68172,6.575608,0.60996
1192,11.904892206192017,-2.23652,7.286032,1.743768
1193,11.914729356765747,-2.207816,7.02052,0.306176
1194,11.924703121185303,-1.68636,7.154472,0.428168
1195,11.934963464736938,-0.906568,7.663968,0.784576
1196,11.944704294204712,-0.605176,7.730944,0.650624
1197,11.95472240447998,-1.145768,7.599384,0.531024
1198,11.964965343475342,-1.535664,7.520448,0.447304
1199,11.97471833229065,-2.071472,7.46304,0.232024
1200,11.98473048210144,-2.513992,7.240584,0.117208
1201,11.994974374771118,-2.719704,7.149688,-0.026312
1202,12.004670143127441,-2.908672,7.429552,-0.186576
1203,12.014737367630005,-2.872792,7.96536,-0.248768
1204,12.024962186813354,-2.657512,8.685352,-0.19136
1205,12.034727334976196,-2.540304,9.362288,-0.136344
1206,12.0447096824646,-2.530736,9.969856,-0.02392
1207,12.055001974105835,-2.552264,10.354968,0.110032
1208,12.064388990402222,-2.73884,10.467392,0.234416
1209,12.074778079986572,-2.879968,10.682672,0.339664
1210,12.084968090057373,-3.035448,10.933832,0.289432
1211,12.094747543334961,-2.944552,11.046256,0.26312
1212,12.104698419570923,-2.602496,11.082136,0.306176
1213,12.11496376991272,-2.157584,11.220872,0.397072
1214,12.124373435974121,-1.755728,11.472032,0.602784
1215,12.134420394897461,-1.576328,11.981528,0.786968
1216,12.145090818405151,-1.688752,12.663248,0.983112
1217,12.154733657836914,-2.064296,12.775672,1.27972
1218,12.164718389511108,-2.49964,12.072424,1.47108
1219,12.174967288970947,-2.600104,11.644256,1.849016
1220,12.184715270996094,-2.353728,11.40984,2.145624
1221,12.194741487503052,-1.373008,10.594168,2.08104
1222,12.204961061477661,-0.224848,9.57996,2.552264
1223,12.214750289916992,0.798928,8.671,2.848872
1224,12.224612712860107,1.492608,8.046688,3.064152
1225,12.234957218170166,1.547624,7.886424,3.14548
1226,12.244684219360352,1.059656,8.376784,3.092856
1227,12.25472354888916,0.220064,9.302488,3.19332
1228,12.264966487884521,-0.576472,10.347792,3.344016
1229,12.274717092514038,-0.794144,11.13476,3.320096
1230,12.284680604934692,-0.404248,11.225656,2.932592
1231,12.294971227645874,0.258336,11.376352,2.879968
1232,12.304672956466675,1.277328,12.3786,3.774576
1233,12.314682483673096,1.963832,12.639328,3.721952
1234,12.324982166290283,2.090608,11.988704,3.317704
1235,12.33469271659851,2.023632,11.376352,3.401424
1236,12.34439730644226,1.951872,10.706592,3.530592
1237,12.354939699172974,1.561976,10.036832,3.8272
1238,12.364665746688843,1.05248,9.326408,3.781752
1239,12.374687194824219,0.600392,8.57532,3.678896
1240,12.384958505630493,0.043056,7.88164,3.57604
1241,12.394673585891724,-0.578864,7.30756,3.626272
1242,12.404667139053345,-1.23188,6.743048,3.430128
1243,12.414677381515503,-2.107352,6.893744,3.559296
1244,12.424654245376587,-1.978184,6.728696,2.911064
1245,12.434670686721802,-2.710136,5.877144,2.262832
1246,12.444949388504028,-2.159976,6.920056,2.923024
1247,12.454678773880005,-2.40396,7.52284,3.14548
1248,12.464679718017578,-3.167008,7.195136,2.370472
1249,12.474874496459961,-3.595176,6.812416,1.68636
1250,12.484389543533325,-3.415776,7.099456,1.860976
1251,12.494717359542847,-2.997176,7.781176,2.49964
1252,12.504712104797363,-2.635984,7.994064,2.480504
1253,12.514716863632202,-2.540304,7.96536,2.16476
1254,12.524683237075806,-2.420704,7.805096,2.011672
1255,12.53502082824707,-2.382432,7.680712,2.191072
1256,12.544690370559692,-2.183896,7.446296,2.303496
1257,12.55440354347229,-1.98536,7.489352,2.700568
1258,12.565141677856445,-1.839448,7.663968,2.860832
1259,12.57471513748169,-1.870544,7.585032,2.815384
1260,12.58469295501709,-2.274792,7.699848,2.913456
1261,12.59471845626831,-2.695784,7.64244,2.820168
1262,12.604711294174194,-3.045016,7.747688,2.95412
1263,12.614979267120361,-3.25312,7.8936,3.138304
1264,12.624967813491821,-3.3488,8.199776,3.140696
1265,12.634714365005493,-3.422952,8.403096,3.033056
1266,12.644700527191162,-3.466008,8.675784,3.021096
1267,12.654707431793213,-3.497104,9.142224,2.980432
1268,12.664716958999634,-3.403816,9.570392,2.91824
1269,12.674746990203857,-3.040232,9.730656,2.908672
1270,12.684688806533813,-2.662296,9.883744,2.913456
1271,12.69495964050293,-2.253264,10.304736,2.784288
1272,12.704724073410034,-2.214992,11.01516,2.6312
1273,12.7147376537323,-2.061904,11.68492,2.363296
1274,12.725008010864258,-1.920776,12.108304,2.219776
1275,12.734694480895996,-1.688752,12.156144,2.231736
1276,12.74502444267273,-1.655264,12.153752,2.24848
1277,12.754984140396118,-1.664832,11.967176,2.277184
1278,12.764714002609253,-1.959048,11.739936,2.210208
1279,12.774965524673462,-2.066688,11.393096,2.210208
1280,12.784950256347656,-2.061904,10.974496,2.322632
1281,12.79498815536499,-2.059512,10.386064,2.413528
1282,12.80494475364685,-2.088216,9.833512,2.42788
1283,12.81514286994934,-2.270008,9.489064,2.430272
1284,12.825003385543823,-2.662296,9.395776,2.243696
1285,12.83495831489563,-3.08568,9.644544,2.061904
1286,12.844221115112305,-3.463616,10.01052,1.755728
1287,12.855000257492065,-3.379896,10.386064,1.62656
1288,12.86496090888977,-3.021096,10.639616,1.53088
1289,12.874950408935547,-2.435056,11.012768,1.408888
1290,12.885058641433716,-1.882504,11.395488,1.341912
1291,12.894950866699219,-1.29168,11.622728,1.270152
1292,12.904967546463013,-0.7176,11.730368,1.404104
1293,12.914989709854126,-0.13156,11.617944,1.428024
1294,12.924964189529419,0.456872,11.510304,1.475864
1295,12.93498420715332,0.99268,11.15868,1.727024
1296,12.945033311843872,1.57872,10.718552,1.68636
1297,12.954961776733398,2.042768,10.096632,1.834664
1298,12.964958429336548,2.329808,9.57996,1.894464
1299,12.975019216537476,2.226952,9.046544,1.968616
1300,12.984955787658691,1.87772,8.570536,2.085824
1301,12.994709014892578,1.420848,8.226088,2.16476
1302,13.00499701499939,0.827632,7.97732,2.226952
1303,13.014981985092163,0.289432,7.850544,2.159976
1304,13.02497386932373,-0.320528,7.692672,2.11692
1305,13.035014629364014,-0.865904,7.592208,2.02124
1306,13.044757843017578,-1.332344,7.577856,1.849016
1307,13.054811477661133,-1.808352,7.709416,2.02124
1308,13.064454793930054,-1.576328,7.541976,1.30364
1309,13.075108528137207,-1.784432,7.281248,1.33952
1310,13.084422826766968,-2.05712,7.874464,1.779648
1311,13.09498405456543,-1.633736,7.974928,0.851552
1312,13.104986906051636,-1.08836,7.817056,0.401856
1313,13.114949941635132,-0.722384,7.802704,0.8372
1314,13.125004529953003,-0.619528,7.986888,1.196
1315,13.134994268417358,-0.593216,8.128016,1.097928
1316,13.144864082336426,-0.820456,8.022768,0.763048
1317,13.154360294342041,-1.215136,8.006024,0.354016
1318,13.16505765914917,-1.456728,8.080176,0.009568
1319,13.174357414245605,-1.557192,8.379176,0.050232
1320,13.184299945831299,-1.738984,8.94608,-0.014352
1321,13.194998264312744,-1.851408,9.59192,-0.004784
1322,13.205032348632812,-1.987752,10.235368,-0.124384
1323,13.215036630630493,-1.911208,10.591776,-0.069368
1324,13.225013494491577,-1.88968,10.850112,0.138736
1325,13.234933614730835,-1.896856,11.055824,0.545376
1326,13.244676113128662,-1.99732,11.283064,0.698464
1327,13.254956245422363,-2.150408,11.125192,0.887432
1328,13.26499080657959,-2.138448,10.830976,0.892216
1329,13.275040864944458,-1.908816,10.630048,0.928096
1330,13.284956932067871,-1.765296,11.029512,0.87308
1331,13.294945001602173,-1.863368,11.933688,0.889824
1332,13.305052042007446,-2.327416,12.790024,1.0764
1333,13.314956188201904,-2.939768,13.074672,1.442376
1334,13.32498025894165,-3.219632,12.658464,1.695928
1335,13.334983825683594,-2.944552,12.10352,1.923168
1336,13.344704389572144,-1.992536,11.4218,2.16476
1337,13.354971170425415,-0.614744,10.3454,2.444624
1338,13.364991188049316,0.820456,9.259432,2.877576
1339,13.374953746795654,1.94948,8.331336,3.07372
1340,13.385068655014038,2.590536,7.67832,3.13352
1341,13.394697427749634,2.533128,7.740512,3.14548
1342,13.404953241348267,1.731808,8.307416,2.992392
1343,13.415010452270508,0.698464,9.17332,2.946944
1344,13.425082921981812,-0.181792,9.886136,3.00196
1345,13.434922218322754,-0.581256,10.467392,2.99
1346,13.444931983947754,-0.172224,11.03908,2.980432
1347,13.455044746398926,0.456872,11.4816,3.09764
1348,13.46493649482727,1.059656,11.680136,2.95412
1349,13.474676132202148,1.655264,11.605984,2.8704
1350,13.484989643096924,1.832272,10.862072,2.746016
1351,13.494915962219238,1.322776,10.852504,3.760224
1352,13.504961490631104,1.081184,10.020088,3.499496
1353,13.514858484268188,0.60996,9.422088,3.547336
1354,13.52485728263855,0.31096,8.953256,3.99464
1355,13.534939527511597,0.110032,8.36004,4.025736
1356,13.544586181640625,-0.435344,7.66636,4.092712
1357,13.554877042770386,-0.930488,7.204704,3.79132
1358,13.564883470535278,-1.282112,6.680856,3.643016
1359,13.574935674667358,-1.667224,6.582784,3.681288
1360,13.584893703460693,-1.844232,6.544512,3.351192
1361,13.594889163970947,-1.904032,6.575608,3.00196
1362,13.604799509048462,-2.148016,6.85308,2.980432
1363,13.614872455596924,-2.16476,6.850688,2.743624
1364,13.625052690505981,-2.48768,7.154472,2.645552
1365,13.634249925613403,-1.887288,7.850544,2.65512
1366,13.645050048828125,-2.358512,8.147152,2.827344
1367,13.654892683029175,-2.8704,7.783568,2.238912
1368,13.664993524551392,-2.987608,7.484568,2.061904
1369,13.674738645553589,-2.70296,7.52284,2.490072
1370,13.684894561767578,-2.167152,7.888816,2.736448
1371,13.694770574569702,-1.798784,7.9534,2.801032
1372,13.704574346542358,-1.65048,7.754864,2.73884
1373,13.714910745620728,-1.904032,7.525232,2.712528
1374,13.725069999694824,-2.148016,7.49892,2.884752
1375,13.734862089157104,-2.497248,7.384104,2.997176
1376,13.744591236114502,-2.647944,7.6544,2.987608
1377,13.75493597984314,-2.765152,7.92948,2.90628
1378,13.76484990119934,-2.779504,8.314592,2.951728
1379,13.775166034698486,-2.695784,8.577712,2.96608
1380,13.785043716430664,-2.746016,8.9102,2.951728
1381,13.794801950454712,-2.746016,9.23312,2.829736
1382,13.805021524429321,-2.88236,9.661288,2.772328
1383,13.814691066741943,-2.78668,10.218624,2.743624
1384,13.82489800453186,-2.420704,10.347792,2.853656
1385,13.834938764572144,-2.126488,10.47696,2.691
1386,13.844674587249756,-2.061904,10.759216,2.549872
1387,13.854823589324951,-2.171936,11.5414,2.42788
1388,13.864994049072266,-2.24848,12.0796,2.066688
1389,13.874990940093994,-1.99732,12.192024,2.049944
1390,13.88508677482605,-1.652872,12.010232,2.093
1391,13.895149946212769,-1.497392,11.794952,2.174328
1392,13.905018091201782,-1.545232,11.536616,2.107352
1393,13.914822340011597,-1.681576,11.220872,1.992536
1394,13.924962043762207,-1.794,11.01516,1.982968
1395,13.935061693191528,-1.7342,10.60852,1.908816
1396,13.944823026657104,-1.7342,10.247328,1.81792
1397,13.954816818237305,-1.74616,10.084672,1.872936
1398,13.96498441696167,-1.990144,10.280816,1.676792
1399,13.974778413772583,-2.35612,10.742472,1.59068
1400,13.984931707382202,-2.624024,11.120408,1.538056
1401,13.994681358337402,-2.78668,11.347648,1.406496
1402,14.00507640838623,-2.554656,11.64904,1.42324
1403,14.014917373657227,-2.210208,11.897808,1.404104
1404,14.02457880973816,-1.731808,12.041328,1.365832
1405,14.034787893295288,-1.167296,12.036544,1.377792
1406,14.044851541519165,-0.547768,12.026976,1.523704
1407,14.054704427719116,0.16744,11.811696,1.564368
1408,14.064813137054443,0.894608,11.539008,1.664832
1409,14.074941158294678,1.337128,11.067784,1.760512
1410,14.084228754043579,1.628952,10.59656,1.915992
1411,14.094903945922852,1.664832,9.957896,2.10496
1412,14.104978799819946,1.492608,9.419696,2.112136
1413,14.115005731582642,1.210352,8.87432,2.14084
1414,14.124918937683105,1.035736,8.415056,2.08104
1415,14.134968042373657,0.851552,8.041904,2.126488
1416,14.144379615783691,0.588432,7.73812,2.083432
1417,14.154934883117676,0.220064,7.5348,2.0332
1418,14.164977312088013,-0.1794,7.537192,1.935128
1419,14.174663782119751,-0.600392,7.405632,1.808352
1420,14.185002326965332,-0.868296,7.36736,1.636128
1421,14.195060014724731,-1.114672,7.482176,1.502176
1422,14.204332113265991,-1.346696,7.1162,1.320384
1423,14.214975118637085,-0.710424,6.161792,-0.55016
1424,14.224981546401978,-1.798784,7.919912,2.179112
1425,14.234650373458862,-1.624168,7.286032,0.193752
1426,14.244958877563477,-1.04052,7.329088,0.138736
1427,14.255002498626709,-0.818064,7.539584,1.162512
1428,14.265086650848389,-0.361192,7.97732,1.205568
1429,14.274889707565308,-0.444912,7.972536,0.679328
1430,14.284948110580444,-1.023776,7.721376,0.284648
1431,14.295016050338745,-1.676792,7.824232,0.461656
1432,14.304805755615234,-1.954264,8.130408,0.330096
1433,14.31502103805542,-2.325024,8.50356,0.141128
1434,14.324678182601929,-2.525952,8.745152,-0.229632
1435,14.334808349609375,-2.700568,9.127872,-0.303784
1436,14.344810485839844,-2.71492,9.706736,-0.160264
1437,14.354673385620117,-2.506816,10.228192,-0.028704
1438,14.364773750305176,-2.181504,10.491312,0.02392
1439,14.374938488006592,-1.954264,10.950576,0.205712
1440,14.384672403335571,-1.880112,11.275888,0.404248
1441,14.39478325843811,-1.822704,11.412232,0.547768
1442,14.40492558479309,-1.81792,11.173032,0.851552
1443,14.414676666259766,-1.715064,11.065392,1.066832
1444,14.424973011016846,-1.621776,11.08692,1.20796
1445,14.434967756271362,-1.899248,11.766248,1.102712
1446,14.444624423980713,-2.2126,12.558,1.176864
1447,14.454890727996826,-2.525952,12.888096,1.50696
1448,14.464980125427246,-2.67904,12.531688,2.006888
1449,14.474632024765015,-2.432664,12.050896,2.456584
1450,14.484874963760376,-2.014064,11.574888,2.506816
1451,14.494933605194092,-1.181648,10.819016,2.61924
1452,14.504615545272827,-0.208104,9.563216,2.779504
1453,14.514904499053955,0.87308,8.374392,2.9302
1454,14.524901390075684,1.688752,7.663968,2.970864
1455,14.534024953842163,2.08104,7.5946,3.021096
1456,14.544846057891846,1.880112,8.16868,3.011528
1457,14.55497121810913,1.234272,8.950864,2.958904
1458,14.56462287902832,0.437736,9.742616,2.884752
1459,14.57492971420288,0.014352,10.354968,2.889536
1460,14.58498239517212,-0.004784,10.941008,2.896712
1461,14.594695806503296,0.39468,11.371568,3.056976
1462,14.60497522354126,1.188824,12.022192,3.20528
1463,14.615010976791382,1.636128,10.890776,2.226952
1464,14.624674558639526,1.729416,11.414624,3.367936
1465,14.634881973266602,1.547624,11.23044,3.56408
1466,14.644922971725464,1.0764,10.08228,3.18136
1467,14.654664039611816,0.672152,9.182888,3.38468
1468,14.664896726608276,0.519064,8.644688,3.71956
1469,14.674952983856201,0.554944,7.994064,3.855904
1470,14.684646844863892,0.198536,7.393672,3.757832
1471,14.695130348205566,-0.267904,6.939192,3.57604
1472,14.70494818687439,-0.815672,6.680856,3.413384
1473,14.71467113494873,-1.229488,6.48232,3.186144
1474,14.724775075912476,-1.265368,6.606704,2.958904
1475,14.734940528869629,-2.145624,6.281392,2.736448
1476,14.744457006454468,-1.765296,6.558864,2.504424
1477,14.754746913909912,-1.576328,7.982104,3.463616
1478,14.76493763923645,-2.169544,7.943832,2.79864
1479,14.77468204498291,-2.628808,7.453472,2.14084
1480,14.784873723983765,-2.724488,7.470216,1.96144
1481,14.795238018035889,-2.542696,7.92948,2.516384
1482,14.804695844650269,-2.363296,8.39592,2.731664
1483,14.814932584762573,-2.217384,8.350472,2.688608
1484,14.824982166290283,-2.114528,8.175856,2.5116
1485,14.834676742553711,-2.035592,7.98928,2.6312
1486,14.844923734664917,-2.030808,7.876856,2.779504
1487,14.854968309402466,-2.059512,7.888816,2.95412
1488,14.864630699157715,-2.093,7.948616,3.164616
1489,14.87477970123291,-2.148016,8.017984,3.188536
1490,14.884777307510376,-2.4518,8.1926,3.076112
1491,14.894389390945435,-2.686216,8.36004,3.128736
1492,14.904981851577759,-2.820168,8.374392,3.045016
1493,14.914944171905518,-2.78668,8.391136,3.052192
1494,14.924622297286987,-2.710136,8.577712,2.875184
1495,14.934928178787231,-2.590536,8.924552,2.848872
1496,14.944986581802368,-2.504424,9.503416,2.817776
1497,14.954614400863647,-2.34416,9.907664,2.552264
1498,14.96491265296936,-2.085824,10.158824,2.54748
1499,14.974976301193237,-1.71028,10.323872,2.671864
1500,14.984375953674316,-1.380184,10.594168,2.664688
1501,14.994950771331787,-1.248624,11.151504,2.502032
